axial trapping frequency (MHz) 	 velocity(m/s) 	 ion collided with 	 angle(rads) 	 collision offset(m) 	 reorder? (1 is reorder 2 is ejection) 
6283185.307179586	752.6526526526527	9	1.1501185315931592	1.783429829112641e-09	2
6283185.307179586	1385.7357357357357	1	1.5267181113770913	-1.265063752040069e-09	2
6283185.307179586	1740.5405405405406	10	1.3627154292082113	-3.696623139161397e-10	1
6283185.307179586	703.9539539539539	6	-0.7490272824715735	1.9130940771635646e-10	2
6283185.307179586	683.0830830830831	2	0.32236235261443835	-5.319963364925756e-10	2
6283185.307179586	1914.4644644644645	5	0.3475103058569171	9.174796672286265e-10	1
6283185.307179586	1594.4444444444446	2	-0.6143535979401699	-2.2399120591148361e-10	1
6283185.307179586	2220.5705705705705	5	-0.6755488314708281	-4.952257692930955e-10	1
6283185.307179586	2283.1831831831832	7	-1.5292054840783351	8.41729759432882e-10	1
6283185.307179586	662.2122122122122	1	-0.6359339696734891	-1.6622986877569894e-09	2
6283185.307179586	1392.6926926926926	7	-0.6298312105922527	1.430532322119008e-09	1
6283185.307179586	1573.5735735735736	3	1.472346804741818	2.863807535630621e-11	1
6283185.307179586	2811.911911911912	4	-0.612174016237499	-1.9196926067942573e-09	1
6283185.307179586	1705.755755755756	2	1.1672513020406297	-1.0521619013824535e-09	2
6283185.307179586	1142.2422422422424	5	-0.360959935401854	-1.7748897216534522e-09	1
6283185.307179586	1330.08008008008	3	1.2030899964546018	1.9956334510158054e-09	1
6283185.307179586	1072.6726726726727	5	0.5856919264392002	1.798886017705239e-09	1
6283185.307179586	1796.1961961961963	1	-1.067972429987282	-3.8013481978733577e-10	1
6283185.307179586	2234.4844844844847	4	1.4488555794855156	-1.5864399765824802e-09	1
6283185.307179586	1622.2722722722724	9	1.0822138678901427	-7.910520657062961e-10	1
6283185.307179586	1420.5205205205204	7	-1.4720294677135612	1.3142547221798166e-09	1
6283185.307179586	2491.891891891892	2	-0.6363277637193707	-1.3331991261777084e-09	1
6283185.307179586	1510.960960960961	8	-0.3421569404553495	-9.562484249036066e-10	1
6283185.307179586	641.3413413413414	9	0.8651407531275477	3.284250307938207e-10	1
6283185.307179586	2102.3023023023025	7	1.1742758204695782	1.5766547398799578e-09	1
6283185.307179586	1615.3153153153153	8	0.14176766870326563	4.4185811672756003e-10	2
6283185.307179586	1990.9909909909911	6	0.7576606548731215	2.0857378871651095e-10	1
6283185.307179586	1163.113113113113	5	0.40913724851784106	-6.625529292121532e-10	1
6283185.307179586	2415.3653653653655	5	-0.037672746184499895	-1.8541611232610082e-09	1
6283185.307179586	592.6426426426426	7	0.9432511227070193	-1.19490042210535e-09	1
6283185.307179586	1211.8118118118118	1	1.412025396959388	9.413984088059998e-10	2
6283185.307179586	2088.388388388388	1	0.7536667360884941	-1.5684893323517098e-09	1
6283185.307179586	2046.6466466466468	6	1.189171918542613	5.369860439537496e-10	1
6283185.307179586	1601.4014014014015	5	-1.3377302332429797	7.067330552410853e-10	1
6283185.307179586	2088.388388388388	4	1.3792608302420133	1.3226731768565743e-09	1
6283185.307179586	1733.5835835835837	10	1.2006184545754675	-6.356191563358663e-10	2
6283185.307179586	3674.574574574575	6	1.5288455993614671	1.8606220660726677e-09	1
6283185.307179586	1274.4244244244244	8	1.5688438669064455	-2.0169528478001858e-10	1
6283185.307179586	2144.0440440440443	8	1.0019821510354503	-7.992556279308848e-11	1
6283185.307179586	2220.5705705705705	9	1.3196541008249874	-1.346052722790637e-09	1
6283185.307179586	1657.0570570570571	5	-1.4045530435122664	-1.3343600424230888e-09	1
6283185.307179586	1594.4444444444446	7	-0.32829517581572487	1.5160375415879707e-09	1
6283185.307179586	1531.8318318318318	2	0.5526316010909129	1.5639421348464314e-10	1
6283185.307179586	1517.917917917918	1	0.3714428292480849	8.423525979842325e-10	1
6283185.307179586	655.2552552552553	10	-0.834054968862208	-4.882326101957065e-10	1
6283185.307179586	2331.881881881882	9	1.430611792962324	1.7385988413427813e-09	2
6283185.307179586	1260.5105105105106	4	0.234896625770457	-1.9289048475328984e-09	1
6283185.307179586	2032.7327327327328	5	1.254067783911076	1.4017520543032056e-09	1
6283185.307179586	1559.6596596596596	5	0.5982351226484943	1.644910657693214e-09	1
6283185.307179586	4091.991991991992	10	-0.5248334799903422	-1.7370812079279376e-09	1
6283185.307179586	926.5765765765766	7	-0.9819940467166897	1.4738261467537393e-09	1
6283185.307179586	926.5765765765766	8	-1.5246473958554867	4.181176680460972e-10	2
6283185.307179586	1559.6596596596596	2	-0.21287350263564186	-1.524757817374562e-09	1
6283185.307179586	3152.802802802803	4	-0.24584580692628277	7.817206807243424e-10	1
6283185.307179586	1935.3353353353355	1	-1.400516028944219	-3.593774874349475e-11	2
6283185.307179586	1107.4574574574574	2	1.5069980334232786	-1.1962791333732646e-09	1
6283185.307179586	2130.13013013013	6	0.9964351611577724	8.181784190118283e-10	1
6283185.307179586	1566.6166166166167	6	0.7743650864956124	1.8355538780513385e-09	1
6283185.307179586	982.2322322322323	5	-0.03181737001549023	-9.337384488536032e-10	1
6283185.307179586	1977.077077077077	10	-1.440561406005464	-2.0823184911668896e-10	2
6283185.307179586	1204.854854854855	5	1.300557612952705	-1.1930423127447606e-09	2
6283185.307179586	857.007007007007	1	0.03224158645788111	-1.7742976984437722e-10	2
6283185.307179586	432.63263263263264	10	-1.1767187347854882	-6.168577816539904e-10	1
6283185.307179586	1225.7257257257259	1	0.16783761260756003	-2.0208215603221405e-10	2
6283185.307179586	2930.1801801801803	4	0.03986537064446338	1.8376813624268065e-09	1
6283185.307179586	710.910910910911	2	0.3048130501366513	6.235014481314699e-10	1
6283185.307179586	2791.041041041041	7	1.4224198592398603	1.204500706615714e-09	2
6283185.307179586	1921.4214214214214	1	-1.4609436789936356	5.765246099410891e-10	1
6283185.307179586	2644.944944944945	8	-0.24279586063512704	8.51441068260785e-11	2
6283185.307179586	933.5335335335336	10	-0.6005355870230649	1.575277014653614e-09	1
6283185.307179586	1211.8118118118118	7	0.7415083234252378	-6.532093064568493e-10	1
6283185.307179586	1817.0670670670672	2	0.7183090378625536	9.273292431475065e-10	1
6283185.307179586	2227.5275275275276	9	1.4191106359390186	1.5261423133062335e-09	2
6283185.307179586	2686.6866866866867	9	-0.4425444568450283	1.324559305720001e-09	1
6283185.307179586	1879.6796796796798	7	0.48216351740488284	3.383492076969118e-10	1
6283185.307179586	1559.6596596596596	6	0.49723112052607155	9.115295356972038e-10	1
6283185.307179586	2512.762762762763	9	0.006594252230105235	6.095186026319321e-10	1
6283185.307179586	1851.851851851852	6	0.23394804717236384	2.5652643714572397e-10	1
6283185.307179586	1343.993993993994	9	0.0857823053887461	7.203371650631818e-10	1
6283185.307179586	2060.5605605605606	7	-0.09350023356760673	4.045165408790482e-10	1
6283185.307179586	1984.034034034034	9	-0.5174135796186632	-1.9556849188334855e-09	1
6283185.307179586	1197.897897897898	9	-0.5937924697219383	-6.663071246703628e-10	1
6283185.307179586	1921.4214214214214	2	-0.7238727258175723	1.796588056796016e-09	1
6283185.307179586	2255.3553553553556	5	-0.9499268289849355	-4.567571829257116e-10	2
6283185.307179586	2617.1171171171172	6	0.9781966078387141	4.4619407629650774e-10	2
6283185.307179586	1010.0600600600601	9	-1.1234233194048744	-1.7930618842668064e-09	1
6283185.307179586	543.943943943944	2	1.3704592688259156	3.904448127713626e-11	2
6283185.307179586	2199.6996996997	8	1.263519041674554	-3.873876650058584e-10	2
6283185.307179586	989.1891891891892	1	0.6951567159052012	-1.6280531907203055e-09	1
6283185.307179586	690.04004004004	6	0.9092088011867903	1.1814014822023387e-10	1
6283185.307179586	1170.0700700700702	7	0.6087330400918356	1.0541355838813874e-09	1
6283185.307179586	1733.5835835835837	2	0.29443851150643896	1.9213232555708773e-09	1
6283185.307179586	3278.028028028028	2	0.35788564860183225	-8.82488405851765e-10	1
6283185.307179586	1698.7987987987988	7	0.40460074834338244	6.150130334758874e-10	1
6283185.307179586	1309.2092092092093	2	-0.15785853803343874	1.1981897626455653e-09	1
6283185.307179586	1017.017017017017	1	-1.1768195277249114	1.4763568443727708e-09	1
6283185.307179586	1942.2922922922924	2	-1.0846165774269667	5.70784546674093e-10	2
6283185.307179586	996.1461461461462	1	-1.323073051660576	-7.019243441238553e-10	2
6283185.307179586	1601.4014014014015	5	0.17413843578776222	-4.89861166549085e-10	1
6283185.307179586	2686.6866866866867	8	-0.5352448164009924	1.7407418681759321e-09	1
6283185.307179586	1733.5835835835837	3	0.8071282736704655	-1.27790261181358e-09	1
6283185.307179586	2575.3753753753754	10	-0.7519993653524526	-1.7256853666650773e-09	1
6283185.307179586	1733.5835835835837	1	-0.8150096334519212	1.5598189157548825e-09	1
6283185.307179586	1997.947947947948	3	0.3714370239322198	-5.453917288356097e-10	1
6283185.307179586	1010.0600600600601	4	1.124405269582712	-5.08484869514583e-11	2
6283185.307179586	2464.064064064064	1	1.0488535915095376	-1.813028031612657e-09	1
6283185.307179586	1441.3913913913914	6	0.12292889237165094	-1.3406152722155374e-09	1
6283185.307179586	1775.3253253253254	3	-0.6068907689640534	-7.1707660583365e-10	1
6283185.307179586	3284.984984984985	6	0.6951012255948328	8.336506622929992e-10	1
6283185.307179586	1789.2392392392394	7	0.6836006298219441	-7.641124336873088e-10	1
6283185.307179586	968.3183183183183	3	-1.1969459726054406	-1.7093294774969913e-09	2
6283185.307179586	905.7057057057058	4	1.1943022611073015	-1.5510930655722764e-09	1
6283185.307179586	1830.980980980981	1	-0.47147268916645113	1.5767415680304985e-09	1
6283185.307179586	2262.3123123123123	8	0.8892001122730022	-7.823147756623788e-10	1
6283185.307179586	2109.259259259259	5	-0.06668657048940285	1.916442111234716e-09	1
6283185.307179586	1997.947947947948	6	-0.8548743745650537	1.3982137926152829e-09	1
6283185.307179586	919.6196196196197	3	-1.4500490382177385	7.738971058143025e-11	2
6283185.307179586	2338.838838838839	8	-0.4572596632383674	-1.0334117293485834e-09	1
6283185.307179586	857.007007007007	6	1.1685225023548802	-6.896843755883512e-10	2
6283185.307179586	2888.4384384384384	2	-0.35825293427657656	1.0820241275869164e-09	1
6283185.307179586	1183.983983983984	1	-1.0611480557169306	-9.54237196178065e-10	2
6283185.307179586	1079.6296296296296	10	0.2985313206758031	-1.2493305587789965e-09	1
6283185.307179586	1065.7157157157158	3	0.5746083473374997	1.1958946044409399e-09	1
6283185.307179586	2359.70970970971	7	-0.4565602495291705	6.762083716960553e-10	1
6283185.307179586	919.6196196196197	8	0.558627857223112	6.795090628946964e-10	1
6283185.307179586	2658.858858858859	8	-1.540999867845992	-1.6336325524256845e-09	1
6283185.307179586	411.76176176176176	6	1.0788899489441448	-9.036569904645157e-10	1
6283185.307179586	1093.5435435435436	1	0.27757782695877586	8.223060958914053e-10	1
6283185.307179586	2644.944944944945	7	-1.2086216633355862	7.876491753873737e-10	1
6283185.307179586	1406.6066066066066	3	-0.8360707304882723	6.981890867394157e-10	1
6283185.307179586	1218.7687687687687	10	0.04153686328275219	1.664623165553133e-10	2
6283185.307179586	2471.021021021021	9	-1.2364184726479055	-1.0696294478879597e-10	2
6283185.307179586	1385.7357357357357	9	0.13878590757721532	1.3405941730708708e-09	1
6283185.307179586	2060.5605605605606	5	-1.1128801664684915	-5.699002394921404e-10	2
6283185.307179586	2116.2162162162163	3	-1.0769744628322846	-1.6342637428887083e-09	1
6283185.307179586	2665.8158158158158	7	-0.43936854093905064	-8.855231622217216e-10	1
6283185.307179586	1664.014014014014	1	-0.299582515277971	1.3697611260947702e-09	1
6283185.307179586	989.1891891891892	4	-1.499402099314206	1.9076638269068622e-09	1
6283185.307179586	3347.5975975975975	6	0.6206243542696455	1.8999740084512647e-09	1
6283185.307179586	2380.5805805805808	7	-0.1639883040689789	-6.680187166060279e-11	2
6283185.307179586	2025.7757757757759	1	-0.7829448578051379	-1.1019951755884152e-09	1
6283185.307179586	1844.8948948948948	5	0.9109851007617218	-4.790055530997605e-10	2
6283185.307179586	1448.3483483483483	10	-0.8116416969812147	-6.83131912965114e-11	2
6283185.307179586	1211.8118118118118	7	0.2302667072681739	-4.197408246703951e-10	1
6283185.307179586	1197.897897897898	6	-0.5639655762134141	7.519684480993947e-10	1
6283185.307179586	1587.4874874874874	8	-0.27728620302905926	-1.3402750133429857e-09	1
6283185.307179586	1135.2852852852852	6	-1.0395078547798486	9.989790892660833e-10	1
6283185.307179586	2547.5475475475478	5	0.1756069639515052	-1.6972911684689326e-09	1
6283185.307179586	2164.914914914915	5	0.20962537439813356	1.8043700253319026e-09	1
6283185.307179586	2519.7197197197197	2	-1.4898720320335028	1.8637081709852564e-09	2
6283185.307179586	2164.914914914915	3	-0.0632018857517389	-1.6549244703960483e-09	1
6283185.307179586	1650.1001001001002	5	-0.3318583156584387	2.74643968904163e-10	1
6283185.307179586	1469.2192192192192	6	1.1954583833650907	8.30235454287833e-10	1
6283185.307179586	1406.6066066066066	6	0.757835377108993	2.7646800594998435e-10	1
6283185.307179586	1531.8318318318318	8	-1.2351983193608866	-4.847960742866756e-10	2
6283185.307179586	2359.70970970971	3	0.6957051696867853	-6.755118739367884e-10	1
6283185.307179586	4697.247247247247	1	-1.2383817992582435	-1.921390362418715e-09	1
6283185.307179586	891.7917917917919	9	0.5292012630471059	7.871353819262165e-10	1
6283185.307179586	2464.064064064064	4	0.8371188733060224	4.895383531814481e-10	2
6283185.307179586	2429.2792792792793	2	-1.4072424513470239	-1.8384985055293886e-09	1
6283185.307179586	1566.6166166166167	10	1.2584866501608203	-1.3313097521722242e-09	1
6283185.307179586	2199.6996996997	4	1.4526059055626268	1.6793586395055168e-09	1
6283185.307179586	1970.1201201201202	6	-1.0153933361621852	1.5277661380469548e-09	1
6283185.307179586	2742.3423423423424	2	-1.0168410590515244	3.7487326529587003e-10	1
6283185.307179586	2088.388388388388	10	-0.6414136643249753	-1.2679276099845246e-09	1
6283185.307179586	2004.904904904905	2	-0.8795054907563905	1.2729576588287987e-10	1
6283185.307179586	1622.2722722722724	4	1.3543867741004654	1.0875291648908797e-10	1
6283185.307179586	2262.3123123123123	2	-1.069210072138484	1.3585907552735736e-09	1
6283185.307179586	3257.157157157157	8	-1.001681978529167	-9.076922583744432e-10	1
6283185.307179586	2206.6566566566567	7	0.5126795448904553	1.6330891020524393e-09	1
6283185.307179586	432.63263263263264	1	-0.5881639388222393	1.5798751685480866e-09	1
6283185.307179586	1858.8088088088089	1	0.04084350403410042	1.7732489592034248e-09	1
6283185.307179586	1552.7027027027027	8	1.2532565763584373	1.7682049570102995e-09	1
6283185.307179586	1246.5965965965966	1	-0.5452375747589853	1.1888130285103199e-09	1
6283185.307179586	2004.904904904905	7	-0.018403044056241713	1.8788269061923267e-09	1
6283185.307179586	745.6956956956957	8	0.47332437770951996	-1.391355334631154e-09	1
6283185.307179586	3458.908908908909	6	-1.2774361108527312	-1.5146716695259609e-09	1
6283185.307179586	1086.5865865865867	8	-1.4151287628859421	1.434354271501365e-09	1
6283185.307179586	1441.3913913913914	8	1.471411328635341	1.268961259603529e-09	1
6283185.307179586	1977.077077077077	8	0.08187821928714056	1.9872441607760255e-09	1
6283185.307179586	1163.113113113113	10	0.4288610785279898	-1.9202093810788305e-09	1
6283185.307179586	3806.7567567567567	2	0.6759762489867946	-3.531169841327109e-10	2
6283185.307179586	2304.054054054054	3	0.6539576274913697	6.766405279002417e-11	1
6283185.307179586	1851.851851851852	7	0.9608929886797157	-2.4473815610064867e-10	2
6283185.307179586	2199.6996996997	2	0.23735960632629372	3.003995413298305e-10	2
6283185.307179586	2471.021021021021	6	-0.4445241665681434	-1.2687759683431927e-09	1
6283185.307179586	3118.018018018018	10	-1.4982765563494116	-2.0845824699714617e-10	1
6283185.307179586	1726.6266266266266	4	-0.7665493511466325	1.324508671057897e-09	1
6283185.307179586	919.6196196196197	7	1.5537518912018267	-1.0534297531044108e-09	1
6283185.307179586	2283.1831831831832	5	-1.1600530107078946	-9.65103224504079e-10	1
6283185.307179586	3493.6936936936936	4	-0.8231575182109828	-1.7852312875964516e-09	1
6283185.307179586	2944.094094094094	5	-0.5926085882034663	1.3394713608486976e-09	1
6283185.307179586	1190.940940940941	6	-1.2590461702938345	5.239888169003066e-10	1
6283185.307179586	1051.801801801802	4	-0.8912347250833508	-1.8796647889606915e-09	1
6283185.307179586	2283.1831831831832	9	-0.8216045706051336	-1.8305193228808294e-09	1
6283185.307179586	2429.2792792792793	1	0.8710776655684098	1.4268359535850078e-09	1
6283185.307179586	1177.027027027027	4	-1.1395396222135723	1.45364562897921e-09	1
6283185.307179586	2317.967967967968	4	-0.07080327983977908	1.9013027913111717e-09	1
6283185.307179586	1177.027027027027	7	-0.47558532290567834	1.012321222131753e-09	1
6283185.307179586	1761.4114114114116	5	-1.0960555986527671	1.825956217592056e-09	1
6283185.307179586	1573.5735735735736	10	0.37232145648598824	-1.1318850951744942e-09	1
6283185.307179586	1225.7257257257259	1	1.131797322424244	-3.3857881317355117e-10	2
6283185.307179586	641.3413413413414	6	1.373133446151392	-1.161255657717018e-09	1
6283185.307179586	815.2652652652653	1	1.5104648317409475	-9.744482974468648e-10	2
6283185.307179586	975.2752752752752	9	1.0526914301104409	-1.4678232963101345e-09	1
6283185.307179586	3479.77977977978	7	1.3184269149131005	-5.429810612658685e-10	2
6283185.307179586	606.5565565565565	6	-0.6094661838971207	-1.765358141161342e-09	1
6283185.307179586	780.4804804804805	2	-0.3643630723342923	-8.704154419091715e-10	2
6283185.307179586	1037.887887887888	2	0.23396170865047194	5.31924843683836e-10	1
6283185.307179586	836.1361361361362	4	-0.008347927299134694	1.8168279537299352e-09	1
6283185.307179586	2297.097097097097	4	1.152014342634211	1.994792056961797e-09	1
6283185.307179586	2853.6536536536537	1	0.12001901973117923	7.622075544617875e-10	1
6283185.307179586	843.0930930930931	3	0.15083925168856127	-1.0411547071481012e-09	1
6283185.307179586	1740.5405405405406	3	-1.3700946974836383	1.0454154831090311e-09	2
6283185.307179586	648.2982982982983	1	0.5821879280318645	-1.8474488745736158e-09	1
6283185.307179586	3500.6506506506507	5	1.2194862027882358	1.5090858120899814e-09	1
6283185.307179586	1803.1531531531532	4	1.3248990394311755	1.1403668732135766e-09	2
6283185.307179586	2304.054054054054	6	0.7065105720530451	1.5032078730677693e-09	1
6283185.307179586	2686.6866866866867	5	0.6975635240437885	-1.6574746301938967e-09	1
6283185.307179586	1483.1331331331332	8	0.47371585796998783	-5.959490952944538e-10	1
6283185.307179586	843.0930930930931	5	1.5228603174386914	1.500892449117668e-10	1
6283185.307179586	1664.014014014014	9	-0.25885247333670836	1.9700613436525573e-09	1
6283185.307179586	1803.1531531531532	6	-0.45476747464123646	1.940629678917902e-09	1
6283185.307179586	2088.388388388388	10	-0.9078848182977457	9.826774877889222e-10	1
6283185.307179586	3396.2962962962965	5	-0.1957038182405504	4.322041027507452e-12	1
6283185.307179586	1754.4544544544544	9	0.04045410436712249	5.893284538122207e-10	1
6283185.307179586	863.963963963964	10	-0.14354018203977525	1.889753836579013e-09	1
6283185.307179586	1093.5435435435436	5	-0.1853097764295195	3.891573234875713e-10	1
6283185.307179586	2102.3023023023025	3	0.7883342760481207	-2.195405215146927e-10	1
6283185.307179586	1510.960960960961	10	-1.4643726609915177	2.9786568618468604e-10	2
6283185.307179586	2505.805805805806	6	1.0443193107582918	1.0839627818134984e-09	1
6283185.307179586	1865.7657657657658	4	1.409739819467251	-1.1528944545364143e-09	2
6283185.307179586	961.3613613613613	5	1.2877728073707946	-2.4082455232468834e-12	1
6283185.307179586	3326.7267267267266	4	-0.2829220605124514	1.7082864463162986e-09	1
6283185.307179586	1573.5735735735736	4	1.5397799482014998	1.0205953150297002e-09	1
6283185.307179586	3570.22022022022	5	1.0529753134765634	1.9682924955760445e-09	1
6283185.307179586	2366.6666666666665	2	0.27738585861673704	1.4004354497569975e-10	1
6283185.307179586	2178.828828828829	5	-1.1675920103729125	7.994201265332332e-10	1
6283185.307179586	1079.6296296296296	9	0.8414341112088182	3.7823148454645867e-10	1
6283185.307179586	1914.4644644644645	4	0.5918821795680667	-4.999185824983338e-10	2
6283185.307179586	1914.4644644644645	6	-1.4398253425508565	-7.363202934024673e-10	2
6283185.307179586	683.0830830830831	1	-0.8115185847593963	1.4157709820224878e-09	1
6283185.307179586	2373.6236236236236	3	1.2504611404787487	-1.2113139526553197e-09	1
6283185.307179586	3083.2332332332335	7	-1.1203564782781683	-3.257299653384e-11	2
6283185.307179586	1566.6166166166167	9	0.47007787500704756	-3.041618060757432e-10	2
6283185.307179586	2610.16016016016	1	-1.1305726080214349	4.337955554012211e-10	2
6283185.307179586	1615.3153153153153	6	-0.8543927594409289	7.765226434960647e-10	1
6283185.307179586	1246.5965965965966	7	0.9798100312901235	6.207041055747943e-10	1
6283185.307179586	1128.3283283283283	8	-1.134512212214616	1.4176659469431107e-09	2
6283185.307179586	1517.917917917918	5	-0.8188784758845497	-1.2590575446163924e-09	1
6283185.307179586	836.1361361361362	7	-1.34818278033523	1.2838715733416978e-09	2
6283185.307179586	3549.3493493493493	6	-0.45913622523455033	-7.345847876661566e-10	1
6283185.307179586	1782.2822822822823	1	1.2813795075647683	-1.779701884211769e-09	1
6283185.307179586	1246.5965965965966	3	0.7662764339401229	1.6752188824022598e-10	1
6283185.307179586	1851.851851851852	6	-1.374813981824447	-1.338371896255132e-09	1
6283185.307179586	1371.821821821822	3	-0.1596333484676853	1.4282706084444204e-09	1
6283185.307179586	2297.097097097097	6	-0.33080407485501495	5.14182658054469e-10	1
6283185.307179586	1128.3283283283283	6	-0.3379688487130048	1.915958959545921e-09	1
6283185.307179586	2526.676676676677	3	-0.1298825332187754	1.3919112038670594e-10	1
6283185.307179586	1079.6296296296296	5	0.9189678951666074	8.812719952668643e-10	1
6283185.307179586	1316.1661661661662	6	0.02825353812275999	-1.219225107013807e-09	1
6283185.307179586	1497.047047047047	6	0.75329488924468	1.8143410850576139e-09	1
6283185.307179586	1782.2822822822823	3	-0.41514590656510286	1.0565823050007303e-09	1
6283185.307179586	843.0930930930931	9	0.35145624437100587	8.893663934690185e-11	2
6283185.307179586	982.2322322322323	1	-0.3980052856789962	6.101380247346391e-10	1
6283185.307179586	1872.7227227227227	1	1.185832689921154	-1.7780176223552152e-09	1
6283185.307179586	3055.4054054054054	5	-0.8899076040890507	8.305598726620468e-10	1
6283185.307179586	787.4374374374374	10	-1.3146475221711493	1.7288830195362107e-09	2
6283185.307179586	857.007007007007	6	-0.3001525411362609	1.4855238295392819e-09	1
6283185.307179586	3563.2632632632635	3	0.5841710661658182	-6.32128673347419e-10	1
6283185.307179586	2679.72972972973	5	0.33992517731313865	1.2575478470828882e-09	1
6283185.307179586	2380.5805805805808	9	-0.17550733207163782	1.4689770336665395e-09	1
6283185.307179586	1796.1961961961963	5	-0.11634038877767816	1.3601755620054851e-10	2
6283185.307179586	300.4504504504505	1	-0.7774122066925445	9.334283177210708e-11	1
6283185.307179586	2429.2792792792793	2	-0.8938063772099607	-1.5029021895529838e-09	1
6283185.307179586	2408.4084084084084	6	1.0657074688929535	1.957517710502312e-10	1
6283185.307179586	1267.4674674674675	8	-0.3843593253179516	-9.591727884379574e-10	1
6283185.307179586	1719.6696696696697	5	1.1191730622474356	1.1432162225640008e-09	1
6283185.307179586	1719.6696696696697	9	-0.7586464330115186	9.265322605114121e-10	1
6283185.307179586	2004.904904904905	6	1.2405278084505986	-8.447469628245626e-10	1
6283185.307179586	676.1261261261261	10	-0.27135516359583534	-1.7930458760415468e-09	1
6283185.307179586	2144.0440440440443	1	-0.2921145345336722	-1.406346655321856e-09	1
6283185.307179586	1337.0370370370372	10	1.532336999123503	5.933417749315798e-10	1
6283185.307179586	1232.6826826826828	6	-1.0210162029425922	1.88150056225595e-10	1
6283185.307179586	1977.077077077077	10	0.6044581959593764	9.813639006943788e-10	1
6283185.307179586	2679.72972972973	3	-1.4418835019963352	-1.948203240505135e-09	2
6283185.307179586	1698.7987987987988	9	0.9899802247595577	8.262687007367506e-10	2
6283185.307179586	2547.5475475475478	6	1.1913253053083803	3.847301813321336e-10	2
6283185.307179586	2679.72972972973	4	1.2602633123135063	1.9904172685911417e-09	1
6283185.307179586	2220.5705705705705	1	1.2069261361762234	3.9632919863116515e-10	2
6283185.307179586	1490.0900900900901	6	-0.09503101092949007	-7.342350005727992e-10	1
6283185.307179586	3111.061061061061	4	0.8981835116079577	-2.4597763024845383e-10	2
6283185.307179586	1309.2092092092093	7	1.156998515669684	1.7871416605575533e-09	1
6283185.307179586	641.3413413413414	1	-0.8781769483541086	5.783842542784485e-10	1
6283185.307179586	1295.2952952952953	5	-0.6168435900175641	8.33810194061242e-10	1
6283185.307179586	2164.914914914915	2	-0.6088267449939466	1.5993686064082443e-09	1
6283185.307179586	3243.2432432432433	8	-1.0399386658250824	-1.6360084870967972e-10	1
6283185.307179586	3584.1341341341345	9	-0.4202225653511631	-6.283581570711974e-10	1
6283185.307179586	3375.4254254254256	7	-1.0086448362307956	1.674816649421697e-09	1
6283185.307179586	1274.4244244244244	3	0.6218022155642737	-8.580495306741668e-10	1
6283185.307179586	1636.1861861861862	10	-0.011155726595312832	-1.3452211893103966e-09	1
6283185.307179586	2164.914914914915	3	-1.3376662843767946	-7.641580033765196e-10	2
6283185.307179586	3632.832832832833	2	0.8602021928164549	1.1287930599943642e-09	1
6283185.307179586	1977.077077077077	3	-0.952963561830246	-1.3493408373098817e-09	1
6283185.307179586	1977.077077077077	10	-1.3623438140436561	-7.00904810753702e-10	2
6283185.307179586	1232.6826826826828	10	1.406577843653869	1.032424694265007e-09	1
6283185.307179586	2067.5175175175173	5	0.3996298759842236	1.6554395076055743e-09	1
6283185.307179586	1677.927927927928	7	-0.194094485958759	-9.429316213511552e-10	1
6283185.307179586	1510.960960960961	4	0.44234883042853124	-1.210577758255735e-10	1
6283185.307179586	1705.755755755756	7	0.36600489063814434	-1.831554734761987e-09	1
6283185.307179586	975.2752752752752	4	-0.24687820680729566	2.2698049424051234e-10	1
6283185.307179586	1691.8418418418419	5	0.377091011576689	-1.4407927482734962e-09	1
6283185.307179586	2359.70970970971	5	0.7684567204934374	3.6467917002423003e-10	1
6283185.307179586	794.3943943943945	2	0.8987201870548778	-1.4944326565977665e-10	2
6283185.307179586	2116.2162162162163	7	0.3707531991560522	1.8848305440570905e-09	1
6283185.307179586	1427.4774774774776	9	1.0229490707152755	-6.047034999019618e-10	1
6283185.307179586	2519.7197197197197	8	0.008557990922345438	-3.822398804996725e-10	1
6283185.307179586	2985.835835835836	5	-0.3405980782522664	1.5519980843133794e-09	1
6283185.307179586	1559.6596596596596	4	-0.650058413595314	-8.981750874057481e-10	1
6283185.307179586	1142.2422422422424	6	0.6188492523522164	1.8266320325045098e-09	1
6283185.307179586	2171.871871871872	6	0.012954373805040387	9.110916922173882e-10	1
6283185.307179586	1455.3053053053054	1	-0.4545223718887961	-1.0973140639393378e-09	1
6283185.307179586	557.8578578578579	7	0.6227569967437336	8.52028460640786e-10	2
6283185.307179586	1921.4214214214214	6	0.6423671522934309	-1.4609278504170529e-09	1
6283185.307179586	1121.3713713713714	5	0.9134340743717391	-9.404532628722549e-10	1
6283185.307179586	3250.2002002002005	10	-0.20826061023386755	3.635018548795306e-10	2
6283185.307179586	2610.16016016016	8	-0.713694350579451	-1.6333411222778255e-09	1
6283185.307179586	1065.7157157157158	9	0.9154908064478624	-1.1778884227625222e-09	1
6283185.307179586	2311.011011011011	4	0.7415824720382025	-1.1943631597772916e-09	1
6283185.307179586	1121.3713713713714	1	-1.4730388611918284	-7.2565062263261494e-12	1
6283185.307179586	940.4904904904905	8	0.42607521242711743	-4.7193042417847e-10	1
6283185.307179586	1434.4344344344345	2	0.8807891654124096	-1.7864776929057036e-09	1
6283185.307179586	989.1891891891892	9	1.4182773799622144	9.301460583162622e-10	1
6283185.307179586	2686.6866866866867	5	1.3889465545997828	7.504318033744163e-10	2
6283185.307179586	2561.4614614614616	4	-0.4301014108493386	-5.829574018488502e-10	1
6283185.307179586	3013.6636636636636	9	-1.4467956109696472	1.874967746603534e-09	2
6283185.307179586	794.3943943943945	4	-1.5691612086132385	-1.8727715777942864e-09	1
6283185.307179586	2269.2692692692694	9	-0.4897704786600181	9.727205887376854e-10	1
6283185.307179586	1538.788788788789	8	-1.468908801945282	2.2277561520259467e-11	1
6283185.307179586	3208.4584584584586	10	0.27636359852471504	8.341602054999268e-10	1
6283185.307179586	1183.983983983984	5	1.0727736562214387	1.7091708864794488e-10	2
6283185.307179586	1782.2822822822823	10	-1.1837529243192837	-8.918760294867255e-10	1
6283185.307179586	1670.970970970971	10	-0.7438363650495184	-3.662729107679232e-10	2
6283185.307179586	2359.70970970971	2	-1.3392093388691366	6.684987992557314e-10	1
6283185.307179586	815.2652652652653	9	-0.7720279389460634	7.302810536566872e-10	1
6283185.307179586	1921.4214214214214	5	-0.9841071109261114	1.4932336973024629e-09	1
6283185.307179586	843.0930930930931	10	0.36562659516142304	-1.3125609101689878e-09	1
6283185.307179586	961.3613613613613	1	1.3559871464949609	-8.50500288267507e-10	2
6283185.307179586	2491.891891891892	2	-0.9054597856347792	-4.6543756660308555e-10	2
6283185.307179586	1072.6726726726727	6	1.180928914829722	7.532528394595556e-10	2
6283185.307179586	3257.157157157157	5	-0.13618499310076815	-1.7633537690697923e-09	1
6283185.307179586	1789.2392392392394	5	-0.9877648744964123	-1.232892824679864e-10	1
6283185.307179586	592.6426426426426	5	1.3775218309565571	6.26172577369284e-10	1
6283185.307179586	2401.4514514514517	4	0.1548639736639017	-1.5223651913535544e-10	2
6283185.307179586	1615.3153153153153	4	1.2142799266406072	3.705195016680853e-10	2
6283185.307179586	1337.0370370370372	3	1.426621723130948	-2.622964987574456e-10	2
6283185.307179586	2443.193193193193	1	-1.3466869267556965	1.5513258981230203e-09	1
6283185.307179586	2004.904904904905	9	1.1434006320021215	-1.9600539674586615e-09	1
6283185.307179586	2700.6006006006005	10	1.4551495980522278	1.2067803750007275e-09	2
6283185.307179586	1691.8418418418419	2	0.03893188718773799	-4.790087708811662e-11	1
6283185.307179586	2554.5045045045044	1	0.7071102815949977	-1.3901320956714419e-11	2
6283185.307179586	1086.5865865865867	10	1.0585602229600126	1.1834241757295738e-09	2
6283185.307179586	1677.927927927928	1	0.6627134029683686	-4.497864441184328e-10	1
6283185.307179586	1865.7657657657658	1	0.39563612267289616	-7.629095783963598e-10	1
6283185.307179586	1037.887887887888	6	0.1844041332746862	-1.7299596034671771e-09	1
6283185.307179586	2178.828828828829	5	0.19399053205392014	-1.9895756721416467e-09	1
6283185.307179586	1072.6726726726727	1	-0.31217498285352896	-1.3357351880463277e-09	1
6283185.307179586	1399.6496496496497	5	0.967027233040652	-1.7271471390022614e-09	1
6283185.307179586	1385.7357357357357	3	-1.2050395388136372	-1.8670558057985653e-10	2
6283185.307179586	1573.5735735735736	2	-0.36179817586273244	-1.1540496396347082e-09	1
6283185.307179586	2401.4514514514517	10	-0.036381871227357365	-1.467265292681827e-09	1
6283185.307179586	1608.3583583583584	8	-1.110014791933025	-1.6961880613107377e-09	1
6283185.307179586	1830.980980980981	3	-0.6710033336867764	-1.9288528106074896e-09	1
6283185.307179586	2102.3023023023025	2	1.0632301507967803	-1.4641638179846953e-10	2
6283185.307179586	843.0930930930931	9	0.17708989394926333	8.684168559226302e-10	2
6283185.307179586	2109.259259259259	8	-0.8725954120008288	1.9630589796073676e-09	1
6283185.307179586	1267.4674674674675	6	-0.499201798476792	7.89154300784604e-10	1
6283185.307179586	1657.0570570570571	5	0.01747605463432733	-5.089451997923819e-10	1
6283185.307179586	1726.6266266266266	8	-1.0728601083159872	-8.049032949457006e-10	1
6283185.307179586	2373.6236236236236	1	0.23470663233295097	4.059752747923392e-10	1
6283185.307179586	2895.3953953953956	9	1.1490436774303796	-5.75611227781296e-10	1
6283185.307179586	2359.70970970971	5	-0.3553638927911438	-4.621126792722344e-10	1
6283185.307179586	2464.064064064064	10	-0.8896936641109129	1.3543003440459385e-09	1
6283185.307179586	2324.924924924925	6	1.0280996665381292	-8.388839562447791e-10	1
6283185.307179586	2457.1071071071074	8	-0.311679013266845	7.629804579697788e-11	1
6283185.307179586	884.8348348348349	8	0.18529165808143278	1.1070356137845424e-09	1
6283185.307179586	1677.927927927928	6	-0.022787687127730827	-1.238816316852455e-09	1
6283185.307179586	1837.937937937938	1	0.08823214773064803	-9.541015928943106e-10	1
6283185.307179586	2484.934934934935	2	-0.3775911150968245	5.902003788865764e-10	1
6283185.307179586	1274.4244244244244	10	0.7246948970726641	1.3008705363565901e-09	1
6283185.307179586	1803.1531531531532	8	-1.521082085049854	-1.184614169491542e-09	1
6283185.307179586	1330.08008008008	2	1.1009789056891877	1.0572527149486685e-09	1
6283185.307179586	1997.947947947948	2	0.21228992373099675	3.177761062697413e-10	1
6283185.307179586	2192.742742742743	3	0.18342366818302258	1.2789856338616618e-09	1
6283185.307179586	1796.1961961961963	6	0.6617007982841017	1.4808859562410796e-09	1
6283185.307179586	2978.878878878879	5	-0.0010670745448377872	-3.385101019118354e-10	1
6283185.307179586	690.04004004004	6	1.136186061510665	-1.4163460666804434e-09	2
6283185.307179586	1497.047047047047	1	0.832016594523223	-1.3364707945216e-10	2
6283185.307179586	1886.6366366366367	1	0.5257497278295529	-6.341966805017215e-10	1
6283185.307179586	1942.2922922922924	10	0.5368680829319481	-1.4663567342871042e-09	1
6283185.307179586	4189.389389389389	7	-0.37165835456961416	1.268955164952883e-09	1
6283185.307179586	3034.5345345345345	3	1.4301090185618563	1.0860624332385682e-09	1
6283185.307179586	1552.7027027027027	1	0.9332853608647018	1.6098737479630912e-10	2
6283185.307179586	1997.947947947948	5	-0.39139482669690806	1.1028083921137921e-09	1
6283185.307179586	2241.4414414414414	10	0.6811237489578401	1.0211744151332898e-09	1
6283185.307179586	2255.3553553553556	2	0.9371508229066254	-6.149179789378541e-10	1
6283185.307179586	996.1461461461462	1	0.2022283148491597	-1.0340781150844506e-09	1
6283185.307179586	2192.742742742743	9	-1.2206515188026699	-1.0725673878068078e-09	1
6283185.307179586	1253.5535535535537	2	-0.5961162859092746	-3.7691801905340764e-10	1
6283185.307179586	1357.9079079079079	6	0.15662143392238725	-7.793566598326251e-10	1
6283185.307179586	1990.9909909909911	1	-1.4321081815892838	-1.4541588124008724e-09	2
6283185.307179586	717.8678678678679	9	0.03626659151291434	1.6623512918495042e-09	1
6283185.307179586	2248.3983983983985	8	0.614380984636234	1.9081039748647714e-09	1
6283185.307179586	1977.077077077077	5	1.5009531001348728	1.015798985945006e-09	2
6283185.307179586	731.7817817817818	10	-0.4829086046720712	-5.389805271351596e-10	1
6283185.307179586	2123.1731731731734	10	-0.8608275838199518	1.1294362665801577e-09	1
6283185.307179586	3138.888888888889	7	1.4805826482442521	-5.316258362615618e-10	1
6283185.307179586	2721.4714714714714	6	-1.3712159541249367	7.080628865819611e-10	1
6283185.307179586	1044.8448448448448	7	-1.255212965026593	1.048927003104113e-09	1
6283185.307179586	1288.3383383383384	6	-0.6087773898113742	-1.041548340049225e-09	1
6283185.307179586	2213.613613613614	3	-1.3506128866622422	-1.5688351203539126e-09	1
6283185.307179586	1970.1201201201202	6	-1.2586949951981505	7.348630834223036e-10	2
6283185.307179586	2394.4944944944946	5	-1.3725565160534547	1.0653841661225086e-09	2
6283185.307179586	724.8248248248249	2	1.0267768073045982	-4.717862090060027e-10	1
6283185.307179586	1977.077077077077	3	-1.0457975478182768	7.183117810859689e-10	1
6283185.307179586	815.2652652652653	2	1.121422811681927	-5.242193265547028e-10	2
6283185.307179586	2234.4844844844847	7	1.3481976394904986	1.8112324182324393e-09	1
6283185.307179586	1490.0900900900901	9	-0.5392982092711964	-1.22474761939843e-09	1
6283185.307179586	2060.5605605605606	9	-0.05688219839631348	6.449346927331323e-10	1
6283185.307179586	919.6196196196197	5	0.80852305577252	8.052060541824377e-10	1
6283185.307179586	592.6426426426426	5	-0.5395158570792149	1.864360298238306e-09	1
6283185.307179586	1177.027027027027	8	1.0328861763166737	-1.5697173553544524e-09	1
6283185.307179586	2025.7757757757759	7	0.368595554195037	4.880861353105343e-10	1
6283185.307179586	460.46046046046047	10	0.5130202837582596	-9.770586450640866e-10	1
6283185.307179586	1003.1031031031031	8	1.1743623778184653	1.5840430238518385e-09	2
6283185.307179586	1455.3053053053054	2	0.25620960748305754	-1.6075605783837332e-09	1
6283185.307179586	3090.19019019019	9	0.8427103533889913	-1.9071881091388967e-09	1
6283185.307179586	850.0500500500501	6	-1.2793454219420568	-1.4378300653100405e-09	2
6283185.307179586	905.7057057057058	7	-1.1610972943781857	-1.4825365821463006e-09	1
6283185.307179586	1684.884884884885	8	-0.8573616906433826	1.7596885408081987e-09	1
6283185.307179586	898.7487487487488	6	0.009007625124731078	-5.014521380279212e-10	1
6283185.307179586	1003.1031031031031	3	1.2899893258721469	-1.7463187865268051e-09	1
6283185.307179586	3347.5975975975975	2	-0.33290109776448107	-1.3994017058077787e-09	1
6283185.307179586	2923.223223223223	7	0.6798282015879211	1.676608917268247e-09	1
6283185.307179586	1086.5865865865867	6	-1.352563831860833	-4.346209340583163e-10	1
6283185.307179586	2234.4844844844847	7	0.675230529298326	6.326259888972887e-10	1
6283185.307179586	2359.70970970971	8	-0.43670903604835143	1.821476331354413e-09	1
6283185.307179586	1469.2192192192192	4	0.1989465270705877	1.4003107264830177e-09	1
6283185.307179586	2686.6866866866867	5	1.002082739387344	6.65379643311805e-10	1
6283185.307179586	1754.4544544544544	8	-0.9499815381560759	7.018704797563741e-10	2
6283185.307179586	1483.1331331331332	6	0.14918080096910957	-4.947410965280618e-10	1
6283185.307179586	1670.970970970971	5	1.1053245999745722	1.853954735162315e-09	1
6283185.307179586	2603.2032032032034	1	0.891233266721958	-5.666713910680393e-10	2
6283185.307179586	1650.1001001001002	10	1.152752601639376	1.0338626562164236e-09	2
6283185.307179586	3055.4054054054054	7	-1.13612690597478	-1.4971915554948915e-09	1
6283185.307179586	1893.5935935935936	9	-0.1482476492811935	-1.7731706603901332e-10	1
6283185.307179586	1531.8318318318318	1	-0.9619709863702836	1.552150900953624e-10	2
6283185.307179586	1796.1961961961963	3	0.9820815095479825	1.0386407362486772e-09	1
6283185.307179586	1316.1661661661662	1	1.049173258232079	9.655412954284771e-10	1
6283185.307179586	1601.4014014014015	6	-1.0589963913409393	9.95279543204776e-10	1
6283185.307179586	1733.5835835835837	3	-0.9986095103836427	-6.228762052960951e-10	1
6283185.307179586	1810.11011011011	4	1.485165654281321	-9.39735591175818e-10	1
6283185.307179586	1712.7127127127128	6	0.019511033726548055	7.805356712873964e-10	1
6283185.307179586	982.2322322322323	10	-1.1652884481224604	8.144971845440388e-11	2
6283185.307179586	863.963963963964	2	-0.7407874057645067	2.3923741437950603e-10	1
6283185.307179586	1684.884884884885	10	0.5671420557755202	-1.9281721486799246e-09	1
6283185.307179586	2721.4714714714714	7	0.4299110191423017	-6.801980977070249e-10	1
6283185.307179586	3215.4154154154153	5	-1.5121801363258622	-1.2861934424424924e-09	2
6283185.307179586	2749.2992992992995	10	-0.6099223661444588	1.1174484078783912e-09	1
6283185.307179586	2081.4314314314315	2	-0.371835065408449	6.090968993324389e-10	1
6283185.307179586	3159.75975975976	8	-0.09634498074626041	-1.0375734922157594e-10	1
6283185.307179586	1510.960960960961	5	0.4191161217602346	5.167203336655544e-11	2
6283185.307179586	669.1691691691692	8	-0.29835485826177144	1.84069102989957e-09	1
6283185.307179586	2763.2132132132133	10	1.1391333074872056	-8.170345588364487e-10	1
6283185.307179586	1670.970970970971	8	-1.5120812062770483	3.713533585463604e-10	1
6283185.307179586	1309.2092092092093	7	-1.5078582053041722	1.7470982479106222e-09	1
6283185.307179586	690.04004004004	8	-0.5616349383236765	3.0288707844195216e-10	2
6283185.307179586	1274.4244244244244	8	0.13874048699672348	-4.4605523589449014e-10	1
6283185.307179586	2123.1731731731734	2	1.096121461650852	1.7258473006207459e-09	1
6283185.307179586	2046.6466466466468	10	1.0757138669929343	5.562217645772862e-10	2
6283185.307179586	2164.914914914915	6	0.7801749090572074	5.457196115361738e-10	1
6283185.307179586	2025.7757757757759	1	-0.1560476752168778	1.2818019374242748e-09	1
6283185.307179586	1399.6496496496497	5	0.7601645160546244	9.843458649680037e-10	1
6283185.307179586	1504.004004004004	5	1.0942446618568162	-5.285766892937786e-10	2
6283185.307179586	3396.2962962962965	9	1.3855192705642017	-1.1203104976720073e-09	2
6283185.307179586	1726.6266266266266	5	1.1590727107871759	-7.555065634620412e-11	2
6283185.307179586	1232.6826826826828	9	-0.7256870067807031	1.0173823125909623e-09	1
6283185.307179586	3507.607607607608	6	0.06734008885241027	7.368528748750168e-10	1
6283185.307179586	1218.7687687687687	5	1.0577988945229606	-4.822869930486488e-10	1
6283185.307179586	891.7917917917919	6	-1.5293223032986079	-1.86614032433361e-09	2
6283185.307179586	1260.5105105105106	8	1.1432837887020137	5.589510016738367e-10	2
6283185.307179586	3535.4354354354355	4	-0.9565707032355362	-1.679126367013462e-09	1
6283185.307179586	613.5135135135135	4	0.07246812081150633	-1.1715122167174485e-09	1
6283185.307179586	1239.6396396396397	1	-0.656342588882648	-1.3454628769124061e-09	1
6283185.307179586	1761.4114114114116	3	0.20682129009268668	-1.1996911538406016e-09	1
6283185.307179586	919.6196196196197	7	-1.3275023476696126	1.4839113161528001e-09	1
6283185.307179586	1726.6266266266266	4	-1.0395991969582492	-1.7623365887138852e-09	1
6283185.307179586	1469.2192192192192	4	0.8700255776026622	1.6506282103402237e-09	1
6283185.307179586	933.5335335335336	1	0.268918392093237	1.4845228241928097e-09	1
6283185.307179586	599.5995995995996	8	0.14304862747099212	-1.024260726577722e-09	1
