axial trapping frequency (MHz) 	 velocity(m/s) 	 ion collided with 	 angle(rads) 	 collision offset(m) 	 reorder? (1 is reorder 2 is ejection) 
6283185.307179586	1420.5205205205204	2	-0.1411010030785842	8.335322936484925e-10	0
6283185.307179586	2206.6566566566567	1	-0.11384715866455997	1.5581037541458129e-09	0
6283185.307179586	1323.1231231231232	2	-1.409804672388464	-7.440331472922083e-10	2
6283185.307179586	2206.6566566566567	1	-0.4180434507622881	-1.9347169503263922e-09	0
6283185.307179586	1441.3913913913914	2	-0.8832026746360221	1.040316738312982e-09	0
6283185.307179586	1288.3383383383384	1	1.455277201432124	-1.5257164769063904e-09	2
6283185.307179586	2053.603603603604	2	0.5076553606695295	6.689088818411323e-10	0
6283185.307179586	1170.0700700700702	2	0.6360685897642213	-1.2931950257915201e-10	1
6283185.307179586	2637.987987987988	1	1.3716261236514216	1.1029926946360834e-09	2
6283185.307179586	1573.5735735735736	1	-0.7651655621676702	-6.364742482558844e-11	2
6283185.307179586	1378.7787787787788	2	0.7541047656955402	-1.8341745769911448e-09	0
6283185.307179586	1107.4574574574574	2	-0.8110745866713923	-1.184215836127341e-09	0
6283185.307179586	530.03003003003	1	-0.6568296978677755	1.6967028129528797e-09	0
6283185.307179586	446.54654654654655	1	-1.410571267026537	1.3310325649087656e-09	1
6283185.307179586	1698.7987987987988	2	1.042098156635587	-1.5751487604788076e-09	0
6283185.307179586	1942.2922922922924	2	-0.17447771257344202	1.0331033408799379e-09	0
6283185.307179586	1504.004004004004	2	0.8681963738692331	-6.400477705047908e-10	2
6283185.307179586	571.7717717717718	1	-0.49554790153623207	-1.7396087419402188e-09	0
6283185.307179586	1239.6396396396397	1	0.0854524433049828	-1.2767170535270502e-09	0
6283185.307179586	1163.113113113113	1	-1.317267670753403	2.500189992705996e-10	2
6283185.307179586	1065.7157157157158	1	0.1396768554633221	-1.8105800942888e-10	2
6283185.307179586	585.6856856856857	1	-0.7079615373956383	-1.6255153415675926e-09	0
6283185.307179586	2985.835835835836	2	1.0199457748651657	-1.9681414364159335e-09	0
6283185.307179586	2505.805805805806	1	-1.306883895440861	1.8523123904187874e-09	0
6283185.307179586	1865.7657657657658	1	1.1225527889210896	1.2473303512031882e-09	0
6283185.307179586	2352.7527527527527	1	-1.2730747026748612	-7.485686264748384e-10	1
6283185.307179586	1295.2952952952953	1	-0.557770688534174	6.048715524874275e-10	0
6283185.307179586	1524.8748748748749	1	-0.6304982550500396	-1.643126191217966e-09	0
6283185.307179586	1817.0670670670672	1	-0.15649578829546718	1.8455904071107053e-09	0
6283185.307179586	2985.835835835836	1	-0.5206886253297658	-1.498411388450501e-09	0
6283185.307179586	1824.0240240240241	1	1.2086735319072455	6.274936154315732e-10	2
6283185.307179586	1524.8748748748749	1	1.3040463724662668	7.980477263255601e-10	2
6283185.307179586	258.70870870870874	2	1.204460755302505	1.2228788420564062e-09	1
6283185.307179586	2617.1171171171172	2	0.9906356714149238	1.7542625800372616e-09	0
6283185.307179586	1044.8448448448448	1	-0.335277728827325	-1.121158569337477e-09	0
6283185.307179586	2032.7327327327328	1	0.24196488195023025	-4.2321038809578237e-10	2
6283185.307179586	1183.983983983984	1	-0.30355484059505766	1.6655193012971226e-09	0
6283185.307179586	2735.3853853853852	2	-1.5608465388419754	-1.7432544597198329e-09	2
6283185.307179586	1677.927927927928	1	1.4984610102590161	1.803005743053598e-09	2
6283185.307179586	1775.3253253253254	1	1.248658006357846	6.827785705964349e-12	2
6283185.307179586	1608.3583583583584	2	0.21554187568297567	1.0946053304751068e-09	0
6283185.307179586	2540.5905905905906	2	-1.5436745361229673	-1.790917287842647e-09	2
6283185.307179586	3730.2302302302305	2	-0.26939865150476616	-1.5764479118095257e-09	0
6283185.307179586	2811.911911911912	2	1.2108856277263338	-1.868622438528989e-10	1
6283185.307179586	3013.6636636636636	2	0.13183606707622753	-1.8234686599463755e-09	0
6283185.307179586	1754.4544544544544	1	1.2790412526090207	5.135689117074851e-10	2
6283185.307179586	2958.008008008008	1	-0.0027327232023535153	-1.5747921800126396e-09	0
6283185.307179586	2178.828828828829	2	-0.9783628659240361	1.1638434834222689e-09	0
6283185.307179586	1963.1631631631633	2	-0.7550553025837491	7.094240379104281e-10	0
6283185.307179586	2018.818818818819	1	0.2947892005298689	-1.4777035599388963e-09	0
6283185.307179586	1399.6496496496497	1	-0.8517623256482482	-1.4994964735715668e-10	1
6283185.307179586	1204.854854854855	1	-0.3140917932614091	-1.0274895746855611e-09	0
6283185.307179586	1545.7457457457458	2	-0.30200098955699306	9.403402098290896e-10	0
6283185.307179586	2832.7827827827828	2	0.7262495858106455	-1.2131520696177596e-09	0
6283185.307179586	2151.001001001001	2	-1.0992150665581004	-2.57974068762099e-10	2
6283185.307179586	1830.980980980981	1	-0.7210904272406836	-8.255164720134168e-10	0
6283185.307179586	3194.544544544545	2	-0.4641531731570985	-9.349748837462118e-10	0
6283185.307179586	1023.973973973974	1	-0.5125468612575077	-1.5895940463528624e-09	0
6283185.307179586	1170.0700700700702	2	0.13701757000509285	-5.721945116671018e-10	0
6283185.307179586	1858.8088088088089	1	0.12663049225241818	-1.7201328518902926e-09	0
6283185.307179586	3083.2332332332335	1	0.6041326170685437	8.217871173163754e-10	0
6283185.307179586	1371.821821821822	2	-0.19965173919931067	-4.338853853557084e-10	1
6283185.307179586	1615.3153153153153	2	-0.6342422101708813	-1.3901716538889045e-09	0
6283185.307179586	1510.960960960961	2	-0.4511244629840816	-1.9584490058322947e-09	0
6283185.307179586	1559.6596596596596	1	-0.39276877405404953	-1.1006383299627825e-09	0
6283185.307179586	989.1891891891892	2	-0.8416902010578347	-7.40490560464664e-10	1
6283185.307179586	2352.7527527527527	1	0.9669716174447629	7.242073479544641e-10	0
6283185.307179586	2596.2462462462463	2	0.35039540802789615	2.0505996479292305e-10	2
6283185.307179586	731.7817817817818	1	-0.4092686153067542	-1.8950283555614067e-09	0
6283185.307179586	3041.4914914914916	2	0.8793738997030096	1.201524379080723e-09	0
6283185.307179586	2164.914914914915	1	0.50232488248739	-4.953523498119354e-10	1
6283185.307179586	1684.884884884885	2	0.7271129037470909	4.498289988237024e-10	2
6283185.307179586	1803.1531531531532	1	-0.990310568428398	1.017945386349016e-09	0
6283185.307179586	488.2882882882883	1	-0.42366297312536516	8.141368796126462e-10	0
6283185.307179586	2102.3023023023025	1	-0.048959768438199935	9.589893142577354e-10	0
6283185.307179586	1003.1031031031031	2	-0.35712099628175054	-6.191719925732561e-10	0
6283185.307179586	1302.2522522522522	1	1.494041242267178	-9.714450608853925e-10	2
6283185.307179586	2443.193193193193	2	0.17470760769414295	7.443341958780959e-10	0
6283185.307179586	1406.6066066066066	1	-0.193779097989758	-2.0877995575701241e-10	1
6283185.307179586	2067.5175175175173	2	-0.11490974637594364	-1.3575355464962727e-11	2
6283185.307179586	815.2652652652653	2	-0.6862867061813329	-9.868468557972748e-10	0
6283185.307179586	1114.4144144144145	1	-0.43414354818263434	-1.424509365107265e-09	0
6283185.307179586	1587.4874874874874	1	-0.8841036662903802	-1.722005391147839e-09	0
6283185.307179586	1253.5535535535537	1	1.4933469713613121	1.5295466305953017e-09	2
6283185.307179586	77.82782782782783	1	-1.1317086953681916	1.4651403437701478e-09	0
6283185.307179586	3486.736736736737	1	-0.8429586881484451	2.824505933657726e-11	1
6283185.307179586	1163.113113113113	1	1.5350562024537555	6.356395226112752e-10	2
6283185.307179586	1023.973973973974	2	0.5340708488367505	9.781626198758848e-10	0
6283185.307179586	1761.4114114114116	2	-1.1243685417819909	1.192990059958989e-09	0
6283185.307179586	787.4374374374374	2	1.3261661123441844	1.5878447801949193e-09	1
6283185.307179586	1664.014014014014	1	-1.4050239020681883	-1.882055630028459e-09	2
6283185.307179586	1100.5005005005005	2	1.4388865983247978	-1.6276894530240164e-09	1
6283185.307179586	1225.7257257257259	1	1.1625757189688048	1.757124700266598e-09	0
6283185.307179586	2283.1831831831832	1	-0.9445429154207885	-1.399087831051427e-09	0
6283185.307179586	4091.991991991992	1	0.2920748587072306	1.5780712662979285e-09	0
6283185.307179586	2137.087087087087	1	-0.4777325216099504	-8.779107799955192e-10	0
6283185.307179586	530.03003003003	2	-1.415964267574036	-1.698738009872694e-09	2
6283185.307179586	738.7387387387388	1	-1.4114338266711406	2.0686208650988992e-10	1
6283185.307179586	2123.1731731731734	2	0.5086569161443228	1.7028872342490047e-09	0
6283185.307179586	1817.0670670670672	1	0.6855249251079591	1.7808887847730575e-09	0
6283185.307179586	3312.812812812813	2	0.483493188163973	3.9229803118475724e-10	1
6283185.307179586	1594.4444444444446	2	-0.49464325295879163	8.733044679071716e-11	2
6283185.307179586	1990.9909909909911	1	1.1292491212819185	-1.8342846880533142e-09	0
6283185.307179586	1761.4114114114116	1	-0.9004051769263408	-1.065459909516342e-09	0
6283185.307179586	780.4804804804805	2	-0.8550733335724816	-1.0950346755709616e-09	0
6283185.307179586	2227.5275275275276	1	0.5090105575936441	-1.3018685468995005e-09	0
6283185.307179586	2032.7327327327328	1	0.17301603436777202	-1.2074933887967628e-09	0
6283185.307179586	1121.3713713713714	1	1.4705310592506158	2.3370324715724693e-10	2
6283185.307179586	1643.143143143143	2	-0.7766021753060534	2.5561636800211165e-10	2
6283185.307179586	216.96696696696696	2	-0.7248135457040534	-8.361484996576105e-10	0
6283185.307179586	933.5335335335336	2	1.3294862099101588	6.256333495326052e-10	2
6283185.307179586	1997.947947947948	2	-0.9517213083735397	-8.973180291504388e-10	0
6283185.307179586	230.88088088088088	2	0.1595763486548447	-1.8433382309798266e-10	0
6283185.307179586	1712.7127127127128	2	0.09563748927775362	-1.9540197680754177e-09	0
6283185.307179586	1037.887887887888	1	0.020716331104273067	-1.3541444691631313e-09	0
6283185.307179586	1350.950950950951	1	-1.540384808426949	1.666194585982548e-09	2
6283185.307179586	2227.5275275275276	1	0.2629707589165833	-3.721688162608747e-10	2
6283185.307179586	1559.6596596596596	1	-1.4028704790291993	1.5817647017455024e-09	2
6283185.307179586	2067.5175175175173	1	0.5337717263419912	-1.285256566317389e-09	0
6283185.307179586	1260.5105105105106	1	0.7933605652048645	4.942651186174784e-10	2
6283185.307179586	780.4804804804805	2	0.7298098128814288	-1.651226628137557e-09	0
6283185.307179586	870.9209209209209	1	1.384584943268845	-1.352346391226654e-09	2
6283185.307179586	1782.2822822822823	1	-1.4678848447820905	-1.0170625762682592e-09	2
6283185.307179586	1357.9079079079079	1	1.1529921510509484	5.051372364808352e-10	2
6283185.307179586	3257.157157157157	2	-1.2931912043732927	1.0284642135509155e-09	2
6283185.307179586	1552.7027027027027	1	-0.4223227103189633	5.795633421821149e-10	0
6283185.307179586	3222.3723723723724	1	-0.774696915330084	1.445663655304421e-09	0
6283185.307179586	2039.6896896896897	2	-0.5379778683471763	6.949142834768346e-10	0
6283185.307179586	1497.047047047047	2	-0.5024985340305286	2.420858946711171e-10	2
6283185.307179586	989.1891891891892	2	1.1541408988492257	-5.302749873453693e-10	2
6283185.307179586	2791.041041041041	2	-1.5663470544145315	-3.755020223030372e-11	2
6283185.307179586	996.1461461461462	1	1.176858209649116	1.270276483428774e-09	2
6283185.307179586	1803.1531531531532	1	-0.9819293933989762	1.6420618521286713e-09	0
6283185.307179586	2060.5605605605606	2	0.7762919492154059	1.2438012907522645e-10	1
6283185.307179586	884.8348348348349	2	1.3026415266010498	-1.871518263018178e-09	2
6283185.307179586	1003.1031031031031	1	0.47046911726615726	9.409319153685647e-11	2
6283185.307179586	1935.3353353353355	1	0.918474475282387	-1.3976105982939219e-09	0
6283185.307179586	2665.8158158158158	2	0.5907206865350547	1.6200443995660278e-10	1
6283185.307179586	2540.5905905905906	1	1.1477067662309586	1.552249805917807e-09	0
6283185.307179586	2985.835835835836	2	0.10610868807297713	1.0195796023278717e-09	0
6283185.307179586	1545.7457457457458	1	0.5890667777283163	-5.2871380496006436e-11	2
6283185.307179586	2436.2362362362364	1	-1.3585316792090305	1.2264343330459254e-09	2
6283185.307179586	4029.3793793793793	1	-0.9583527847801653	-1.884630757275977e-09	0
6283185.307179586	1810.11011011011	2	1.559087752575262	-1.2058367698198698e-09	1
6283185.307179586	1330.08008008008	2	-1.3691473814815542	-1.6629538638841392e-09	2
6283185.307179586	2804.954954954955	2	1.35223434392694	1.2868939337197487e-09	2
6283185.307179586	1357.9079079079079	1	0.20208557667348948	7.35575122740048e-10	0
6283185.307179586	1768.3683683683685	1	-1.539576823482487	9.803500961273967e-10	1
6283185.307179586	933.5335335335336	2	1.0347070323015557	-4.242691086259126e-10	2
6283185.307179586	2248.3983983983985	1	0.23905905964277707	1.6102723266788656e-09	0
6283185.307179586	3987.637637637638	1	1.316956847883684	-1.3702769382694393e-09	0
6283185.307179586	1107.4574574574574	1	0.19269184910519677	1.3259970832575903e-09	0
6283185.307179586	1594.4444444444446	2	0.03752437057633351	2.990213242896306e-10	2
6283185.307179586	1747.4974974974975	2	0.44710616261703784	3.7929928880620556e-10	2
6283185.307179586	766.5665665665666	1	-1.4104139358385142	-9.361368650238658e-10	2
6283185.307179586	2053.603603603604	1	-1.2748959268287936	1.4601001829463329e-09	1
6283185.307179586	1824.0240240240241	2	1.2426630086691208	1.3478737908723417e-09	1
6283185.307179586	1051.801801801802	2	-0.9034029376648055	1.0622359281795021e-09	0
6283185.307179586	1636.1861861861862	1	1.2535163262703128	-1.3901735851733213e-10	2
6283185.307179586	1935.3353353353355	1	1.0391529421271257	-1.0460851620603028e-09	0
6283185.307179586	3702.4024024024025	2	-0.03882356326050607	1.4793551973890899e-09	0
6283185.307179586	5170.32032032032	1	0.7528759348838263	-8.472234393854854e-10	0
6283185.307179586	1183.983983983984	2	-1.1590214143157116	-1.4121204115572434e-09	0
6283185.307179586	1935.3353353353355	1	-1.1937248567041263	1.5278623910929234e-09	0
6283185.307179586	1051.801801801802	2	-0.017334378684625396	-8.915929384452752e-11	0
6283185.307179586	1643.143143143143	2	-1.23524870028056	1.9446084312539796e-09	0
6283185.307179586	3333.6836836836837	2	-0.85692609938493	-7.918673466329839e-10	0
6283185.307179586	474.3743743743744	1	-0.08862898103073147	6.836423135847506e-10	0
6283185.307179586	1921.4214214214214	2	0.09839441537875904	-8.380629115317307e-11	2
6283185.307179586	1573.5735735735736	2	0.4359059815876889	-1.3309975375251859e-09	0
6283185.307179586	1754.4544544544544	1	0.4044140364724138	1.6377948309766172e-10	2
6283185.307179586	2345.795795795796	1	1.0256339176052482	1.6395884147925714e-10	2
6283185.307179586	3799.7997997998	2	-1.3174066544635294	-1.9109849953441977e-09	0
6283185.307179586	2018.818818818819	1	1.5328681543884177	1.978228021898474e-09	2
6283185.307179586	2373.6236236236236	2	-0.5072932694776393	-7.710698947737199e-10	0
6283185.307179586	1316.1661661661662	1	-0.23914592019234537	-9.579552217206104e-10	0
6283185.307179586	2088.388388388388	1	-0.32531963879947723	-1.7791551270998253e-09	0
6283185.307179586	2317.967967967968	2	-0.19598054268860698	6.943739071600451e-11	2
6283185.307179586	1413.5635635635635	2	-0.5998230238966805	-1.2531534312111733e-09	0
6283185.307179586	933.5335335335336	2	1.5443542259761687	-8.877984314430352e-10	1
6283185.307179586	2283.1831831831832	1	0.9586476869840155	-1.7653522415782633e-09	0
6283185.307179586	2345.795795795796	1	0.5805212306570153	-1.243935339121816e-09	0
6283185.307179586	2067.5175175175173	2	-0.5514945051206781	3.095996976419233e-10	2
6283185.307179586	1782.2822822822823	1	0.5742865770033059	4.994356110786069e-10	1
6283185.307179586	2512.762762762763	2	-0.3165210051577596	1.4728795997877366e-09	0
6283185.307179586	2484.934934934935	2	-0.43440462812320635	1.3897523161833966e-09	0
6283185.307179586	1754.4544544544544	1	0.5638997331600439	-2.3069915925083164e-10	2
6283185.307179586	2157.957957957958	1	-1.4114733839770353	1.3258775175599724e-09	1
6283185.307179586	690.04004004004	2	-0.744287549814165	-9.760088299074782e-10	0
6283185.307179586	1984.034034034034	2	0.5371027505104244	-9.471474197508121e-10	0
6283185.307179586	1719.6696696696697	2	0.8190756193925997	-1.4634313924698442e-09	0
6283185.307179586	898.7487487487488	2	-1.3175275911307414	1.8275657407802267e-09	2
6283185.307179586	641.3413413413414	1	0.4737717679159914	1.0227666809253825e-09	0
6283185.307179586	1830.980980980981	1	-1.5507286635794928	5.910164692828105e-10	1
6283185.307179586	919.6196196196197	1	0.7331732753147526	-4.538515985349609e-10	2
6283185.307179586	3598.0480480480483	2	-1.3453548183721442	-1.4852199956788078e-09	0
6283185.307179586	2561.4614614614616	2	-0.9814774781703408	1.743024038137628e-09	0
6283185.307179586	1079.6296296296296	2	-0.3912224139191205	-1.8919673830853758e-09	0
6283185.307179586	1879.6796796796798	2	0.24361135545767287	5.526342922374597e-10	0
6283185.307179586	1204.854854854855	2	-0.503740086605392	8.414177572788828e-10	0
