axial trapping frequency (MHz) 	 velocity(m/s) 	 ion collided with 	 angle(rads) 	 collision offset(m) 	 reorder? (1 is reorder 2 is ejection) 
6283185.307179586	724.8248248248249	1	0.8220632427821322	-1.087489826018528e-09	2
6283185.307179586	1406.6066066066066	3	0.9459077294313505	1.3357181185183246e-09	0
6283185.307179586	1622.2722722722724	3	-0.543639533898197	1.6460727306290128e-10	2
6283185.307179586	1677.927927927928	2	0.2112211774982855	-1.422613038970488e-09	0
6283185.307179586	1413.5635635635635	2	-1.1385610736172116	1.8414653395090375e-09	0
6283185.307179586	1490.0900900900901	3	-0.6932613069883862	1.1382774635226282e-09	0
6283185.307179586	1858.8088088088089	3	-0.5904556121865894	-1.0425146340048259e-09	0
6283185.307179586	1650.1001001001002	2	0.34666401459936314	7.427406298339683e-10	0
6283185.307179586	411.76176176176176	3	0.15292663079341096	-1.1150474490183827e-09	0
6283185.307179586	1364.864864864865	2	0.8235028683182004	5.298566742167562e-10	2
6283185.307179586	1677.927927927928	2	1.3378306432150415	1.7295023178980487e-09	2
6283185.307179586	1928.3783783783783	1	1.195299809662211	8.532527908447333e-10	1
6283185.307179586	1740.5405405405406	1	1.2706243660631666	-4.120097944853139e-10	2
6283185.307179586	3041.4914914914916	3	1.2560856592447114	4.793942442858802e-10	1
6283185.307179586	1677.927927927928	1	0.10342272942525832	2.2175336128931242e-10	2
6283185.307179586	2345.795795795796	2	-1.2242729441733902	1.1428820035266609e-09	1
6283185.307179586	982.2322322322323	1	-0.3118585758854817	-1.9945202052876796e-09	0
6283185.307179586	731.7817817817818	3	0.7970686959983766	9.371671966154089e-10	1
6283185.307179586	1664.014014014014	3	1.3595384075689103	-6.338456511527859e-11	2
6283185.307179586	3201.5015015015015	2	0.13950160003220957	-6.751852168216117e-10	0
6283185.307179586	1928.3783783783783	3	-1.3415380997464932	3.846969432728486e-10	2
6283185.307179586	1204.854854854855	2	0.4165755835747631	-6.206988818843914e-10	0
6283185.307179586	1817.0670670670672	2	-0.013378273931546003	1.1369595085823372e-09	0
6283185.307179586	2130.13013013013	2	0.18290897729955358	3.8150820574362754e-10	2
6283185.307179586	2846.6966966966966	2	0.13217706940828333	-1.038567532349147e-09	0
6283185.307179586	1705.755755755756	3	-1.0342426702732408	-6.639433671058059e-10	2
6283185.307179586	1142.2422422422424	2	0.9305964251864132	2.2861283700856205e-10	1
6283185.307179586	1719.6696696696697	3	-0.6516818043449343	2.3663904628271053e-12	2
6283185.307179586	2081.4314314314315	1	0.6692847141598208	-1.7625575465614354e-09	0
6283185.307179586	1844.8948948948948	1	0.45961539047746003	6.532061797253653e-10	0
6283185.307179586	1928.3783783783783	1	-1.2833483178935532	1.0525082150260059e-09	2
6283185.307179586	1309.2092092092093	3	-0.12280672388774327	1.3831718558537645e-11	2
6283185.307179586	1629.2292292292293	1	0.9764818515029559	-1.315985658210184e-09	0
6283185.307179586	926.5765765765766	1	0.5228376498183329	8.60871091322071e-10	0
6283185.307179586	1135.2852852852852	1	0.51518423685485	5.374073485236531e-10	0
6283185.307179586	1719.6696696696697	3	0.051082190435495445	-1.0505059380665137e-10	2
6283185.307179586	1587.4874874874874	1	-1.179012921766681	-3.72581101989744e-10	1
6283185.307179586	1552.7027027027027	1	0.4437239003041351	2.457377544653254e-10	2
6283185.307179586	530.03003003003	2	0.5770200096600835	-8.829595307684382e-10	1
6283185.307179586	891.7917917917919	1	0.435250677704623	3.5439382485081636e-10	1
6283185.307179586	1163.113113113113	1	-0.1419114363526781	-3.2485073684608374e-10	1
6283185.307179586	425.6756756756757	3	0.4502878330829163	-1.1750258520807591e-09	0
6283185.307179586	1149.1991991991993	1	-0.4046806624863495	7.388106005173593e-10	0
6283185.307179586	1232.6826826826828	2	-0.6986681524997973	-1.91822651476886e-10	1
6283185.307179586	2039.6896896896897	2	-1.263704923768942	1.917689269101536e-09	0
6283185.307179586	2450.1501501501502	1	0.08973674911800611	1.0452905272413414e-09	0
6283185.307179586	1990.9909909909911	2	-1.1858810268527737	-2.452314229203739e-10	1
6283185.307179586	3076.2762762762763	2	1.4560278700991112	-1.279767694952422e-09	1
6283185.307179586	2269.2692692692694	3	1.1641313208191533	7.748192754001252e-10	2
6283185.307179586	2770.1701701701704	1	0.14634054863477042	1.0496250977289788e-09	0
6283185.307179586	2199.6996996997	2	1.093852725668707	-3.910285965459411e-11	1
6283185.307179586	1726.6266266266266	1	0.4628379865168557	1.2997676235911874e-09	0
6283185.307179586	1392.6926926926926	1	-0.7497938615168055	2.830476120179473e-10	2
6283185.307179586	3055.4054054054054	2	0.7689662284564522	-1.4749733892457072e-09	0
6283185.307179586	1851.851851851852	2	0.36278929782406033	1.3109724550988236e-09	0
6283185.307179586	1392.6926926926926	1	-1.5009959303989053	2.4009373272651387e-10	1
6283185.307179586	2095.3453453453453	1	-0.3845300586709828	7.727222153000972e-10	0
6283185.307179586	1302.2522522522522	3	1.3195246775228449	1.5418126423707007e-09	2
6283185.307179586	3020.6206206206207	2	0.7275850679328562	-1.7630830107414856e-09	0
6283185.307179586	1810.11011011011	2	-0.6218102910563104	1.9915435508955994e-09	0
6283185.307179586	1893.5935935935936	1	1.2995390904551618	1.4546134287795388e-09	2
6283185.307179586	2964.964964964965	1	-1.1534149222228274	-1.0417402407510115e-09	0
6283185.307179586	1837.937937937938	1	-0.8413336010657536	-5.714549141890305e-10	2
6283185.307179586	2784.084084084084	1	-0.5261437930230892	1.4768109536865143e-09	0
6283185.307179586	947.4474474474474	1	0.8235320179483865	1.7944093377603371e-09	0
6283185.307179586	1851.851851851852	3	-1.486201045523831	1.559574765542266e-09	2
6283185.307179586	863.963963963964	2	-0.6242831077911091	4.4943029050037605e-10	1
6283185.307179586	2617.1171171171172	1	-1.057230463879054	-1.8616973768799386e-10	2
6283185.307179586	898.7487487487488	2	1.0156756286913495	-1.3895129281352432e-09	0
6283185.307179586	1858.8088088088089	3	-1.064263813719767	-2.494713252993947e-10	2
6283185.307179586	1274.4244244244244	2	1.5629061132466626	-7.210923755295236e-10	2
6283185.307179586	2241.4414414414414	3	1.1895723478382072	8.171613241544904e-10	2
6283185.307179586	975.2752752752752	2	-1.4468757896323932	1.8694379665224177e-09	1
6283185.307179586	1253.5535535535537	2	0.8647410036923953	-1.6933536232130666e-09	0
6283185.307179586	2422.322322322322	1	-0.3533166542988635	6.525979695313483e-10	0
6283185.307179586	2380.5805805805808	2	-0.6515082103793107	-9.54805914853628e-10	0
6283185.307179586	1712.7127127127128	2	-1.2197607478939325	2.421516284854576e-10	2
6283185.307179586	1357.9079079079079	2	0.4672738507808698	-1.5933407529284032e-09	0
6283185.307179586	1295.2952952952953	2	0.30629282859783324	3.5185190741828887e-10	2
6283185.307179586	710.910910910911	2	1.1997666696241098	6.74637321928752e-10	2
6283185.307179586	3020.6206206206207	3	-1.4424056539591312	-1.3839487609736365e-09	2
6283185.307179586	2631.031031031031	3	-0.9819899836632598	2.888302630942089e-10	2
6283185.307179586	1225.7257257257259	2	1.3144236907002673	-1.736208481814504e-09	1
6283185.307179586	488.2882882882883	3	-1.1207699280432273	5.384078285989352e-10	2
6283185.307179586	1469.2192192192192	3	0.04397628320552749	1.1998574707519268e-09	0
6283185.307179586	1970.1201201201202	1	-0.5812968523263823	1.6875335572710075e-09	0
6283185.307179586	2408.4084084084084	2	0.36523778934232887	3.6679989011135355e-10	1
6283185.307179586	2519.7197197197197	1	0.6318016373854727	-1.862787574929331e-09	0
6283185.307179586	5114.664664664665	2	-0.39533221904507543	-1.9817555371751414e-10	2
6283185.307179586	1587.4874874874874	3	-1.3353078344773819	-1.1901208208201624e-09	2
6283185.307179586	1427.4774774774776	1	1.008941543578882	-3.3570144469373277e-10	2
6283185.307179586	3486.736736736737	3	-1.5066510297112017	-1.3693783987585677e-09	2
6283185.307179586	1893.5935935935936	3	-0.7642298388649499	-1.745390248382341e-09	0
6283185.307179586	3069.319319319319	3	-0.06412152411710403	1.690406761093384e-09	0
6283185.307179586	1900.5505505505505	1	1.0546948989526586	1.103129500556085e-09	0
6283185.307179586	2568.4184184184187	1	1.5466425133810429	-2.6078581775968024e-10	2
6283185.307179586	1726.6266266266266	2	-0.16554257525824934	1.2596691648993507e-09	0
6283185.307179586	1601.4014014014015	1	0.8990993657445556	-1.182597927049977e-09	0
6283185.307179586	1260.5105105105106	2	1.4682422818876968	-1.3422302453138038e-10	2
6283185.307179586	1650.1001001001002	3	-0.8229529034902879	5.120189442254254e-10	2
6283185.307179586	1003.1031031031031	2	1.0708031903044657	-8.300569781610699e-10	1
6283185.307179586	2157.957957957958	3	-0.24185596368244733	-7.636996800635303e-10	0
6283185.307179586	2505.805805805806	1	-1.0099906155355844	1.0796071333213845e-09	0
6283185.307179586	1935.3353353353355	1	-1.0952347896852326	-1.1455842865285417e-09	0
6283185.307179586	1601.4014014014015	3	0.8422837990087335	-7.278573774905933e-10	0
6283185.307179586	363.06306306306305	2	-1.1782691675486623	-1.2773333609700652e-10	1
6283185.307179586	2137.087087087087	1	-1.080634150548629	-4.468006851937871e-10	2
6283185.307179586	1211.8118118118118	3	-0.5191531814919887	-5.48844042386676e-10	0
6283185.307179586	3187.5875875875877	1	-0.29010340696987647	9.83920372733361e-10	0
6283185.307179586	1886.6366366366367	3	0.6656160821501942	-4.220132630174005e-11	1
6283185.307179586	3291.941941941942	1	-0.27972958908066037	-1.3649052095337162e-10	1
6283185.307179586	1719.6696696696697	3	-0.8972013958085691	1.983965684619703e-09	0
6283185.307179586	2568.4184184184187	1	-1.1079983651110068	1.1949289344687627e-09	0
6283185.307179586	2102.3023023023025	1	0.4393841332005217	1.4094558036843924e-11	2
6283185.307179586	523.0730730730731	2	0.758016566081892	1.9694221421561807e-09	0
6283185.307179586	279.57957957957956	3	0.16242774033432816	-8.228858893157361e-10	0
6283185.307179586	3966.766766766767	3	-0.1854110370781148	2.619097300616992e-10	2
6283185.307179586	1350.950950950951	3	-1.340730566992311	1.928150968398044e-09	2
6283185.307179586	1392.6926926926926	2	-0.09424557373528564	1.7246587576528287e-09	0
6283185.307179586	1524.8748748748749	3	0.021745689137202096	1.2795801518035886e-09	0
6283185.307179586	1455.3053053053054	1	-0.782959870711479	1.935596344660998e-09	0
6283185.307179586	2331.881881881882	1	-1.141374855510048	1.6859581525256377e-09	0
6283185.307179586	2825.825825825826	3	1.3500972022252617	-1.9448632996682572e-09	0
6283185.307179586	696.996996996997	3	0.9337823787215176	-9.508576333247745e-10	0
6283185.307179586	3514.5645645645645	3	-0.03610330096940717	-3.830317323655799e-11	2
6283185.307179586	2958.008008008008	1	0.6934730155411701	5.653470151838169e-10	0
6283185.307179586	2672.772772772773	3	-0.4020526646480378	5.710708046220586e-10	0
6283185.307179586	376.97697697697697	2	-1.037771610361769	5.741827911563381e-10	2
6283185.307179586	1072.6726726726727	1	-0.8248666931420188	-1.3678550248908433e-09	0
6283185.307179586	1364.864864864865	3	0.7023337170727295	1.0773795592637364e-09	0
6283185.307179586	3097.1471471471473	3	-0.5165955673419982	1.8126186857842778e-11	2
6283185.307179586	1851.851851851852	2	-0.29755379534349036	-2.646395248640703e-10	1
6283185.307179586	2637.987987987988	2	1.2497383303551644	3.638008126804118e-11	2
6283185.307179586	2157.957957957958	2	0.8530980923472362	-1.0266631376177618e-09	0
6283185.307179586	1677.927927927928	2	-0.9608780047677509	1.016444367871664e-09	0
6283185.307179586	1970.1201201201202	3	-0.8288594198158981	-1.2364637882182846e-09	0
6283185.307179586	3904.154154154154	1	0.1259464194373594	4.3187909662722656e-10	0
6283185.307179586	891.7917917917919	1	-1.5334924251752644	-8.086737064241878e-10	2
6283185.307179586	2533.6336336336335	1	1.0670122813288332	1.0360900160168147e-09	0
6283185.307179586	1719.6696696696697	2	-0.5950610473640002	-1.748876311972077e-09	0
6283185.307179586	2206.6566566566567	2	0.39875675777400876	-4.0159403028607526e-10	2
6283185.307179586	2387.5375375375374	1	0.8172956999618011	-1.3957457355341752e-09	0
6283185.307179586	1712.7127127127128	3	-0.38430186491228624	1.1531202759739009e-09	0
6283185.307179586	3076.2762762762763	3	-0.7872218247063657	-6.366637355949111e-10	0
6283185.307179586	947.4474474474474	1	-0.5998669664976505	-1.6426528408994608e-09	0
6283185.307179586	2679.72972972973	2	-0.9470761359239488	-1.7916786396505562e-10	2
6283185.307179586	1309.2092092092093	1	0.7209708960433083	1.1047009074563462e-09	0
6283185.307179586	1156.1561561561562	3	1.3428769747397666	1.1262808189787594e-09	2
6283185.307179586	1267.4674674674675	3	0.9989408726316573	-9.502357592272582e-10	0
6283185.307179586	1330.08008008008	1	0.7523467870369123	1.1904998436460261e-09	0
6283185.307179586	731.7817817817818	2	-0.9673110816684543	-1.1899734312411505e-09	0
6283185.307179586	2297.097097097097	1	-1.3774782012231666	-3.102242433986505e-10	1
6283185.307179586	1900.5505505505505	2	0.07298098020612742	-1.041737064057899e-09	0
6283185.307179586	2617.1171171171172	3	1.4262651287553276	1.168519804960512e-09	1
6283185.307179586	4585.935935935936	2	-1.502234158097854	-9.041013694718269e-10	2
6283185.307179586	2359.70970970971	3	-0.8714957307256973	-5.3879037478098043e-11	2
6283185.307179586	1851.851851851852	2	-0.41781549194732803	-1.821843312171812e-09	0
6283185.307179586	1907.5075075075076	2	-0.5672309185760949	1.749555636407866e-09	0
6283185.307179586	1497.047047047047	1	1.3918398756113168	-1.898977964532176e-09	1
6283185.307179586	1330.08008008008	1	-1.4202578763706004	-1.5328111004719141e-09	2
6283185.307179586	1128.3283283283283	2	-1.0993165633813657	-1.0613834757695228e-09	1
6283185.307179586	1204.854854854855	3	-1.0270128947135313	-5.872317865736516e-10	2
6283185.307179586	1636.1861861861862	1	1.266215871230318	-9.229924157300765e-10	2
6283185.307179586	1650.1001001001002	3	-1.3517687593794443	-1.14315937047173e-09	2
6283185.307179586	3062.3623623623625	2	1.2397867668262954	-1.1838276025928862e-09	1
6283185.307179586	1684.884884884885	2	-1.160216501993852	-1.2233953953880403e-11	1
6283185.307179586	2283.1831831831832	2	-0.6848657787443106	-4.5012315620180573e-10	1
6283185.307179586	2269.2692692692694	3	-0.4180182343929548	-1.054729090398199e-10	2
6283185.307179586	1601.4014014014015	1	1.534610914949745	1.076712371718524e-09	2
6283185.307179586	1817.0670670670672	3	0.937178255058766	7.294946625586647e-10	2
6283185.307179586	829.1791791791792	3	1.5556414605779616	-3.760598159531767e-10	2
6283185.307179586	2053.603603603604	3	1.420027673006976	1.3400607792270735e-09	1
6283185.307179586	1997.947947947948	1	-0.6931640579874605	-1.7470897382963662e-09	0
6283185.307179586	2923.223223223223	2	1.4770574444665558	5.072004350779796e-10	1
6283185.307179586	2213.613613613614	2	1.5118949263562853	-1.987497115824806e-09	1
6283185.307179586	1719.6696696696697	1	-0.1974026267267026	1.5477834795860428e-09	0
6283185.307179586	578.7287287287287	1	-0.720765221624888	1.8166719769467591e-09	0
6283185.307179586	836.1361361361362	1	1.1240400038890788	-6.759818916763205e-10	2
6283185.307179586	808.3083083083084	2	-0.7794431993840109	1.3339943676489414e-09	0
6283185.307179586	940.4904904904905	1	-0.7663010995988009	-4.869286298169865e-10	1
6283185.307179586	2060.5605605605606	3	-0.46878202147332626	-2.7000638070714614e-10	2
6283185.307179586	1357.9079079079079	3	0.5467511492541313	-5.287565021952365e-10	0
6283185.307179586	1023.973973973974	1	1.2284194384545173	-1.749949950474663e-09	1
6283185.307179586	766.5665665665666	1	0.44858841696207374	-6.972598252739824e-10	1
6283185.307179586	3674.574574574575	2	0.6355626265934564	-1.0563828457215988e-09	0
6283185.307179586	2039.6896896896897	2	-0.8431429893510229	4.2111221653188354e-10	1
6283185.307179586	2338.838838838839	3	0.8239016150947882	1.7022616975696135e-10	2
6283185.307179586	2693.643643643644	2	0.16045496661176006	-7.71031005532878e-10	0
6283185.307179586	2512.762762762763	1	0.9293715029388565	1.733654890408033e-09	0
6283185.307179586	2053.603603603604	1	1.5680350248935508	1.1951751647401833e-09	1
6283185.307179586	1330.08008008008	3	-1.4172216382258358	5.96836102414808e-10	2
6283185.307179586	2269.2692692692694	3	0.7222524502243406	-1.4011220243778984e-09	0
6283185.307179586	1657.0570570570571	1	-1.404245770027385	1.555186326146141e-09	2
6283185.307179586	2491.891891891892	1	-1.3002179196934405	-1.6990885424239761e-09	0
6283185.307179586	4189.389389389389	1	0.960498506052097	1.0202278349527265e-09	0
6283185.307179586	2443.193193193193	1	0.3035775509504972	-5.859477609512941e-10	0
6283185.307179586	1121.3713713713714	2	0.5620290464468951	-1.245607349547262e-09	0
6283185.307179586	1531.8318318318318	3	0.1472589073072057	-4.062460585068988e-10	1
6283185.307179586	3876.3263263263266	2	0.5297727605507991	1.0181751501619843e-10	2
6283185.307179586	2123.1731731731734	1	0.34756055371848427	3.9001086265107466e-10	1
6283185.307179586	1065.7157157157158	1	-0.2467259722429802	-6.085027458110837e-10	1
6283185.307179586	2144.0440440440443	3	0.714408096560597	1.3666572379996275e-10	1
6283185.307179586	2227.5275275275276	1	-0.6938813675559883	1.261901622420484e-09	0
6283185.307179586	1260.5105105105106	2	1.1836592799516517	-1.0997129080966937e-09	1
6283185.307179586	1573.5735735735736	1	0.6769086824716335	-1.5532760553064954e-09	0
6283185.307179586	1768.3683683683685	3	1.3841172143699887	1.869124572942633e-09	2
6283185.307179586	1698.7987987987988	1	0.4289429389199204	-7.713420688104717e-10	0
6283185.307179586	1051.801801801802	2	-0.7502384028644321	4.3867785754973713e-10	2
6283185.307179586	3020.6206206206207	1	-1.0792311783464652	4.712029827412425e-10	2
6283185.307179586	2046.6466466466468	2	0.10215378608123848	1.791969618410572e-10	2
6283185.307179586	3090.19019019019	2	0.846995900063257	-1.1213340141809974e-09	0
6283185.307179586	905.7057057057058	2	-0.9077398293331223	1.8246770682328555e-09	0
6283185.307179586	1093.5435435435436	2	-0.9476888897971956	-1.5939644238360865e-09	0
6283185.307179586	2603.2032032032034	1	-0.0893838905908877	3.9129404115036505e-10	0
6283185.307179586	794.3943943943945	2	0.25968738322960094	-4.1761756008724185e-10	2
6283185.307179586	2484.934934934935	2	-1.4546311530859264	4.667354918338255e-10	2
6283185.307179586	1490.0900900900901	1	-1.1659628877957324	1.4400480414819596e-09	0
6283185.307179586	1350.950950950951	2	0.30046205087492006	-2.2232408493951988e-10	1
6283185.307179586	2450.1501501501502	3	-0.16057749056454274	3.253648619425451e-10	2
6283185.307179586	2394.4944944944946	2	0.360257991409052	-1.4962178803666163e-09	0
6283185.307179586	1128.3283283283283	1	-1.369082684740357	-1.885457413634769e-09	2
6283185.307179586	968.3183183183183	2	-1.2572674120954428	-4.4205457307843374e-10	1
6283185.307179586	1267.4674674674675	3	0.983757275113339	-5.015197193811009e-10	1
6283185.307179586	2095.3453453453453	2	-0.041778184304074095	-1.886720182962121e-09	0
6283185.307179586	3361.511511511512	1	-0.9257692996880671	1.9438611615067373e-09	0
6283185.307179586	2171.871871871872	1	1.1003954192090188	-1.7607330179621293e-09	0
6283185.307179586	1030.930930930931	1	-1.2197598933554856	4.3786372273309987e-10	2
6283185.307179586	1190.940940940941	1	0.5403543153925776	-1.1138552638990543e-09	0
6283185.307179586	3041.4914914914916	1	1.0677502718424248	-8.604106280648881e-10	0
6283185.307179586	2116.2162162162163	1	0.002620595355135258	4.39836100291826e-10	0
6283185.307179586	989.1891891891892	1	-0.5061465827490943	8.120587427198004e-10	0
6283185.307179586	2464.064064064064	2	0.14889018682189992	-5.785130116804713e-10	0
6283185.307179586	1587.4874874874874	1	-1.310646748531815	1.6080631490056926e-09	2
6283185.307179586	293.4934934934935	2	1.4995286361325064	-7.449381078394009e-10	2
6283185.307179586	1914.4644644644645	3	-1.1346950695254014	1.8549479548083507e-09	0
6283185.307179586	2095.3453453453453	2	0.37283958797346006	1.8512734485518154e-09	0
6283185.307179586	2672.772772772773	3	1.1378820741368454	1.6221985851067793e-09	0
6283185.307179586	2568.4184184184187	1	-0.734444828128559	-9.51849862437511e-10	0
6283185.307179586	1538.788788788789	3	-1.139359010616008	-4.2348584340035176e-10	2
6283185.307179586	2784.084084084084	1	0.7246646884746637	-4.784334460279373e-10	1
6283185.307179586	2624.0740740740744	3	0.5874550440714748	-1.5842419420396105e-09	0
6283185.307179586	2234.4844844844847	2	0.6946238050828559	1.0415254006406783e-09	0
6283185.307179586	2185.7857857857857	3	0.7570011990748688	7.783966040787398e-10	0
6283185.307179586	1302.2522522522522	3	-0.6559270213537206	-1.3418609194098518e-10	2
6283185.307179586	2074.474474474475	2	0.9191548573443455	6.02418705909366e-10	2
6283185.307179586	1664.014014014014	3	-1.5497420741591736	-9.374389297332924e-10	1
6283185.307179586	1865.7657657657658	2	-1.2163590134710895	-1.4274275891618346e-10	2
6283185.307179586	1267.4674674674675	2	-0.9297265283699478	1.917854755774311e-09	0
6283185.307179586	870.9209209209209	2	0.10205491729943938	8.591297965173434e-10	0
6283185.307179586	2317.967967967968	1	1.3486078593936481	-2.0615544448682058e-10	2
6283185.307179586	940.4904904904905	3	0.0483103141894059	-1.2018251346989916e-09	0
6283185.307179586	1977.077077077077	1	1.5099758849036777	-1.4581112188505789e-09	2
6283185.307179586	982.2322322322323	2	-0.4846744711323818	-1.9929359488550616e-09	0
6283185.307179586	1524.8748748748749	2	0.5088490787535349	1.4361950425860465e-09	0
6283185.307179586	2589.289289289289	1	1.2582211247505786	-1.1845683854155477e-09	1
6283185.307179586	2025.7757757757759	2	0.35259201087518544	5.86408706602395e-11	1
6283185.307179586	2123.1731731731734	3	-0.09863437053886948	7.353957084968344e-10	0
6283185.307179586	2018.818818818819	2	-0.6406542311645708	-7.852291994191281e-10	0
6283185.307179586	1552.7027027027027	1	-0.28915465864137646	-6.912438272071776e-10	0
6283185.307179586	850.0500500500501	1	0.08307778038936386	7.851308160062381e-10	0
6283185.307179586	1608.3583583583584	3	-0.21976648411104538	1.9565488502497683e-09	0
6283185.307179586	3278.028028028028	1	-1.5261433904857002	-4.760332246904949e-10	2
6283185.307179586	453.5035035035035	1	-0.8114735759273507	1.5857127886233966e-09	0
6283185.307179586	1010.0600600600601	3	0.03280506327295307	-7.688352079726775e-10	0
6283185.307179586	1719.6696696696697	2	-1.4140707405940993	-3.884736125648606e-11	1
6283185.307179586	1079.6296296296296	2	0.558367164789435	1.8662701206026914e-09	0
6283185.307179586	1907.5075075075076	1	-0.382179196953252	3.597189675042946e-10	2
6283185.307179586	1490.0900900900901	1	0.6612037258424794	1.7168120615604966e-09	0
6283185.307179586	947.4474474474474	3	-1.1859388721443327	1.9286291183023516e-10	2
6283185.307179586	2116.2162162162163	1	-1.4946727259839727	-1.7468229114904081e-09	1
6283185.307179586	1740.5405405405406	2	-1.0965301533181582	-8.820506713832602e-10	1
6283185.307179586	488.2882882882883	2	-0.9108534043728701	-3.794486721314958e-10	1
6283185.307179586	3284.984984984985	2	0.770218052694843	-5.118495020105196e-10	1
6283185.307179586	2039.6896896896897	2	-0.2453303180253137	1.70077309182068e-09	0
6283185.307179586	829.1791791791792	1	-1.2017987964609258	-1.4725714119585952e-09	2
6283185.307179586	2415.3653653653655	1	0.6970133017238749	-9.443765305264434e-10	0
6283185.307179586	2018.818818818819	2	-1.249859736073283	8.300959932820603e-10	1
6283185.307179586	620.4704704704704	1	-1.1944254464896025	1.258515108381765e-09	2
6283185.307179586	1830.980980980981	3	0.41221809761611405	1.2092726247043515e-09	0
6283185.307179586	1183.983983983984	3	0.07549408778542399	2.0387926398318353e-10	1
6283185.307179586	1483.1331331331332	2	0.3980509359752278	7.250552576964641e-10	0
6283185.307179586	877.877877877878	3	-1.3676109902286844	-9.963455419125067e-10	2
6283185.307179586	3069.319319319319	2	-0.1671311169110956	7.455239958665964e-10	0
6283185.307179586	1323.1231231231232	3	0.9377993970674781	-1.6099825001536914e-09	0
6283185.307179586	3305.855855855856	1	-0.417262835024669	5.945978726336875e-10	0
6283185.307179586	982.2322322322323	3	0.2714750105300101	8.64387305536968e-11	2
6283185.307179586	2763.2132132132133	3	0.9333972119720331	2.732473345952687e-10	2
6283185.307179586	1643.143143143143	2	0.7856636662421734	-1.7736362199016296e-09	0
6283185.307179586	2074.474474474475	2	-0.7350957471323072	3.428443747158537e-10	1
6283185.307179586	1510.960960960961	2	-0.6835335360692006	-7.849270147336399e-10	0
6283185.307179586	2144.0440440440443	2	-1.506940387941608	1.026693022131422e-11	1
6283185.307179586	1337.0370370370372	2	0.9704987741911073	1.0077538506140128e-09	0
6283185.307179586	1378.7787787787788	3	1.3941121107679764	-1.4115014589177554e-09	1
6283185.307179586	1149.1991991991993	3	-0.6379524141321025	-1.962721090747807e-09	0
6283185.307179586	961.3613613613613	1	0.07100998554698457	-9.402908083160972e-11	2
6283185.307179586	1309.2092092092093	2	0.44097076182464434	1.6152992240213458e-09	0
6283185.307179586	2450.1501501501502	3	-1.125566870399945	1.5681940606596774e-09	0
6283185.307179586	954.4044044044044	3	-1.5245495807300191	-1.4687187346971544e-09	2
6283185.307179586	2749.2992992992995	3	-0.585591033907903	1.1279613858435767e-09	0
6283185.307179586	1309.2092092092093	3	-0.6067790243758177	1.3124344319277608e-09	0
6283185.307179586	2220.5705705705705	3	-1.431323715452166	-4.3363662480595534e-10	1
6283185.307179586	2331.881881881882	1	1.0780101054274343	1.1641309619650833e-09	0
6283185.307179586	1100.5005005005005	1	1.0667460178935233	1.2710165515084732e-09	0
6283185.307179586	2651.901901901902	2	0.6336822874347425	-1.9601946449513133e-09	0
6283185.307179586	669.1691691691692	3	0.8018089486725573	6.17016168712862e-10	2
6283185.307179586	1531.8318318318318	3	-0.02978920815607511	-8.657206275548259e-10	0
6283185.307179586	2283.1831831831832	2	-1.3469219461086386	9.783602781384978e-10	2
6283185.307179586	1343.993993993994	1	-0.04129600751986384	1.471750562067894e-10	2
6283185.307179586	1037.887887887888	1	-1.2501446157110947	7.70132026280174e-10	1
6283185.307179586	2714.5145145145148	1	-1.3451461328998602	2.479021371501754e-10	2
6283185.307179586	1775.3253253253254	3	-0.621098370741825	5.554687346215307e-10	2
6283185.307179586	2213.613613613614	1	0.3320738801513079	-1.8138300561479324e-09	0
6283185.307179586	2707.5575575575576	1	0.23165067925516603	4.418891530284345e-10	0
6283185.307179586	1900.5505505505505	2	1.0591862470660423	1.4114980867797403e-09	0
6283185.307179586	940.4904904904905	3	0.8393461794350765	1.3138029814497281e-09	0
6283185.307179586	2157.957957957958	3	-1.47574323870408	-1.3379610825121984e-09	2
6283185.307179586	1886.6366366366367	3	-0.8156108695654974	-7.413879210578225e-10	0
6283185.307179586	808.3083083083084	1	-1.0447433450052217	1.6492338003952828e-09	0
6283185.307179586	780.4804804804805	1	-0.03428051336162685	1.5101342035532405e-09	0
6283185.307179586	1851.851851851852	2	1.232462740975341	-6.320653232546905e-10	2
6283185.307179586	1524.8748748748749	1	1.3425739799926877	-1.5933738134899685e-09	1
6283185.307179586	2366.6666666666665	3	-1.3454728747051237	-8.653341420823443e-11	2
6283185.307179586	2902.352352352352	3	0.1725123857320976	-1.0845376539044055e-09	0
6283185.307179586	1135.2852852852852	2	0.7298747569579684	-6.805516490394421e-10	2
6283185.307179586	2561.4614614614616	3	1.037916750672213	-7.025822599720458e-10	1
6283185.307179586	1030.930930930931	2	-1.1458972767060642	-3.520513310222188e-10	1
6283185.307179586	2457.1071071071074	2	-0.5942058345119203	1.0572892220317376e-09	0
6283185.307179586	2151.001001001001	2	0.5406650200411129	-2.426293753788986e-10	2
6283185.307179586	2324.924924924925	2	0.7772159109184136	6.049563113677984e-10	0
6283185.307179586	1281.3813813813815	2	-0.7420582540912026	-1.965560980862627e-09	0
6283185.307179586	2025.7757757757759	1	-1.1640262301345614	-1.0658953197284286e-09	1
6283185.307179586	2394.4944944944946	2	-0.741549879591466	9.470081368380769e-10	0
6283185.307179586	3417.1671671671675	2	-0.33741710840257344	7.885777947473145e-10	0
6283185.307179586	2512.762762762763	1	1.1749947220366113	4.547190398095732e-10	2
6283185.307179586	1719.6696696696697	2	-1.3927756513584453	9.140060325801886e-10	2
6283185.307179586	3034.5345345345345	1	-1.1462493274156953	1.9714985612093954e-09	0
6283185.307179586	1921.4214214214214	1	1.2252519058043796	1.3740027094277055e-09	0
6283185.307179586	3048.4484484484487	3	1.5084275487189172	1.838406451147736e-09	2
6283185.307179586	2512.762762762763	2	-0.4920330956702068	-6.394000269504287e-10	0
6283185.307179586	2839.73973973974	3	-1.3563892956442491	-8.403293712303919e-10	2
6283185.307179586	641.3413413413414	2	0.1254312957470336	-2.970198942776655e-10	1
6283185.307179586	363.06306306306305	2	-1.1161798938047065	1.7487141502616628e-09	1
6283185.307179586	2944.094094094094	1	-0.6207550766278397	-9.44829238148127e-10	0
6283185.307179586	2234.4844844844847	3	-1.0703817148848778	-1.4015029368254972e-09	0
6283185.307179586	2728.4284284284286	2	-0.5304911693481018	3.7720942983192923e-10	1
6283185.307179586	1636.1861861861862	1	-1.2650913116797813	-1.2787324334921064e-09	2
6283185.307179586	606.5565565565565	2	-0.8422881063619913	-1.6025155767029223e-09	0
6283185.307179586	2533.6336336336335	3	0.43399038812767543	-2.3353785249147084e-10	2
6283185.307179586	2178.828828828829	1	0.9289395337648765	-1.6485643803786188e-09	0
6283185.307179586	1267.4674674674675	2	-0.003998490222339335	-1.6029852562385956e-09	0
6283185.307179586	4147.647647647647	1	-0.047855278235325205	-1.0975682973513013e-09	0
6283185.307179586	989.1891891891892	3	0.9369811130568468	-1.2987413026057753e-09	0
6283185.307179586	1434.4344344344345	1	-1.2817532164889178	-1.5172661244740323e-09	2
6283185.307179586	2227.5275275275276	2	1.1824960208747566	1.3890056900683305e-09	0
6283185.307179586	1566.6166166166167	1	0.1749552112810897	-4.757272950270339e-10	2
6283185.307179586	2533.6336336336335	1	-0.3059976875006625	-1.5645803926045927e-09	0
6283185.307179586	1114.4144144144145	3	-0.05259702709544123	1.9988023203983315e-09	0
6283185.307179586	2011.8618618618618	3	1.4393695525858963	-7.955808333079607e-10	2
6283185.307179586	1086.5865865865867	3	-1.350492966562641	-1.4614712657882887e-09	2
6283185.307179586	1316.1661661661662	1	0.12108074455956719	-7.808057729601191e-10	0
6283185.307179586	2171.871871871872	3	-1.2303492906991722	-1.2991656925443418e-09	0
6283185.307179586	926.5765765765766	1	0.052066895209042174	-1.3659744677221446e-09	0
6283185.307179586	1142.2422422422424	1	-1.1001591629795313	-1.4490287385948717e-09	0
6283185.307179586	891.7917917917919	3	0.04193467481489366	2.9114731630497244e-10	1
6283185.307179586	961.3613613613613	3	-1.082147290722928	-1.7213749878654819e-09	0
6283185.307179586	1462.2622622622623	3	-0.7483248446726996	-8.640651290774675e-10	0
6283185.307179586	1170.0700700700702	3	-1.0930942064151568	-7.25611433314731e-10	2
6283185.307179586	2651.901901901902	2	-1.2161101345218999	-1.1786834081917596e-09	0
6283185.307179586	2227.5275275275276	2	-0.08680872328875333	1.9592809178617653e-09	0
6283185.307179586	954.4044044044044	3	0.7869073233617212	3.5519385516274634e-10	1
6283185.307179586	2735.3853853853852	1	-1.163650438329735	7.676281414467362e-11	1
6283185.307179586	1170.0700700700702	3	1.0725637605136997	1.3776595967797969e-09	0
6283185.307179586	1921.4214214214214	1	1.2314700147272344	-3.432147048796304e-10	2
6283185.307179586	1406.6066066066066	2	-0.11616225058987428	1.8381718459176505e-09	0
6283185.307179586	1935.3353353353355	1	1.3689346625144592	2.211561054818079e-10	2
6283185.307179586	1970.1201201201202	1	-1.2013579141352102	-1.1562488529787318e-09	1
6283185.307179586	1170.0700700700702	3	0.9994787479847758	1.1565148225269662e-09	0
6283185.307179586	1246.5965965965966	2	1.3198410588209253	1.4291478613218488e-09	2
6283185.307179586	599.5995995995996	3	0.6124495623164496	-1.6028459959155425e-09	0
6283185.307179586	2039.6896896896897	3	-1.4241696199464977	-7.405853725198056e-10	2
6283185.307179586	2575.3753753753754	3	0.19448039344600998	1.9097118682335337e-09	0
6283185.307179586	2526.676676676677	1	0.5819578481298966	1.7517677803068394e-09	0
6283185.307179586	759.6096096096096	2	0.5936076533202974	-1.995061915484092e-09	0
6283185.307179586	2032.7327327327328	2	0.21657619646918636	7.123643866883073e-10	0
6283185.307179586	1775.3253253253254	1	-1.4220380018331327	1.5191309165559854e-09	2
6283185.307179586	1559.6596596596596	1	0.2696465079627657	-1.5797954614263327e-09	0
6283185.307179586	996.1461461461462	2	-1.4519601274101193	5.091447699272909e-10	1
6283185.307179586	2589.289289289289	2	-0.33162118669346374	-1.6234524895869382e-09	0
6283185.307179586	2533.6336336336335	3	-0.4449285892578312	-8.654779356833724e-10	0
6283185.307179586	1427.4774774774776	1	1.1565066882070703	-5.2883317686380615e-11	2
6283185.307179586	1253.5535535535537	2	0.3148264987253626	-9.6761906433703e-10	0
6283185.307179586	724.8248248248249	3	-0.5768588445008848	-1.1617678216406114e-09	0
6283185.307179586	1670.970970970971	3	-1.494654284601723	1.4762739415107892e-11	2
6283185.307179586	3208.4584584584586	2	1.3594816776670666	-3.556105213622023e-10	1
6283185.307179586	2234.4844844844847	1	0.0962879084434447	-7.423065275121928e-10	0
6283185.307179586	1517.917917917918	1	-0.34395897857761937	1.5779385259264224e-11	2
6283185.307179586	2283.1831831831832	3	0.8289930133137173	8.506016613030513e-10	0
6283185.307179586	1650.1001001001002	3	0.9133690298365784	-7.148716293866123e-10	0
6283185.307179586	2797.997997997998	3	-0.2684686922526529	-1.1090073567195732e-09	0
6283185.307179586	2151.001001001001	3	0.1451556100434579	1.4898683437678705e-09	0
6283185.307179586	1497.047047047047	2	1.0677350757199804	-1.8354472509878479e-09	0
6283185.307179586	1371.821821821822	3	-0.6637812590012757	-9.321497940573137e-10	0
6283185.307179586	1037.887887887888	3	-0.09559019134263957	-3.5167979423499875e-11	1
6283185.307179586	1385.7357357357357	3	-0.29273683837996445	-5.325760071039812e-10	0
6283185.307179586	2018.818818818819	1	0.6218310810556478	-1.53903722737603e-09	0
6283185.307179586	3695.4454454454453	2	1.1140166433040921	1.4309885215050798e-10	1
6283185.307179586	857.007007007007	2	-0.3400854449310031	-1.895584866176032e-09	0
6283185.307179586	780.4804804804805	2	1.3723951848515186	1.7511786539459672e-09	1
6283185.307179586	1023.973973973974	1	1.4461774992128857	1.6079856823423837e-10	2
6283185.307179586	2109.259259259259	1	-0.4387752069741462	-1.4029775662757481e-09	0
6283185.307179586	2157.957957957958	1	-0.5592362566119569	1.4056108872370858e-09	0
6283185.307179586	1559.6596596596596	3	0.4112538351407673	-6.298818609307129e-12	1
6283185.307179586	2387.5375375375374	3	1.1634579910271334	1.8206587941384371e-09	0
6283185.307179586	2178.828828828829	1	0.5203233713052811	1.898973033775812e-09	0
6283185.307179586	905.7057057057058	3	1.2694570447676998	5.861949436687463e-10	1
6283185.307179586	3556.3063063063064	3	0.9467526322640882	5.869192302657921e-11	1
6283185.307179586	397.84784784784785	3	0.9406057608620002	1.431925326038824e-09	2
6283185.307179586	1552.7027027027027	1	-0.9573969092667937	-1.931830606037453e-09	0
6283185.307179586	2387.5375375375374	2	1.3313573857527476	1.248662190020578e-10	2
6283185.307179586	1281.3813813813815	3	0.32108903338873507	1.9967722297303248e-09	0
6283185.307179586	1218.7687687687687	1	-1.415769843880047	-3.73221101176834e-10	1
6283185.307179586	2944.094094094094	3	1.3099697130567525	1.3487282766012633e-09	1
6283185.307179586	2109.259259259259	1	-0.1338177108017513	3.432220759469756e-10	2
6283185.307179586	1949.2492492492493	1	0.12387088100777821	-5.886960725702602e-11	2
6283185.307179586	884.8348348348349	2	-0.7130818490154666	-1.0641163301184808e-09	0
6283185.307179586	1566.6166166166167	3	1.3798785458050133	9.730740181841412e-10	1
6283185.307179586	1754.4544544544544	3	1.3444034971883778	1.930325020491622e-10	2
6283185.307179586	2394.4944944944946	3	1.3185293415434707	5.884298518554502e-10	2
6283185.307179586	1907.5075075075076	1	1.3538349403570589	9.2239353819219e-10	2
6283185.307179586	752.6526526526527	1	0.3062025934944559	-3.0843260279927426e-10	2
6283185.307179586	2227.5275275275276	1	-0.24776704946435357	6.989790363582632e-10	0
6283185.307179586	1608.3583583583584	1	-0.9479545056471891	8.148697166408072e-10	0
6283185.307179586	2443.193193193193	3	-1.260998653158232	1.2056761915016526e-10	2
6283185.307179586	954.4044044044044	3	-0.06603875586967667	-1.3908557819945574e-09	0
6283185.307179586	2102.3023023023025	3	-0.09042037217060339	1.453709738984913e-09	0
6283185.307179586	1789.2392392392394	2	-0.8021001942265081	-1.5245553564975146e-09	0
6283185.307179586	2220.5705705705705	3	-0.8194691548922898	-8.928777772983489e-10	0
6283185.307179586	2679.72972972973	1	-1.5014604086169916	-4.069148955138398e-11	1
6283185.307179586	1531.8318318318318	2	-0.44739745952295507	-1.541835002242273e-09	0
6283185.307179586	1281.3813813813815	2	0.9602143641727308	1.512399239509341e-09	0
6283185.307179586	1517.917917917918	1	-0.476198465838211	-1.9012306117862797e-09	0
6283185.307179586	1719.6696696696697	1	0.8278235735236343	2.8002594807369226e-10	2
6283185.307179586	1830.980980980981	2	-0.3131462144361574	-1.8719954860573517e-10	1
6283185.307179586	453.5035035035035	1	-0.14691260848789778	-1.8529989079418138e-09	0
6283185.307179586	947.4474474474474	1	0.5972819090024393	2.06148164514922e-10	2
6283185.307179586	1524.8748748748749	3	-0.8401098392246071	1.4195577696874372e-09	0
6283185.307179586	808.3083083083084	3	-0.7800514931567885	-7.730900594281573e-10	0
6283185.307179586	2081.4314314314315	1	-0.7399356647867557	-1.0741362644496486e-09	0
6283185.307179586	1677.927927927928	3	-0.35770168640729616	-1.9100249367049393e-09	0
6283185.307179586	1698.7987987987988	3	0.5792665957989382	-2.981241722494765e-10	2
6283185.307179586	759.6096096096096	3	-1.2175261705224334	2.4511897249967016e-10	2
6283185.307179586	2784.084084084084	3	0.7336268301141784	-1.403285117129174e-09	0
6283185.307179586	543.943943943944	3	1.0648078882932097	1.3051780591922402e-09	2
6283185.307179586	251.75175175175175	2	0.4473344184202208	-1.8176568538783121e-09	0
6283185.307179586	1524.8748748748749	3	-1.5170695625979904	1.2634544348009814e-09	2
6283185.307179586	3090.19019019019	3	1.0900270284298328	-8.989191509116014e-10	0
6283185.307179586	2742.3423423423424	2	1.3071114666223531	-6.061976505374762e-10	1
6283185.307179586	836.1361361361362	3	0.2301473219942307	6.021354070058247e-10	1
6283185.307179586	3361.511511511512	3	-1.1042333461314522	1.5515024471851365e-09	0
6283185.307179586	1712.7127127127128	2	0.3326380498895689	-1.9740318226040612e-09	0
6283185.307179586	1963.1631631631633	3	0.9997127411640161	8.834838437569481e-10	0
6283185.307179586	1107.4574574574574	3	-0.3795945769177149	1.5367841199602675e-09	0
6283185.307179586	2004.904904904905	1	-0.7446555255928073	1.08748338856042e-10	1
6283185.307179586	2693.643643643644	1	-0.0007137738254971993	1.2122305110906985e-09	0
6283185.307179586	502.2022022022022	3	-0.5866967172110087	-2.4064149038320334e-12	2
6283185.307179586	2498.848848848849	1	-0.08749786422385597	-5.179491427776971e-10	0
6283185.307179586	1100.5005005005005	3	0.12507523027991185	-1.399843225797492e-09	0
6283185.307179586	3403.253253253253	1	0.2625430974236702	-1.7369039490103393e-09	0
6283185.307179586	1622.2722722722724	1	0.2049648534372157	7.265415187406854e-10	0
6283185.307179586	745.6956956956957	3	0.7282702864953152	1.0139016510881037e-09	1
6283185.307179586	731.7817817817818	3	-1.0253591501427497	1.000947017244732e-09	2
6283185.307179586	724.8248248248249	3	0.39342080734774987	1.7285374342657264e-09	0
6283185.307179586	2018.818818818819	2	-0.21580725069646256	-5.1880925325054183e-11	2
6283185.307179586	585.6856856856857	1	-0.7396238769282382	-7.8016316688977e-11	2
6283185.307179586	2352.7527527527527	2	1.3301421707338683	-1.0315644086004676e-09	1
6283185.307179586	1274.4244244244244	1	0.47356511445659866	1.184568565192896e-09	0
6283185.307179586	1970.1201201201202	2	0.1157062650947307	9.108239295811512e-10	0
6283185.307179586	3417.1671671671675	2	0.32553039413367757	1.6407585358391927e-09	0
6283185.307179586	1747.4974974974975	1	0.26018987332060606	8.484032036249295e-10	0
6283185.307179586	1003.1031031031031	1	-1.3733652816256279	1.891902789205487e-09	2
6283185.307179586	926.5765765765766	1	0.7867230282178919	-1.3519831713562271e-09	0
6283185.307179586	1260.5105105105106	3	1.3277219161969387	-5.994667656496868e-10	2
6283185.307179586	536.986986986987	1	0.3801392151663292	1.1753846039440046e-09	0
6283185.307179586	1893.5935935935936	2	0.6865784017570498	1.0790393736531087e-09	0
6283185.307179586	2255.3553553553556	2	-1.0205405450356424	-1.214544858030468e-09	0
6283185.307179586	3632.832832832833	2	1.383890926808375	2.0816215501150072e-10	2
6283185.307179586	2770.1701701701704	3	-0.3677970410896443	1.964445100501724e-09	0
6283185.307179586	1051.801801801802	3	1.2739074777606394	-1.6536873748518866e-09	2
6283185.307179586	1949.2492492492493	3	-1.3462141926534843	1.4813641353239788e-09	1
6283185.307179586	919.6196196196197	2	0.8927353615332554	4.021876118500442e-10	2
6283185.307179586	1406.6066066066066	2	0.7472395711266229	-1.0640402799520487e-10	1
6283185.307179586	1330.08008008008	2	1.0221437240894748	-2.9089448787355993e-10	1
6283185.307179586	2241.4414414414414	1	-1.3836284762852362	-1.5092254604812709e-09	2
6283185.307179586	2164.914914914915	1	0.12311329588799258	1.0621763330167845e-09	0
6283185.307179586	1963.1631631631633	1	1.03200562831019	9.58064321052314e-10	0
6283185.307179586	1865.7657657657658	3	-0.14230323560010483	1.5957162735274948e-09	0
6283185.307179586	1239.6396396396397	1	-1.328872129082361	5.648703995255735e-10	1
6283185.307179586	1636.1861861861862	1	-1.2688794048700638	7.994711839002313e-10	2
6283185.307179586	1441.3913913913914	2	-0.8205774490578758	-9.379206830114459e-11	1
6283185.307179586	2352.7527527527527	3	-0.5002121904682775	1.2832908634510105e-09	0
6283185.307179586	1183.983983983984	1	1.2646590782922718	1.3569504407866763e-09	2
6283185.307179586	1747.4974974974975	1	0.9737248643303733	-6.517166391430914e-10	2
6283185.307179586	314.36436436436435	1	0.08234586700925028	1.924649085798171e-09	0
6283185.307179586	1830.980980980981	3	1.2192099432053745	-1.573265493477156e-10	2
6283185.307179586	1942.2922922922924	3	-1.4752934702198777	1.6109272044397144e-09	2
6283185.307179586	2095.3453453453453	1	0.6675315755978963	2.911010900657241e-10	2
6283185.307179586	342.1921921921922	2	-1.4313711799579445	5.71873334286867e-10	1
6283185.307179586	599.5995995995996	2	1.3819421937687526	3.087599660888735e-10	1
6283185.307179586	1017.017017017017	1	-1.4177593851435129	-7.710817255923402e-10	1
6283185.307179586	926.5765765765766	2	0.8687391522896846	1.165290718415594e-09	0
6283185.307179586	2651.901901901902	3	0.3684594000443522	-8.213822037179415e-10	0
6283185.307179586	2540.5905905905906	2	-1.269560117943172	1.1547623215021458e-09	2
6283185.307179586	1044.8448448448448	3	-1.2421250244779007	1.7085843334904685e-09	2
6283185.307179586	1858.8088088088089	1	1.0778117914506624	-1.4309414893653323e-09	0
6283185.307179586	3507.607607607608	2	-1.0817814493783207	2.1768747654723795e-11	2
6283185.307179586	2958.008008008008	2	-0.26396609777919555	-5.959001504611346e-10	0
6283185.307179586	1455.3053053053054	3	-0.09590778815666501	-2.758741039497972e-11	2
6283185.307179586	1302.2522522522522	2	1.4777427173536348	-3.0313545290283903e-10	2
6283185.307179586	1197.897897897898	3	1.0628963629820811	2.7978719408344494e-10	1
6283185.307179586	780.4804804804805	1	-1.2353994415133078	-1.5927250903211558e-10	2
6283185.307179586	1183.983983983984	2	0.33113695496846707	-1.1232384002525277e-09	0
6283185.307179586	1740.5405405405406	1	-1.2161993805217364	1.289543620840943e-09	1
6283185.307179586	2032.7327327327328	1	1.3117341588155478	1.0464078291665038e-09	2
6283185.307179586	738.7387387387388	2	0.09213485037697278	-1.0328080092685621e-11	2
6283185.307179586	1239.6396396396397	2	-0.22372943969051673	1.0070164703755415e-09	0
6283185.307179586	822.2222222222223	2	-0.251315990252426	1.663470562502481e-10	1
6283185.307179586	1023.973973973974	1	-1.1920086777339405	-1.1369378418379741e-09	1
6283185.307179586	766.5665665665666	1	-0.9156592018456052	1.7007920893733436e-09	0
6283185.307179586	2505.805805805806	1	0.3517501691636318	-1.1787185407560716e-09	0
6283185.307179586	1824.0240240240241	2	0.059147756577052624	-1.583305293775272e-09	0
6283185.307179586	2944.094094094094	3	0.47685521635754524	-1.9189038475854024e-09	0
6283185.307179586	1615.3153153153153	3	-0.08180573516937106	-1.7668214116451853e-09	0
6283185.307179586	2095.3453453453453	2	1.0503682162214991	-9.768458041903041e-10	0
6283185.307179586	1225.7257257257259	1	0.7847963593438414	9.76784012036184e-10	0
6283185.307179586	3201.5015015015015	1	-0.2901954797634718	5.994428239117622e-10	0
6283185.307179586	2255.3553553553556	2	-0.16897036969725443	-7.981930807151102e-10	0
6283185.307179586	1837.937937937938	1	-1.4897795890101646	-1.1613608135493513e-09	2
6283185.307179586	1726.6266266266266	3	-1.2104629224064436	-1.9837831816980087e-09	0
6283185.307179586	2422.322322322322	3	1.3494871970756983	-1.7207101041183687e-09	1
6283185.307179586	1768.3683683683685	3	0.28891006961145527	-8.708840400010255e-10	0
6283185.307179586	919.6196196196197	2	1.3141252222182596	6.39721971110601e-10	1
6283185.307179586	1170.0700700700702	3	0.8276112916909866	1.4109626114765233e-09	0
6283185.307179586	2220.5705705705705	2	0.19239438973512102	-1.9643674705314193e-09	0
6283185.307179586	2408.4084084084084	2	-1.2843023805452494	1.9621612561701165e-09	0
6283185.307179586	1837.937937937938	2	1.504196760467226	-1.003990703468823e-10	2
6283185.307179586	2484.934934934935	3	0.6408848533388976	1.1692110351208516e-09	0
6283185.307179586	1705.755755755756	2	1.204123489310784	-7.91562387587135e-11	2
6283185.307179586	1330.08008008008	2	1.282264343644492	-1.5465569627163666e-09	2
6283185.307179586	3493.6936936936936	1	0.09240164358949277	1.3907028708492501e-09	0
6283185.307179586	2283.1831831831832	1	1.2585078792832243	4.690262974254839e-10	2
6283185.307179586	1399.6496496496497	1	-0.02792768468085982	-3.3240521723973335e-10	1
6283185.307179586	1364.864864864865	3	-0.03249512591148318	1.4014623806595534e-10	1
6283185.307179586	1392.6926926926926	3	0.04143939272774255	-5.734481236712364e-10	0
6283185.307179586	599.5995995995996	2	-0.46488719727815564	8.304224894476996e-10	0
6283185.307179586	1657.0570570570571	1	0.19507395320653065	8.605855173141372e-10	0
6283185.307179586	383.93393393393393	3	-0.6361588059224175	4.113295237940806e-10	2
6283185.307179586	1517.917917917918	3	1.1940341476148122	1.0286091994892784e-09	2
6283185.307179586	2311.011011011011	1	1.0270486484267165	-5.375152831985255e-10	2
6283185.307179586	1010.0600600600601	3	-0.46282051699116256	-1.92255067486224e-09	0
6283185.307179586	2067.5175175175173	1	0.9301147312112406	1.2272433321409123e-09	0
6283185.307179586	1844.8948948948948	2	-0.5754649551588626	1.636576328586384e-10	2
6283185.307179586	1260.5105105105106	1	0.4412479745831348	-3.79926278772754e-10	2
6283185.307179586	787.4374374374374	3	0.7209155997952164	1.8765330144045807e-09	0
6283185.307179586	1149.1991991991993	2	0.23107823791674975	8.058069205158043e-10	0
6283185.307179586	1030.930930930931	3	1.4600893561365589	-7.888660927472425e-10	1
6283185.307179586	641.3413413413414	2	1.4740973334031438	1.7019667903248467e-10	2
6283185.307179586	1657.0570570570571	3	0.47223507040496626	1.0930924220827651e-09	0
6283185.307179586	1956.2062062062062	1	-0.5767179659162701	-1.4668054578508945e-09	0
6283185.307179586	2324.924924924925	3	-0.3128718717787775	1.2766592912059586e-09	0
6283185.307179586	2109.259259259259	2	-1.3314066795160289	1.738183295778749e-09	1
6283185.307179586	2672.772772772773	1	-0.34745140089494986	2.512862061120908e-11	1
6283185.307179586	1253.5535535535537	1	1.1968105607035806	6.685343236473352e-10	2
6283185.307179586	1267.4674674674675	3	-1.3180605307973938	-2.337477545051518e-10	2
6283185.307179586	2742.3423423423424	2	-0.005780281748439586	1.7222609096709533e-09	0
6283185.307179586	1295.2952952952953	2	0.9665644368624857	-1.1617772182672255e-09	0
6283185.307179586	1566.6166166166167	2	-0.17110599730471887	1.3080860534308616e-09	0
6283185.307179586	2213.613613613614	3	-0.728070177766537	7.073860790073008e-10	0
6283185.307179586	891.7917917917919	3	0.10716312071004075	-1.332165338059119e-10	2
6283185.307179586	1017.017017017017	3	0.5596657548555721	3.855803028417702e-10	2
6283185.307179586	1587.4874874874874	3	0.7185341848837044	4.2395957786387394e-10	1
6283185.307179586	1371.821821821822	3	1.1032999091210023	1.4018245937515577e-09	0
6283185.307179586	1580.5305305305305	3	-0.1999245107612213	1.992144962544074e-09	0
6283185.307179586	1267.4674674674675	1	-0.49944662204315904	-2.735971516919662e-10	1
6283185.307179586	1872.7227227227227	3	0.9722194748660504	-1.4428722136675726e-09	0
6283185.307179586	801.3513513513514	2	0.4752167680740116	-1.7310909574901704e-09	0
6283185.307179586	1803.1531531531532	3	1.5021871123437935	6.886745828248702e-10	1
6283185.307179586	1719.6696696696697	1	0.19284480632524126	-1.5149853908246357e-09	0
6283185.307179586	2707.5575575575576	1	-0.19547107924766438	7.480713385067025e-10	0
6283185.307179586	836.1361361361362	1	0.7893129263405867	1.2734706453472902e-09	0
6283185.307179586	2679.72972972973	1	-0.06644186190649504	-1.736424258798456e-09	0
6283185.307179586	780.4804804804805	3	-0.3137616658026958	-1.7589443171108737e-09	0
6283185.307179586	1601.4014014014015	3	-0.11414362446099746	6.046847459074146e-11	1
6283185.307179586	2665.8158158158158	3	-0.7913330947522956	1.9341116338422292e-09	0
6283185.307179586	1559.6596596596596	2	0.024638637116134676	1.5889107079677642e-10	2
6283185.307179586	1093.5435435435436	1	-0.25834214269132905	4.1390389199303063e-10	1
6283185.307179586	1865.7657657657658	3	0.08442718201716604	1.9047762930664767e-09	0
6283185.307179586	2373.6236236236236	1	-1.1915230588162489	1.4104514605377792e-09	0
6283185.307179586	1385.7357357357357	1	-0.5278373947801571	-1.5877357851736698e-09	0
6283185.307179586	1643.143143143143	3	0.627492556508078	1.5247434940679782e-09	0
6283185.307179586	1260.5105105105106	3	0.7958682299746958	1.1838940315659762e-09	0
6283185.307179586	2491.891891891892	3	-0.19432602350096628	-2.6894664353172446e-10	2
6283185.307179586	2102.3023023023025	3	0.8554161635815278	-1.173254495701412e-09	0
6283185.307179586	1357.9079079079079	1	-0.5668686279177813	9.356575620340445e-10	0
6283185.307179586	2728.4284284284286	3	0.47067487226469407	7.971696856420321e-10	0
6283185.307179586	1476.176176176176	2	0.8612083284006982	7.340266768700643e-10	1
6283185.307179586	2018.818818818819	2	0.8683435271257718	-1.1344506259275713e-09	0
6283185.307179586	2631.031031031031	1	-1.38086273003016	5.947539930529098e-10	2
6283185.307179586	2060.5605605605606	3	-0.0945382027664512	-1.1890771930884942e-09	0
6283185.307179586	2157.957957957958	3	-1.4435218226418347	-1.7061615160179666e-09	2
6283185.307179586	1371.821821821822	3	-1.3041930607962153	-1.3518825718382033e-09	1
6283185.307179586	376.97697697697697	1	1.0948922035596502	-1.8418780119776785e-09	2
6283185.307179586	3187.5875875875877	3	1.198552601606527	-6.598921841032367e-10	1
6283185.307179586	1719.6696696696697	2	0.5772529139867553	1.98252204715341e-09	0
6283185.307179586	4050.2502502502502	1	-0.7379809652852998	2.6808684522365016e-10	2
6283185.307179586	1740.5405405405406	1	-0.45884760494703025	-7.796022737662624e-10	0
6283185.307179586	1058.7587587587586	1	-0.3218706449446036	1.635900132824166e-09	0
6283185.307179586	2053.603603603604	1	0.6533516813801015	1.418856156439873e-09	0
6283185.307179586	669.1691691691692	2	0.9113073745698146	-4.738053585676582e-10	1
6283185.307179586	808.3083083083084	1	-0.713956987419717	-1.098519602087882e-09	1
6283185.307179586	2262.3123123123123	1	-0.252372610543111	-1.4150666979344836e-09	0
6283185.307179586	564.8148148148148	3	-0.31032984788325146	-1.4894761319109568e-09	0
6283185.307179586	2985.835835835836	2	-0.30829793456784516	2.5895165874027193e-10	2
6283185.307179586	1691.8418418418419	1	0.2884485363420737	-1.7337079621849637e-09	0
6283185.307179586	766.5665665665666	2	-0.9926895271690134	1.7448992624735865e-09	0
6283185.307179586	1733.5835835835837	2	1.029009125974098	1.2901750462137671e-09	0
6283185.307179586	1079.6296296296296	2	1.339162181506973	-9.408411662415143e-10	2
6283185.307179586	1399.6496496496497	1	1.0495008805871269	-5.972564695317492e-10	2
6283185.307179586	3298.898898898899	2	1.3264882519447392	1.4081400739542535e-09	1
6283185.307179586	1455.3053053053054	1	-0.7100674709261845	1.3952908651353256e-09	0
6283185.307179586	1893.5935935935936	3	-0.9471360523500325	6.352397540518883e-10	1
6283185.307179586	1364.864864864865	2	-0.5094462905170241	6.707332759619945e-10	0
6283185.307179586	2109.259259259259	2	-1.34784114761112	1.053307662061293e-09	2
6283185.307179586	1246.5965965965966	1	1.3779073697564264	-7.366618633594758e-10	2
6283185.307179586	2637.987987987988	2	0.8402835951359315	-1.134990099354496e-09	0
6283185.307179586	3166.7167167167167	3	1.3725101088587097	8.239649119683853e-10	2
6283185.307179586	2102.3023023023025	1	-0.4857500519793341	3.6983950123457356e-10	2
6283185.307179586	2199.6996996997	1	0.17717571769967666	1.7106411476916977e-09	0
6283185.307179586	2679.72972972973	2	1.2601464247486778	-1.891144551659799e-09	0
6283185.307179586	1343.993993993994	1	-0.15446154087791286	1.582455926802268e-09	0
6283185.307179586	2345.795795795796	3	-0.6343692171170993	1.0387726067669513e-09	0
6283185.307179586	2192.742742742743	2	0.30139755620496067	-1.0654187572824361e-09	0
6283185.307179586	1177.027027027027	2	-1.2154027913774643	-6.228033941023728e-10	1
6283185.307179586	759.6096096096096	3	0.6109425997575317	-8.157412389522102e-10	0
6283185.307179586	1858.8088088088089	2	-1.0963206389503315	-1.5458840213855748e-10	1
6283185.307179586	1914.4644644644645	3	1.074815508165674	8.033038513583347e-10	2
6283185.307179586	1740.5405405405406	2	-0.1756606891092154	-3.730794701286229e-10	2
6283185.307179586	383.93393393393393	2	-0.5426261805213577	7.845152108762714e-11	1
6283185.307179586	1023.973973973974	3	1.352520995885223	-1.3838882184911756e-09	2
6283185.307179586	745.6956956956957	1	1.1945248527908312	1.159652548454417e-09	2
6283185.307179586	1914.4644644644645	1	-0.9850189606418552	1.2414398113479615e-09	0
6283185.307179586	1392.6926926926926	3	-0.16090641611288925	1.0745770398393432e-10	2
6283185.307179586	2874.5245245245246	1	0.5052368706606178	1.7261356059192042e-09	0
6283185.307179586	1698.7987987987988	2	-0.11253861208050653	-1.5542495903859198e-09	0
6283185.307179586	2032.7327327327328	1	-0.006692809522121479	-1.417981781225024e-09	0
6283185.307179586	919.6196196196197	3	-0.1435489601076516	-1.7504416456100796e-09	0
6283185.307179586	836.1361361361362	3	-0.7196592192475175	-9.038322473093867e-10	0
6283185.307179586	1970.1201201201202	1	-0.2275936527464193	6.33737759788685e-10	0
6283185.307179586	2763.2132132132133	3	0.5147314217444099	1.1239626025604734e-09	0
6283185.307179586	1190.940940940941	3	-1.1504001629315843	-1.676968181067172e-09	0
6283185.307179586	2471.021021021021	2	-0.8851418671122376	-1.933173610160098e-09	0
6283185.307179586	2220.5705705705705	3	-1.123351533060425	-3.334049480862906e-10	2
6283185.307179586	2067.5175175175173	1	-0.369236068165697	1.3629312681544588e-09	0
6283185.307179586	1371.821821821822	2	-1.053402468523276	1.5371887872657983e-09	0
6283185.307179586	2540.5905905905906	2	1.146608244753129	-5.763508860875962e-11	2
6283185.307179586	2436.2362362362364	2	-0.586249167667311	1.1113960613329155e-09	0
6283185.307179586	2617.1171171171172	3	1.3063631344586701	-2.8220223703575213e-10	2
6283185.307179586	1712.7127127127128	3	-0.2120031468259329	-1.4943129576983908e-09	0
6283185.307179586	1935.3353353353355	2	1.3872724812941968	8.409290778326573e-10	2
6283185.307179586	2185.7857857857857	3	-0.1612782422829957	-9.831237378938744e-11	2
6283185.307179586	1267.4674674674675	3	-0.46740598800571687	-1.330534179844e-09	0
6283185.307179586	1281.3813813813815	1	0.6845167455189927	5.528022742642695e-10	1
6283185.307179586	3104.1041041041044	3	0.14476684821229724	-1.1638667955662712e-09	0
6283185.307179586	3215.4154154154153	1	0.8194077167589056	6.376514588689447e-10	0
6283185.307179586	1928.3783783783783	2	0.7857350694996619	-6.308572644655408e-10	0
6283185.307179586	2039.6896896896897	2	-0.06006110026662759	-9.791284891485437e-10	0
6283185.307179586	1455.3053053053054	3	0.17872041504634084	1.5601394204304622e-09	0
6283185.307179586	1893.5935935935936	2	0.23755087214198456	1.8753648459028416e-09	0
6283185.307179586	2658.858858858859	3	1.0239872570996238	-8.688053978913092e-11	1
6283185.307179586	1914.4644644644645	1	0.6439787109468309	-1.3934126674770298e-09	0
6283185.307179586	2672.772772772773	3	-1.214697345571555	6.591910170879256e-10	1
6283185.307179586	2971.921921921922	3	-1.395359479255732	4.3180347742319745e-10	2
6283185.307179586	1977.077077077077	2	0.271807776946583	9.867437999445622e-10	0
6283185.307179586	2547.5475475475478	3	-1.2624793827529328	-1.7603050264592907e-09	0
6283185.307179586	2603.2032032032034	3	0.22026552584860948	-1.042065455800802e-09	0
6283185.307179586	1246.5965965965966	1	-1.4433516350259616	-3.792982079711611e-10	2
6283185.307179586	1281.3813813813815	1	0.7998922125430239	1.3934252696640526e-09	0
6283185.307179586	1343.993993993994	2	1.562592050856297	1.4726209688173722e-09	1
6283185.307179586	2422.322322322322	2	-0.24185582954770402	2.107123071067031e-10	1
6283185.307179586	1559.6596596596596	1	1.1653064542364762	1.2706126396693228e-09	0
6283185.307179586	1977.077077077077	2	-0.5234411068888205	-7.608815870477047e-10	0
6283185.307179586	1086.5865865865867	3	1.3779693208097532	6.307576461235137e-10	2
6283185.307179586	1761.4114114114116	2	0.6787825994529242	-1.1694470021234702e-09	0
6283185.307179586	1364.864864864865	3	-1.3910904909671906	-9.436534574324358e-10	2
6283185.307179586	961.3613613613613	3	-0.11529452492346204	6.341500215076024e-10	2
6283185.307179586	968.3183183183183	1	-1.3734434568060605	1.0546639238824622e-09	1
6283185.307179586	822.2222222222223	2	0.6198420594425822	7.676656697591217e-10	0
6283185.307179586	1128.3283283283283	1	0.7763637585095444	4.43295832535913e-10	2
6283185.307179586	648.2982982982983	2	-1.1846747316827357	-1.294479885032419e-09	2
6283185.307179586	1817.0670670670672	3	-0.23042523987866592	8.193878533381533e-10	0
6283185.307179586	3236.286286286286	3	-0.39941268920421824	-1.2487310987589756e-09	0
6283185.307179586	2394.4944944944946	3	-1.3150432304905832	1.365857992589972e-09	1
6283185.307179586	1232.6826826826828	2	-0.732880271760269	-3.6509642334624593e-10	2
6283185.307179586	1740.5405405405406	3	1.0796247433724746	8.545078541264963e-10	2
6283185.307179586	1295.2952952952953	3	-1.1577378357800108	-1.0251128004406646e-09	1
6283185.307179586	2011.8618618618618	1	1.0915598148217325	1.8176613524237617e-09	0
6283185.307179586	1274.4244244244244	1	0.9364084354064985	7.310877596478665e-10	1
6283185.307179586	1851.851851851852	1	-0.4320930574697617	1.780108191543497e-09	0
6283185.307179586	2944.094094094094	3	-0.6903087977149762	-1.2034676858823396e-09	0
6283185.307179586	1559.6596596596596	3	-1.546570363635164	5.773782683085499e-10	2
6283185.307179586	1281.3813813813815	2	-1.0532673951471727	-1.213493392252036e-09	0
6283185.307179586	2011.8618618618618	1	-1.288754333955571	1.3087389488090996e-09	2
6283185.307179586	2116.2162162162163	3	1.5101206627616914	-1.774386486728786e-10	1
6283185.307179586	1608.3583583583584	2	0.7647353997623667	-1.4810157973571056e-09	0
6283185.307179586	2137.087087087087	1	1.2752747262820008	1.3556001269541015e-09	1
6283185.307179586	2881.4814814814818	2	0.7409027636833994	3.273017322205655e-11	1
6283185.307179586	1580.5305305305305	2	-0.5052506076393093	-1.7600948111491346e-09	0
6283185.307179586	2944.094094094094	2	0.22802523268038244	1.4085887249917592e-09	0
6283185.307179586	822.2222222222223	2	1.4717344041353098	-2.0356709957378615e-10	2
6283185.307179586	2408.4084084084084	1	-0.22787235678746254	-4.784261768620133e-10	0
6283185.307179586	2714.5145145145148	1	-0.3074000683017295	-7.957178969576187e-10	0
6283185.307179586	843.0930930930931	2	-0.24024536189655077	7.039520072080337e-10	0
6283185.307179586	2060.5605605605606	2	0.11637659770103825	-2.327291307217663e-10	1
6283185.307179586	1065.7157157157158	2	-1.4321198163492315	-1.978845388921023e-10	2
6283185.307179586	863.963963963964	1	1.0672005750187812	1.6193519332834218e-09	0
6283185.307179586	808.3083083083084	3	-0.3040463556190365	-1.0010351327054256e-09	0
6283185.307179586	2373.6236236236236	3	-0.14902708521139973	-1.30253373948992e-09	0
6283185.307179586	1990.9909909909911	1	1.0479449759665838	-1.7386980045886525e-09	0
6283185.307179586	2199.6996996997	2	-0.5847692725086496	1.3246518406428173e-10	2
6283185.307179586	2651.901901901902	3	0.4403353732629389	-2.8258367302525663e-10	1
6283185.307179586	898.7487487487488	3	0.19315568092070667	-1.6285452693840662e-09	0
6283185.307179586	1079.6296296296296	2	-1.4500801272777288	-1.2542432522716098e-09	2
6283185.307179586	1183.983983983984	3	-0.9822516620206398	1.4812068365668196e-09	0
6283185.307179586	2964.964964964965	2	-0.2541747055066228	7.578687806479826e-10	0
6283185.307179586	808.3083083083084	2	0.6824933116167466	-6.44630254729925e-10	2
6283185.307179586	829.1791791791792	2	1.3230725805760732	-1.4011811533641562e-09	2
6283185.307179586	1580.5305305305305	3	1.2739745820934343	-3.374743672097834e-10	1
6283185.307179586	1316.1661661661662	3	1.1567895045008378	1.3001429874545369e-09	2
6283185.307179586	1190.940940940941	2	-0.24198404844739096	-1.0681893530168793e-09	0
6283185.307179586	1531.8318318318318	3	-1.0272878749447618	3.3123988584587985e-10	2
6283185.307179586	2053.603603603604	1	-1.2904295848058542	1.78164368405054e-09	0
6283185.307179586	2192.742742742743	2	0.4807232139296391	6.974503951479343e-10	0
6283185.307179586	1469.2192192192192	1	0.32130022424360427	-1.7241321356729553e-09	0
6283185.307179586	349.14914914914914	1	0.7909976267110066	2.842799625722389e-10	0
6283185.307179586	710.910910910911	2	0.15414805626050843	1.866382910715631e-09	0
6283185.307179586	2617.1171171171172	1	-0.5455773552417702	-5.448391944175546e-10	0
6283185.307179586	2095.3453453453453	2	0.6468774223503924	1.5326792249751534e-09	0
6283185.307179586	1107.4574574574574	3	1.2707141693824027	-6.744097307005577e-10	1
6283185.307179586	1023.973973973974	2	-1.4823854380514048	-9.976509308390732e-10	1
6283185.307179586	1156.1561561561562	3	-0.6748195995079809	6.894409213438951e-10	2
6283185.307179586	1963.1631631631633	3	1.048229010882829	8.441782737965959e-10	1
6283185.307179586	1636.1861861861862	2	1.4806174089969675	-1.0453049998547006e-09	1
6283185.307179586	2032.7327327327328	1	-0.8791556128109689	-1.6742802180435736e-09	0
6283185.307179586	2512.762762762763	3	1.4419762978052466	1.99848047926097e-10	1
6283185.307179586	1030.930930930931	2	-1.4855341062396807	6.540798528691242e-10	1
6283185.307179586	1030.930930930931	3	0.5278339650711272	-4.098970795661874e-10	2
6283185.307179586	2443.193193193193	3	0.5304315823908867	-1.67762690977133e-09	0
6283185.307179586	1316.1661661661662	1	-1.4135075493007003	1.683597433455751e-10	2
6283185.307179586	1497.047047047047	1	0.04950693701604303	-6.635016810023614e-10	0
6283185.307179586	1858.8088088088089	1	0.011445117964168805	-1.355118987827397e-09	0
6283185.307179586	3124.974974974975	1	1.0991640625358503	1.6104059193400588e-09	0
6283185.307179586	1246.5965965965966	1	1.1644697777519748	-4.0525917295873626e-10	2
6283185.307179586	2658.858858858859	1	-0.6902610646203382	1.8991605598992687e-09	0
6283185.307179586	703.9539539539539	2	0.8402833067193947	1.2347544200575502e-10	2
6283185.307179586	1364.864864864865	3	0.775148907254616	1.912004635168191e-09	0
6283185.307179586	1302.2522522522522	3	0.01628976852978936	1.5306061662995538e-09	0
6283185.307179586	1135.2852852852852	3	-0.49285614670568534	1.7862091926854639e-09	0
6283185.307179586	773.5235235235235	1	-1.122781722391722	-1.5780071783403821e-09	2
6283185.307179586	1796.1961961961963	3	1.389145988271312	1.7541930793310423e-09	2
6283185.307179586	968.3183183183183	3	-0.5843168534555545	-1.744025240449758e-09	0
6283185.307179586	3069.319319319319	3	-0.9123300547672886	-1.359276972128419e-09	0
6283185.307179586	1274.4244244244244	2	-1.0479995215756415	-1.3957014578015735e-10	1
6283185.307179586	2582.3323323323325	1	0.5026097191808789	1.3313540344931048e-09	0
6283185.307179586	2331.881881881882	2	-0.0219701547040152	-9.694500328289225e-10	0
6283185.307179586	2999.7497497497498	3	1.5171813967361119	4.961034348043375e-10	2
6283185.307179586	1817.0670670670672	2	-0.4128410563644467	1.175556171598008e-09	0
6283185.307179586	1851.851851851852	3	-1.5678456313573212	2.3860869002213827e-10	2
6283185.307179586	2276.226226226226	2	-0.781903740525693	-1.3357881473038203e-09	0
6283185.307179586	2728.4284284284286	1	-0.8353904826637619	1.8479163274514614e-09	0
6283185.307179586	1754.4544544544544	1	-0.9349136827832413	1.6297190875273767e-09	0
6283185.307179586	1684.884884884885	2	0.6585171028941974	5.454468072963987e-10	1
6283185.307179586	1970.1201201201202	2	1.0673170384806863	-1.753205699090939e-09	0
6283185.307179586	2679.72972972973	3	1.050127860574432	-1.6876488895229028e-09	0
6283185.307179586	1761.4114114114116	2	-0.7932555030157008	-7.654812280003167e-10	0
6283185.307179586	1740.5405405405406	2	-0.13206650846352996	8.622597725664431e-10	0
6283185.307179586	1942.2922922922924	3	1.2091451964091036	-4.5696365642912624e-10	1
6283185.307179586	1580.5305305305305	1	-1.5588025286801683	-1.9687361959400458e-09	2
6283185.307179586	1406.6066066066066	1	1.221597816333798	-3.007904467956362e-10	1
6283185.307179586	1935.3353353353355	3	0.359501592968021	1.916734587447927e-09	0
6283185.307179586	1364.864864864865	3	-0.7087133447325019	-1.4057296498947195e-09	0
6283185.307179586	2095.3453453453453	3	-1.3973095296519429	-3.548436881581098e-10	2
6283185.307179586	1705.755755755756	3	-0.006831018932530464	1.7194794088060603e-09	0
6283185.307179586	898.7487487487488	2	-0.9267657589647366	1.5981289476685288e-09	0
6283185.307179586	1260.5105105105106	3	0.09406694729800114	-3.0209220590163797e-10	2
6283185.307179586	1865.7657657657658	1	1.3272399628268214	-4.5365358019601885e-10	2
6283185.307179586	3862.4124124124123	2	-0.18068642686264047	1.7270518808835681e-09	0
6283185.307179586	2290.1401401401404	3	-0.22478072637986757	2.1956970047957265e-10	2
6283185.307179586	3521.5215215215217	3	-1.3321340155439407	-1.1761439369097577e-09	2
6283185.307179586	1900.5505505505505	2	0.625505435306589	1.1712655616795351e-09	0
6283185.307179586	1406.6066066066066	2	0.27809333640679323	1.4052461419837554e-09	0
6283185.307179586	2046.6466466466468	3	-0.12953187089989426	-3.036232575321063e-10	2
6283185.307179586	2352.7527527527527	2	0.3028324498454078	1.4282210577101784e-10	2
6283185.307179586	2464.064064064064	1	0.5578174539379321	-1.44837175617065e-09	0
6283185.307179586	1281.3813813813815	1	-1.484483319012261	-3.2433360239053105e-10	1
6283185.307179586	2498.848848848849	3	1.5103911879569334	1.0147068027058537e-09	2
6283185.307179586	1357.9079079079079	3	1.4968490558875898	8.448498455949547e-10	2
6283185.307179586	968.3183183183183	3	1.494329699201896	-9.7908406601328e-10	2
6283185.307179586	1100.5005005005005	2	-1.3789569803910051	1.981954384037071e-09	1
6283185.307179586	975.2752752752752	2	0.36521408031935065	5.452903820852354e-10	2
6283185.307179586	2658.858858858859	1	0.9079001898879748	2.9858652855902196e-10	2
6283185.307179586	98.6986986986987	3	-0.08322055506332515	-1.787225155799237e-09	0
6283185.307179586	1545.7457457457458	1	0.6543892161759697	-1.4987996174446139e-09	0
6283185.307179586	2220.5705705705705	2	-1.5676198683680023	-1.4530452700537373e-09	1
6283185.307179586	2540.5905905905906	2	-0.9204541566251769	1.4900371808321423e-09	0
6283185.307179586	1573.5735735735736	2	-0.597727698332959	-8.691561984986134e-10	0
6283185.307179586	1177.027027027027	3	0.1534464756666305	-1.0622841191626016e-09	0
6283185.307179586	1385.7357357357357	1	-1.3203036135320052	1.217863985955006e-10	2
6283185.307179586	655.2552552552553	1	-1.275426756204661	-2.245567622428158e-10	2
6283185.307179586	1726.6266266266266	3	0.38352066107880467	1.9465379681813674e-09	0
6283185.307179586	2171.871871871872	1	1.1062053000402137	1.6237497669944904e-09	0
6283185.307179586	1218.7687687687687	1	-1.437663923196637	1.3067949640713833e-09	2
6283185.307179586	1323.1231231231232	1	-0.359688017537106	1.9197367147307566e-09	0
6283185.307179586	3709.3593593593596	1	1.0834703660882807	-6.883336279136913e-10	1
6283185.307179586	1058.7587587587586	3	-1.3052863937080612	-1.9506142635055196e-09	1
6283185.307179586	822.2222222222223	1	-0.461296050554145	1.031343488971266e-09	0
6283185.307179586	2505.805805805806	2	0.12857854079247155	-1.1855788979177199e-09	0
6283185.307179586	989.1891891891892	2	0.25979344255316583	9.214657168020992e-10	0
6283185.307179586	2199.6996996997	1	0.6124908218302276	-1.7375783974873543e-09	0
6283185.307179586	2909.3093093093094	3	-1.4422205798821195	-4.144862009796055e-10	2
6283185.307179586	2206.6566566566567	1	-0.12075095086025267	1.8225498486278133e-09	0
6283185.307179586	2081.4314314314315	1	1.3962321510867972	1.419732770456402e-09	2
6283185.307179586	2846.6966966966966	2	0.12044892934814966	1.482636409200315e-09	0
6283185.307179586	1128.3283283283283	1	1.1773490126602222	-1.5352358727521436e-09	1
6283185.307179586	787.4374374374374	1	-0.23498468485290092	1.4882109069184349e-09	0
6283185.307179586	2241.4414414414414	3	1.2639895998639639	2.5160875315821667e-10	2
6283185.307179586	2784.084084084084	3	0.7473716636470096	-3.872890400646637e-10	2
6283185.307179586	3410.2102102102103	3	-0.28225176585169276	8.537951234168882e-11	2
6283185.307179586	1907.5075075075076	1	0.39286261959926927	1.6448938771045192e-09	0
6283185.307179586	3284.984984984985	2	1.3335236492774523	3.44123901144671e-11	2
6283185.307179586	1469.2192192192192	3	0.5823815527110381	1.208953955102919e-09	0
6283185.307179586	2018.818818818819	1	0.30933903589022993	3.844053577325742e-10	1
6283185.307179586	1684.884884884885	1	0.8507322339961023	-9.275550159955275e-10	0
6283185.307179586	1796.1961961961963	3	0.9819847911989541	-1.623077099707508e-09	0
6283185.307179586	1608.3583583583584	3	0.8861554379330765	1.682445379779803e-09	0
6283185.307179586	947.4474474474474	3	-0.8792634731454756	-8.790563800492035e-10	0
6283185.307179586	2637.987987987988	2	-0.798108725687492	1.3490927259510364e-09	0
6283185.307179586	397.84784784784785	3	-0.8795845198552786	1.5722128785324202e-09	2
6283185.307179586	1295.2952952952953	3	-1.2619375573218365	1.0760107057869565e-09	2
6283185.307179586	1942.2922922922924	2	0.8428303165724098	1.6185189435650336e-09	0
6283185.307179586	2999.7497497497498	2	1.4487460732805748	-1.677200900402204e-09	2
6283185.307179586	2192.742742742743	2	-1.0708550590541883	8.629186676424734e-10	1
6283185.307179586	1844.8948948948948	1	-0.4166416893773415	-2.403919625154259e-10	1
6283185.307179586	1524.8748748748749	1	-1.0075670880547538	-1.206230213570267e-09	0
6283185.307179586	2213.613613613614	1	0.3612460966058575	-9.943072163433109e-10	0
6283185.307179586	481.33133133133134	2	0.6597321419679751	1.8021621486439112e-09	0
6283185.307179586	1044.8448448448448	2	-0.6524865008385234	1.0189406711956136e-09	0
6283185.307179586	752.6526526526527	3	0.39518393412228603	-1.1173268238761045e-09	0
6283185.307179586	2164.914914914915	2	-1.0231731348664772	1.2836534813061186e-09	0
6283185.307179586	2269.2692692692694	2	0.2384528280958642	2.877821836090579e-10	1
6283185.307179586	223.92392392392392	3	1.2198933480976661	-2.7148092516332874e-11	0
6283185.307179586	1218.7687687687687	3	0.4580086175950462	-6.070929819575523e-10	0
6283185.307179586	2491.891891891892	1	0.8134866686252988	1.1388462009526226e-09	0
6283185.307179586	2818.868868868869	1	-0.14087695813931966	1.220178657745789e-09	0
6283185.307179586	2519.7197197197197	1	-0.5096708914967136	-1.2656216623286313e-10	2
6283185.307179586	648.2982982982983	2	-0.6714534944452786	9.417577502302163e-10	0
6283185.307179586	2992.792792792793	3	1.002569758371323	8.861520229607075e-11	2
6283185.307179586	1023.973973973974	2	1.0252205110779724	-1.6394090172615683e-09	0
6283185.307179586	3347.5975975975975	1	-0.9564106786133546	-1.516709245704744e-09	0
6283185.307179586	425.6756756756757	2	1.129116488522612	1.4729234454030204e-09	2
6283185.307179586	3723.2732732732734	1	0.1611761830644587	1.39600619092722e-09	0
6283185.307179586	1942.2922922922924	1	0.43594362222246463	-1.7301249217044845e-09	0
6283185.307179586	1712.7127127127128	3	0.3502944227714484	-6.023612806609693e-11	2
6283185.307179586	3528.478478478479	1	1.560205433699645	-8.210001676834798e-10	2
6283185.307179586	1177.027027027027	3	-1.1981526024488383	-1.4228832673020862e-09	0
6283185.307179586	2422.322322322322	3	-1.0707733774050747	2.0544198943855906e-11	2
6283185.307179586	1253.5535535535537	1	-1.2660685150470377	6.181865083078262e-10	1
6283185.307179586	1455.3053053053054	1	1.210069218149747	7.375784547316251e-10	2
6283185.307179586	2672.772772772773	1	1.191322041963002	1.0038298361151334e-09	1
6283185.307179586	2297.097097097097	1	-1.481235831492101	7.061594246794417e-10	1
6283185.307179586	1824.0240240240241	1	-0.17668353124108105	-7.100403659572502e-11	2
6283185.307179586	1003.1031031031031	3	-1.3386290596366484	1.2508512112043422e-09	2
6283185.307179586	3758.058058058058	1	1.0336133837201595	-5.5772084674101786e-11	2
6283185.307179586	2617.1171171171172	1	-1.2083532587445447	9.189051621523331e-10	2
6283185.307179586	2130.13013013013	2	0.006998356171150855	1.6403213843360625e-09	0
6283185.307179586	690.04004004004	1	-0.3674029348991712	-1.9694291677237405e-10	2
6283185.307179586	1497.047047047047	1	-0.12999083993427374	-7.71745299215665e-11	1
6283185.307179586	1851.851851851852	1	-0.044964786559758	-1.959379835349488e-09	0
6283185.307179586	703.9539539539539	2	0.5189501158141407	-9.713007376364744e-10	0
6283185.307179586	1260.5105105105106	3	-0.6540897982454175	7.362648913137743e-10	1
6283185.307179586	1483.1331331331332	2	-0.48556163708527933	1.524708175840593e-09	0
6283185.307179586	1274.4244244244244	2	1.1902596186054382	-1.3091849584856325e-09	1
6283185.307179586	1650.1001001001002	3	1.208657835702291	-1.86685918175187e-09	0
6283185.307179586	550.900900900901	2	-0.5326169528629854	-6.999209271273626e-10	2
6283185.307179586	1490.0900900900901	1	-0.7486236859334717	-1.9901193490750197e-09	0
6283185.307179586	1837.937937937938	2	-0.8494785480198048	-1.3632212750603006e-09	0
6283185.307179586	1378.7787787787788	2	-0.8765591675788112	8.797952435445364e-10	0
6283185.307179586	1622.2722722722724	2	-0.6932368209008087	-2.4418116436589265e-10	1
6283185.307179586	1010.0600600600601	2	-1.0855517573235773	-1.2651222876931386e-09	0
6283185.307179586	1830.980980980981	2	-0.9418855506307147	-2.2783605951120423e-11	2
6283185.307179586	2930.1801801801803	1	1.5097883361298474	-1.0661550298765877e-09	2
6283185.307179586	495.24524524524526	2	1.0147115189397935	-1.1980253128253481e-09	1
6283185.307179586	2317.967967967968	1	-1.175304671629493	1.65756848757662e-09	0
6283185.307179586	1156.1561561561562	2	-0.6657704150053771	-5.779745088795227e-10	1
6283185.307179586	1886.6366366366367	1	-0.5882391281022166	8.950015064339452e-10	0
6283185.307179586	1935.3353353353355	2	0.10785598591118717	9.721156958608097e-10	0
6283185.307179586	1552.7027027027027	2	-1.2358517090457517	1.2769927882023227e-09	2
6283185.307179586	1058.7587587587586	3	-1.2283323826099493	-6.38774667986608e-10	1
6283185.307179586	2811.911911911912	3	1.2116935493750778	3.7648806962748717e-10	1
6283185.307179586	2164.914914914915	1	-1.129937793179336	-9.410120907714843e-10	1
6283185.307179586	1691.8418418418419	2	-1.2798313645796173	2.3965156622414576e-11	2
6283185.307179586	1650.1001001001002	1	-1.56752808444285	-2.097258493953448e-10	2
6283185.307179586	1698.7987987987988	3	-0.6090164975922493	-9.511558685417617e-10	0
6283185.307179586	912.6626626626627	2	0.37629093185311757	-1.655930603230402e-09	0
6283185.307179586	843.0930930930931	1	0.15787018002461561	-1.4866162744707961e-09	0
6283185.307179586	1295.2952952952953	2	0.043830725318788843	9.74367403840788e-10	0
6283185.307179586	1010.0600600600601	3	-0.17203639981351282	9.176250463252434e-10	0
6283185.307179586	1796.1961961961963	3	0.7758380900324298	-1.0795078413406888e-09	0
6283185.307179586	2408.4084084084084	1	-0.7671108842128882	7.318671562417972e-10	0
6283185.307179586	2582.3323323323325	1	-1.4687394328635128	-1.8670461204620835e-09	2
6283185.307179586	2958.008008008008	1	1.0490874340471712	-1.033120694470016e-09	0
6283185.307179586	2505.805805805806	2	1.5400090884794966	8.735310042285488e-10	1
6283185.307179586	738.7387387387388	1	-0.04244643950393123	1.0047896724143125e-09	0
6283185.307179586	1691.8418418418419	2	0.2233179543026711	5.774914643467015e-10	0
6283185.307179586	4349.3993993994	1	0.6120044515943954	8.776979636426172e-10	0
6283185.307179586	1267.4674674674675	2	-0.29930151599972876	3.1136149329734403e-10	1
6283185.307179586	1789.2392392392394	1	0.13244338789819254	-7.040558108741011e-10	0
6283185.307179586	1830.980980980981	1	-1.2358254405897942	2.524421013004597e-10	1
6283185.307179586	3417.1671671671675	2	1.285959928304988	-1.5001763947676748e-09	0
6283185.307179586	1956.2062062062062	1	-0.1143257477774886	1.6436767669349887e-09	0
6283185.307179586	794.3943943943945	3	1.0977394388032407	-1.0250775476868035e-09	2
6283185.307179586	738.7387387387388	1	-0.21199089221552558	9.86105947673937e-10	0
6283185.307179586	1441.3913913913914	2	-1.2351198556141705	1.194557615186503e-09	2
6283185.307179586	1274.4244244244244	2	-0.5804792219996706	-1.6990321320890317e-09	0
6283185.307179586	3451.951951951952	2	1.5570847188797692	1.983509483215904e-09	1
6283185.307179586	1434.4344344344345	2	1.0497481580369326	-1.4805804503300976e-09	0
6283185.307179586	1072.6726726726727	2	-0.6720800437502001	-9.97671086733697e-10	0
6283185.307179586	2540.5905905905906	1	0.258498960816566	1.4075927122338918e-09	0
6283185.307179586	2387.5375375375374	3	0.5051038142239794	-4.4264676337796466e-10	0
6283185.307179586	2651.901901901902	2	0.35103864465985346	-7.118200823158798e-10	0
6283185.307179586	2053.603603603604	3	-0.7743552997637266	-1.6472343742308776e-09	0
6283185.307179586	1246.5965965965966	1	0.8998947806481343	-3.420876508283077e-11	2
6283185.307179586	2248.3983983983985	2	1.2042604978451998	-1.0698587111501379e-09	1
6283185.307179586	1977.077077077077	2	-1.1032989919060041	1.1582725864394942e-09	0
6283185.307179586	2213.613613613614	2	-0.16259735963171273	6.580220239113083e-10	0
6283185.307179586	1267.4674674674675	3	1.306701791186295	1.8208898412696904e-09	2
6283185.307179586	1476.176176176176	3	1.480212211682105	5.126256691996122e-10	2
6283185.307179586	1385.7357357357357	3	-1.3326016522781727	-1.4121388908891082e-09	1
6283185.307179586	1197.897897897898	3	0.013478076437507758	-1.5233235341535078e-09	0
6283185.307179586	1990.9909909909911	2	0.20558003184722806	-1.776509750573914e-09	0
6283185.307179586	1455.3053053053054	3	-0.7906843023970979	-9.864148493637544e-10	0
6283185.307179586	2471.021021021021	1	-0.9978917052685067	-1.87340753369568e-09	0
6283185.307179586	982.2322322322323	2	-0.6904595028758213	-1.063776686329346e-09	0
6283185.307179586	3918.068068068068	1	1.001521531019244	1.7074812062995734e-09	0
6283185.307179586	2394.4944944944946	3	1.4451288431573897	-5.698184242300029e-10	1
6283185.307179586	1782.2822822822823	3	-0.16141516017110624	1.4363596129626664e-09	0
6283185.307179586	2804.954954954955	1	0.492170408245471	1.4703794980798192e-09	0
6283185.307179586	1288.3383383383384	1	-0.451171262306338	6.048590379511284e-10	0
6283185.307179586	2345.795795795796	1	-0.5979933637202492	6.775576951111276e-10	0
6283185.307179586	2109.259259259259	2	0.7078033210336088	-1.6807410583265738e-09	0
6283185.307179586	2415.3653653653655	3	-1.1408725269855857	1.04914427726233e-10	2
6283185.307179586	1204.854854854855	2	-0.628684582775954	9.53060937917826e-11	1
6283185.307179586	1886.6366366366367	1	-0.857463076429906	-8.926267440408879e-10	0
6283185.307179586	1462.2622622622623	1	0.0640747546229734	7.736594728881043e-10	0
6283185.307179586	1977.077077077077	2	-0.9457246902617851	-2.659853156441621e-10	1
6283185.307179586	1879.6796796796798	1	-0.10307914048891731	1.1514010653968962e-10	2
6283185.307179586	2297.097097097097	2	-1.4220467073175533	1.427819260511603e-09	2
6283185.307179586	1469.2192192192192	3	-0.868960775893994	1.5234952113258708e-09	0
6283185.307179586	2116.2162162162163	3	-1.2662103491167584	1.6583963238934698e-09	0
6283185.307179586	2178.828828828829	2	-0.004260492765210344	4.5508719427778234e-11	1
6283185.307179586	905.7057057057058	2	0.4298622909257923	-1.9129051054924555e-09	0
6283185.307179586	1190.940940940941	2	0.5111578579035223	-1.2961088686026083e-09	0
6283185.307179586	2004.904904904905	2	-0.07806383744326251	1.0735237203628422e-10	2
6283185.307179586	1295.2952952952953	1	-0.9266399255180232	-1.5896772313246542e-09	0
6283185.307179586	2909.3093093093094	2	1.5098303977605632	6.718106957997727e-10	2
6283185.307179586	439.5895895895896	1	-1.5082099370971873	-2.0633735654319046e-10	2
6283185.307179586	2937.1371371371374	3	0.6887926648436653	8.821586706169463e-10	0
6283185.307179586	530.03003003003	3	-0.3324198865977368	-1.4802970954731208e-09	0
6283185.307179586	1893.5935935935936	1	0.4227329793481447	-1.3250091024824791e-09	0
6283185.307179586	1490.0900900900901	1	-0.3647529100661442	4.6481312485193667e-10	0
6283185.307179586	2665.8158158158158	1	-0.6749417564393292	-1.296634787653645e-09	0
6283185.307179586	1837.937937937938	2	0.33813126367536595	1.1216826389054278e-09	0
6283185.307179586	1023.973973973974	3	-0.08927406218649625	8.829000025529684e-10	0
6283185.307179586	1921.4214214214214	3	-0.9694970904488328	1.4349340744001516e-09	0
6283185.307179586	1302.2522522522522	1	-1.0624485482940318	-6.957711173899726e-10	1
6283185.307179586	3284.984984984985	1	0.13519981924593538	-1.343399592564904e-09	0
6283185.307179586	1490.0900900900901	3	0.031932691914905	1.1847516199949784e-09	0
6283185.307179586	1900.5505505505505	1	-1.1137122067223388	-1.952136471238491e-09	0
6283185.307179586	2102.3023023023025	3	-1.4448586142942363	1.2367338969789732e-09	2
6283185.307179586	1504.004004004004	2	1.0169396320796702	-9.19771107023629e-10	1
6283185.307179586	1114.4144144144145	3	0.7264735419432657	-8.534485290543134e-10	0
6283185.307179586	2505.805805805806	1	1.4895377302626844	1.390966791937902e-09	2
6283185.307179586	328.27827827827826	1	1.273336926983509	-8.726699749866156e-10	2
6283185.307179586	2658.858858858859	3	0.9642360529109935	-1.6658309637458425e-09	0
6283185.307179586	3702.4024024024025	3	-0.8621138916501315	1.3203172394830617e-10	2
6283185.307179586	2185.7857857857857	1	-0.32089698328204586	3.007120512857374e-10	2
6283185.307179586	2157.957957957958	1	0.3822508498422754	-6.233205373719928e-10	0
6283185.307179586	2373.6236236236236	3	0.331108244418606	3.1003289582144927e-10	1
6283185.307179586	1691.8418418418419	2	0.6827790030578433	-1.1145741180658689e-09	0
6283185.307179586	2025.7757757757759	3	1.0063025238962813	3.481162459368606e-10	2
6283185.307179586	1573.5735735735736	1	1.3544948880627645	-1.5281703850636524e-09	1
6283185.307179586	1434.4344344344345	1	-1.3602662368214458	1.6551267251700833e-10	2
