axial trapping frequency (MHz) 	 velocity(m/s) 	 ion collided with 	 angle(rads) 	 collision offset(m) 	 reorder? (1 is reorder 2 is ejection) 
6283185.307179586	1413.5635635635635	1	1.0691417436448476	-7.884400570649666e-10	1
6283185.307179586	2380.5805805805808	3	0.3364427768829472	-1.920973224036874e-09	0
6283185.307179586	2429.2792792792793	3	1.1348242071313508	-3.8409759070004333e-10	2
6283185.307179586	1378.7787787787788	3	0.6164470242844402	1.6425322879480922e-09	0
6283185.307179586	843.0930930930931	1	0.6980747126935345	1.42967561811075e-10	2
6283185.307179586	982.2322322322323	3	-1.470674872659027	-1.0059133893493702e-09	2
6283185.307179586	2130.13013013013	3	-0.5545157002200136	-1.2257002645347703e-09	0
6283185.307179586	1608.3583583583584	2	0.022147228338327718	-1.1210721319867467e-09	0
6283185.307179586	3034.5345345345345	3	-1.4768981657651445	-1.6485422986990985e-09	2
6283185.307179586	1712.7127127127128	2	0.7082766866409442	1.0850720053179401e-10	1
6283185.307179586	2526.676676676677	2	-1.0683311877416717	2.1478706917525773e-10	2
6283185.307179586	1093.5435435435436	2	1.5347378390954036	-1.973062996473591e-09	2
6283185.307179586	2770.1701701701704	3	0.09643621963688243	1.8386656545060917e-09	0
6283185.307179586	2477.977977977978	2	-0.7367605728246134	-2.0068138217917808e-10	1
6283185.307179586	2206.6566566566567	2	-0.5281515585575498	-4.865299592749053e-10	1
6283185.307179586	2992.792792792793	3	-1.0079948813695379	7.884538520777086e-10	0
6283185.307179586	1629.2292292292293	3	1.2374547063208023	-9.907461030449808e-10	1
6283185.307179586	1768.3683683683685	1	1.0406938353941015	-1.5412841832612583e-09	0
6283185.307179586	1399.6496496496497	1	-0.7126129709700005	3.9319613439303854e-10	2
6283185.307179586	1622.2722722722724	1	-0.30802529725494776	-9.857255522211236e-10	0
6283185.307179586	1385.7357357357357	3	0.3572950778423356	-1.4796177893809297e-09	0
6283185.307179586	1858.8088088088089	2	-0.9461426998110837	2.448957253091374e-10	1
6283185.307179586	2067.5175175175173	1	-1.5166230831342697	-1.1268835769766846e-09	2
6283185.307179586	1079.6296296296296	3	-0.4482458984055735	1.7703872967800895e-09	0
6283185.307179586	1824.0240240240241	3	1.0915539090553992	-9.474590543878537e-10	1
6283185.307179586	1893.5935935935936	2	-0.07301601482492037	3.3470831666106926e-10	2
6283185.307179586	2199.6996996997	1	0.9134848775221851	-1.413169298399808e-09	0
6283185.307179586	690.04004004004	1	-0.418253834711497	4.771150681598171e-10	0
6283185.307179586	2533.6336336336335	2	1.5610230032167607	-1.3142168417950769e-09	1
6283185.307179586	829.1791791791792	3	0.7063414757493534	-1.6153541433946566e-09	0
6283185.307179586	2637.987987987988	3	-1.3609265921870008	-1.3053650291689982e-09	1
6283185.307179586	1260.5105105105106	3	0.6086647636145948	1.195088680457977e-09	0
6283185.307179586	1796.1961961961963	3	1.5564806685054724	-7.010647841709412e-10	2
6283185.307179586	1170.0700700700702	3	1.2499691453181274	-1.57767469458054e-09	1
6283185.307179586	1462.2622622622623	3	-0.180199344948349	6.984427503810122e-10	0
6283185.307179586	2825.825825825826	1	0.9427242922693022	8.0819473704205e-10	0
6283185.307179586	1323.1231231231232	3	0.8429373356056971	1.8087751604725803e-09	0
6283185.307179586	1441.3913913913914	1	0.7640766015655638	1.0572744084136434e-09	0
6283185.307179586	801.3513513513514	3	0.1838776362535639	-1.5243227663581087e-09	0
6283185.307179586	2686.6866866866867	2	0.3394656616133702	1.9825711673281456e-09	0
6283185.307179586	2457.1071071071074	1	1.486170123399992	-1.8153872062009963e-09	2
6283185.307179586	968.3183183183183	1	1.2088850561588895	1.1495043363452051e-09	2
6283185.307179586	1552.7027027027027	1	-0.6821459691351712	-2.9801009675210605e-10	2
6283185.307179586	1865.7657657657658	1	-0.5140497872518679	-1.2881824847841648e-09	0
6283185.307179586	877.877877877878	3	-0.923995377111535	1.0903477621174918e-09	2
6283185.307179586	1177.027027027027	3	1.1965732618752152	1.7360545131886639e-09	0
6283185.307179586	1851.851851851852	3	0.41684281977258797	-1.4438583740758975e-09	0
6283185.307179586	1469.2192192192192	2	-0.933657503281528	-6.682219132560751e-10	1
6283185.307179586	1323.1231231231232	3	0.996778800976418	-1.9402749684239434e-09	0
6283185.307179586	1302.2522522522522	1	1.2016754100831806	-1.813677358082627e-10	2
6283185.307179586	2227.5275275275276	1	0.6240699646591992	1.4577732353644434e-09	0
6283185.307179586	1434.4344344344345	3	0.9036381641195961	8.757318702127799e-10	1
6283185.307179586	801.3513513513514	3	0.3163440352018787	8.446667693274459e-10	1
6283185.307179586	1177.027027027027	1	-0.3217655905406913	1.886336080717375e-10	2
6283185.307179586	1677.927927927928	2	-0.615910798840317	-3.9027233920959896e-10	2
6283185.307179586	2672.772772772773	3	1.190698724004398	1.5089806767528273e-09	0
6283185.307179586	1601.4014014014015	3	-1.042981897836761	-1.7304028708137566e-09	0
6283185.307179586	1538.788788788789	3	-0.33206873932348246	1.0815586524658396e-09	0
6283185.307179586	3785.885885885886	1	1.1602834683581515	-1.4193153959276077e-09	0
6283185.307179586	1747.4974974974975	2	-0.9062189172909838	-1.0407634179767249e-10	2
6283185.307179586	2742.3423423423424	2	0.05733251260427319	-6.839339497962534e-10	0
6283185.307179586	1573.5735735735736	3	0.3718742463206621	1.9644509239947275e-09	0
6283185.307179586	2457.1071071071074	2	-0.3694166455523109	-1.5694947449384574e-09	0
6283185.307179586	2589.289289289289	1	-0.2308176630141412	1.6926014876165576e-09	0
6283185.307179586	1601.4014014014015	1	1.4482430900258558	8.269158735988336e-10	2
6283185.307179586	1239.6396396396397	2	-0.5788515765183716	-1.2583267374908486e-09	0
6283185.307179586	1469.2192192192192	2	0.780028574006248	5.69959886743079e-10	1
6283185.307179586	2735.3853853853852	2	-0.313742688099665	-1.1167953285248338e-09	0
6283185.307179586	1657.0570570570571	2	-0.6188637844904264	-1.9943377446041078e-09	0
6283185.307179586	1664.014014014014	3	0.4648763375884073	4.752054892804687e-10	2
6283185.307179586	2415.3653653653655	3	0.275844963222345	1.5948091187448457e-09	0
6283185.307179586	919.6196196196197	1	-0.8614235925906321	-8.169924873900719e-10	2
6283185.307179586	1225.7257257257259	1	1.5695226448443025	3.4704181043886447e-10	1
6283185.307179586	884.8348348348349	3	0.7019380099288273	-2.6208677054809376e-10	1
6283185.307179586	1650.1001001001002	3	-1.0488612648164906	9.651025589440085e-10	1
6283185.307179586	2206.6566566566567	3	-0.4779797495033955	-6.01712083455031e-10	0
6283185.307179586	1469.2192192192192	1	-1.2405614585144982	1.057424186282229e-09	2
6283185.307179586	1914.4644644644645	1	-0.4580929668299545	3.2605976994272727e-10	2
6283185.307179586	3897.1971971971975	2	-1.266141287343898	5.282702677143921e-10	2
6283185.307179586	2853.6536536536537	2	0.5503054539098753	-2.7821962689877384e-10	2
6283185.307179586	1712.7127127127128	1	-0.41254105403192964	-1.8107721577851487e-09	0
6283185.307179586	1587.4874874874874	3	0.6522944796665651	5.784374276373268e-10	2
6283185.307179586	1330.08008008008	2	-0.3436534183356692	3.089094207790592e-10	1
6283185.307179586	2686.6866866866867	1	-0.23038443158084765	-7.804265554256204e-10	0
6283185.307179586	989.1891891891892	2	-0.26530459680379126	-9.403371553660995e-10	0
6283185.307179586	2665.8158158158158	1	0.8482020326847022	5.747940605503077e-10	1
6283185.307179586	356.1061061061061	1	0.9711802641472618	-1.329605235815755e-09	2
6283185.307179586	2206.6566566566567	2	0.35258890901021966	1.6730275140215307e-09	0
6283185.307179586	1608.3583583583584	1	0.8495092042131205	-1.4203609324309643e-10	2
6283185.307179586	1545.7457457457458	1	0.2092414379581582	-1.7272425059209422e-09	0
6283185.307179586	738.7387387387388	2	-1.427407024006584	1.5882844256547593e-09	2
6283185.307179586	1789.2392392392394	3	0.9534888375408377	1.3182668038497822e-09	0
6283185.307179586	2784.084084084084	2	0.3492739060896619	1.870323407870787e-09	0
6283185.307179586	2304.054054054054	2	-1.5395816993350668	6.324078513259395e-10	1
6283185.307179586	1357.9079079079079	1	1.1446052024879454	4.714486733813176e-10	2
6283185.307179586	2846.6966966966966	2	0.07852812689133648	8.595535029145687e-10	0
6283185.307179586	3006.706706706707	1	-1.5657817236287943	1.9274144458752116e-09	1
6283185.307179586	335.2352352352352	1	-1.2472057226632363	-1.7709017310852901e-09	2
6283185.307179586	1330.08008008008	1	0.10122226670363865	-1.7318268623211909e-09	0
6283185.307179586	2032.7327327327328	1	-0.912589876292963	1.5903068067245188e-09	0
