axial trapping frequency (MHz) 	 velocity(m/s) 	 ion collided with 	 angle(rads) 	 collision offset(m) 	 reorder? (1 is reorder 2 is ejection) 
6283185.307179586	2074.474474474475	2	-1.2860571483952241	-9.909070649017662e-10	2
6283185.307179586	453.5035035035035	1	1.0653741012746551	5.743335756692428e-11	2
6283185.307179586	1963.1631631631633	2	-0.7128547861648156	-5.852236906185056e-10	1
6283185.307179586	3368.4684684684685	3	1.3442723838402362	-1.962811609980535e-09	0
6283185.307179586	1872.7227227227227	3	0.44292107463817754	-1.2872727008816441e-09	0
6283185.307179586	1524.8748748748749	1	-1.0209178417411344	1.6308226350931908e-09	0
6283185.307179586	1949.2492492492493	3	0.8953826074773588	9.293804077453889e-10	0
6283185.307179586	2262.3123123123123	3	0.7553795654773738	8.3143472386757e-10	0
6283185.307179586	3431.0810810810813	1	-1.3462664978888286	8.544666256756002e-10	2
6283185.307179586	2429.2792792792793	3	1.533247420230865	1.177334949401283e-09	2
6283185.307179586	1343.993993993994	2	0.628112953688639	2.783066506739324e-10	1
6283185.307179586	2130.13013013013	3	0.37506616851810515	-2.6244516318606563e-10	2
6283185.307179586	3138.888888888889	1	-0.26631132629878596	-1.7261903062021135e-09	0
6283185.307179586	2902.352352352352	2	-1.369922578053805	-1.3220031638018274e-09	1
6283185.307179586	3048.4484484484487	1	-0.42660263231762374	-1.6689812298205618e-09	0
6283185.307179586	1615.3153153153153	1	1.2815359425942963	1.6661877977202705e-09	0
6283185.307179586	1956.2062062062062	1	-1.4599768697050182	-1.5403126164604114e-09	1
6283185.307179586	1246.5965965965966	1	1.1942383092194078	-1.0142941669011223e-09	1
6283185.307179586	2060.5605605605606	1	-0.2150817214167191	-3.6042200950608916e-10	2
6283185.307179586	1121.3713713713714	1	1.0476629617495687	-8.157890409505097e-10	1
6283185.307179586	2457.1071071071074	3	-0.9599025040369598	-1.8819018461082307e-09	0
6283185.307179586	2331.881881881882	2	0.969285552721276	-1.4122314241147305e-09	0
6283185.307179586	1601.4014014014015	2	-0.19341570289449073	1.9164142379063123e-09	0
6283185.307179586	2554.5045045045044	3	0.33736497278228317	-4.1616798228184546e-10	0
6283185.307179586	2436.2362362362364	2	-0.19766746854040007	7.765963534751016e-10	0
6283185.307179586	1573.5735735735736	3	-0.8000952251049277	1.999097765143659e-09	0
6283185.307179586	585.6856856856857	1	-1.4577332427966816	-1.852996020209212e-10	1
6283185.307179586	1114.4144144144145	1	-1.2303524101325731	1.076953807701385e-09	2
6283185.307179586	1434.4344344344345	3	-0.9524428575538826	1.3845119223681342e-09	0
6283185.307179586	3201.5015015015015	3	0.7103539117750439	4.800189225623403e-10	1
6283185.307179586	1865.7657657657658	1	-1.2157776233527007	3.730478971672553e-10	1
6283185.307179586	1337.0370370370372	1	1.5131815502527806	-1.4582759060999516e-11	2
6283185.307179586	1726.6266266266266	1	0.36603321632905317	2.449747907163871e-10	2
6283185.307179586	2637.987987987988	3	0.027313400500090124	-1.0353341817797519e-09	0
6283185.307179586	3319.76976976977	2	0.9370018187656495	-1.3016398163032687e-09	0
6283185.307179586	3124.974974974975	1	1.217167431346669	-1.4024148375848621e-09	0
6283185.307179586	502.2022022022022	2	-1.258524833814557	-1.670242332211319e-09	2
6283185.307179586	1323.1231231231232	1	-1.3271758482704161	-1.2698406787373795e-09	1
6283185.307179586	1552.7027027027027	1	-0.4056383678700328	1.295040537338637e-09	0
6283185.307179586	1824.0240240240241	1	-1.4018135874442907	-1.8346286662998528e-09	2
6283185.307179586	453.5035035035035	1	-0.643474993560091	-7.619459863415582e-10	1
6283185.307179586	1636.1861861861862	3	-0.4572203113003208	1.3065445097681284e-09	0
6283185.307179586	3006.706706706707	3	0.38535674336366	3.1739388349170286e-10	2
6283185.307179586	989.1891891891892	1	1.5073015764757098	1.0799790123149309e-09	2
6283185.307179586	1997.947947947948	3	-0.6529739723005227	7.277737642870323e-10	0
6283185.307179586	2415.3653653653655	2	1.2424398461151913	-1.8334365626213447e-09	0
6283185.307179586	1302.2522522522522	1	-1.078795286511032	-1.0466969830915823e-09	2
6283185.307179586	2046.6466466466468	2	0.8586435177657883	2.279524890296683e-10	2
6283185.307179586	2227.5275275275276	1	1.1331715292055775	-1.5350880067218216e-09	0
6283185.307179586	1017.017017017017	1	0.6377030053171717	-4.846573256981998e-10	2
6283185.307179586	2213.613613613614	1	-0.10711362649627043	1.5915116374479186e-09	0
6283185.307179586	982.2322322322323	1	0.5310524118551223	-1.811988169184181e-09	0
6283185.307179586	1490.0900900900901	3	-0.8985064486848007	5.81048507440534e-10	1
6283185.307179586	717.8678678678679	3	-1.5551202305040668	1.8353158690654714e-09	2
6283185.307179586	1712.7127127127128	1	-0.271221641356693	-3.003828334293179e-10	2
6283185.307179586	3118.018018018018	2	-0.9766884043163317	-1.4579291903845741e-09	0
6283185.307179586	2992.792792792793	2	0.044010765594961976	-8.47871357810793e-10	0
6283185.307179586	1865.7657657657658	2	0.5762784689513305	4.694729286762613e-10	1
6283185.307179586	1350.950950950951	1	-0.6416646593362021	7.121734175533341e-10	0
6283185.307179586	655.2552552552553	1	-1.2206556331975769	1.1319187459225509e-09	2
6283185.307179586	1636.1861861861862	3	-0.9689833483767428	9.389558818945803e-10	0
6283185.307179586	1830.980980980981	1	0.5798460907204923	4.5653451099927255e-10	1
6283185.307179586	1997.947947947948	1	-0.5688758169135024	1.1796205252595778e-09	0
6283185.307179586	1100.5005005005005	3	0.16550570260581976	-3.170151440910108e-11	2
6283185.307179586	2227.5275275275276	3	-1.1229714393433272	-3.111957231705081e-10	2
6283185.307179586	884.8348348348349	3	1.173350376759355	1.5778552451003568e-09	2
6283185.307179586	1274.4244244244244	3	-0.8957859287786526	4.0723081779239265e-10	2
6283185.307179586	2178.828828828829	3	-0.007250938417570518	5.022044850141657e-10	0
6283185.307179586	1156.1561561561562	2	-0.7286208408552999	9.872455703240982e-10	0
6283185.307179586	2832.7827827827828	2	-0.7582844494979901	9.253178363050096e-10	0
6283185.307179586	1796.1961961961963	2	0.8565547187486056	-1.4130828277764765e-09	0
6283185.307179586	1615.3153153153153	2	-1.2518533455562788	1.1639405642478417e-09	2
6283185.307179586	1100.5005005005005	2	-1.4249082371043413	9.967345040254405e-10	1
6283185.307179586	1100.5005005005005	3	-1.533719759083287	1.991179866123866e-09	2
6283185.307179586	2408.4084084084084	1	0.20406583508834064	1.4261997990668235e-09	0
6283185.307179586	1830.980980980981	1	1.0534835623550474	3.928563892304702e-11	2
6283185.307179586	2157.957957957958	2	0.4862898774398907	9.36714754069928e-10	0
6283185.307179586	1670.970970970971	3	-0.5169912310218381	1.7670285517341426e-09	0
6283185.307179586	1017.017017017017	2	-0.22982986574120834	1.758710066199439e-09	0
6283185.307179586	1350.950950950951	3	0.06246625269571471	9.628372293482779e-10	0
6283185.307179586	773.5235235235235	3	1.4134963715812399	1.976216059075754e-09	2
6283185.307179586	1497.047047047047	3	-0.429684877715651	-1.7444343431601298e-09	0
6283185.307179586	815.2652652652653	1	-0.6281572603989738	-6.899171164572372e-10	2
6283185.307179586	1107.4574574574574	2	0.22005617431840196	2.2103814842381574e-10	2
6283185.307179586	1705.755755755756	3	-0.0584889787686842	-1.7588510788735287e-09	0
6283185.307179586	1629.2292292292293	3	-1.4378629739645101	1.5980205770558821e-10	2
6283185.307179586	1392.6926926926926	1	0.507777919495306	1.1003846729986106e-09	0
6283185.307179586	1357.9079079079079	2	-1.2922236924701567	-1.7584599758010354e-09	1
6283185.307179586	1677.927927927928	2	-1.311836201944188	-1.2930864651635307e-10	1
6283185.307179586	1128.3283283283283	1	0.9198065390332735	-8.569398744096862e-10	1
6283185.307179586	2791.041041041041	1	-1.3334587919440102	6.509919340010298e-10	1
6283185.307179586	3890.2402402402404	1	-0.34116460809964844	-8.494224252808364e-10	0
6283185.307179586	1051.801801801802	1	0.33254327522523774	4.5852861407700065e-10	0
6283185.307179586	2178.828828828829	2	0.3402791942519605	2.268673370792387e-10	1
6283185.307179586	1810.11011011011	2	1.5562529736416955	-6.933916713960232e-11	1
6283185.307179586	2290.1401401401404	3	-0.23928068829956617	6.018422696376871e-10	0
6283185.307179586	2102.3023023023025	2	-0.6061623270790337	1.2508494405935638e-09	0
6283185.307179586	1900.5505505505505	1	-1.0634903720749795	-1.0416994173249142e-09	0
6283185.307179586	3618.918918918919	3	-0.7191885225082127	9.171547429922352e-10	0
6283185.307179586	1921.4214214214214	1	-0.35486730545281997	9.76739675363576e-10	0
6283185.307179586	1907.5075075075076	3	0.1765438327350506	6.712292509040953e-10	0
6283185.307179586	2637.987987987988	1	-0.08846818954783586	7.440085041212915e-10	0
6283185.307179586	2610.16016016016	2	-0.8631433394370551	2.4286426200695283e-10	2
6283185.307179586	3994.5945945945946	1	1.4008014178183177	-1.0407540537375347e-09	2
6283185.307179586	1698.7987987987988	1	-1.4758840436277134	-1.7430823070266156e-09	1
6283185.307179586	2867.5675675675675	2	-0.8306764724887342	-1.4380001541915366e-09	0
6283185.307179586	1851.851851851852	1	1.0344210628892307	-1.2911083234966096e-09	0
6283185.307179586	1434.4344344344345	3	-1.2961289359829264	-7.014542240768695e-10	2
6283185.307179586	1420.5205205205204	3	-1.3470348765952733	1.4813320636003516e-09	2
6283185.307179586	2366.6666666666665	1	-0.8911156412893111	1.5065572628949853e-09	0
6283185.307179586	1754.4544544544544	3	-1.1445907299695215	1.695366284784057e-09	0
6283185.307179586	1879.6796796796798	1	-1.4673701939495365	-1.7321613788987534e-09	2
6283185.307179586	2644.944944944945	3	-0.1790689403374357	-8.99245841993567e-10	0
6283185.307179586	1378.7787787787788	2	1.508037772968811	-5.670746588102685e-10	1
6283185.307179586	3611.961961961962	3	-1.0750553256018784	-1.4160704496805414e-10	2
6283185.307179586	2011.8618618618618	1	1.2966324195508125	-8.364490179134893e-10	2
6283185.307179586	891.7917917917919	1	1.0418148169774035	-1.495936326689372e-09	0
6283185.307179586	1177.027027027027	1	1.2746035738509232	-3.534190186116621e-10	2
6283185.307179586	2554.5045045045044	1	0.7276496738892031	-1.2130490075653928e-10	2
6283185.307179586	2797.997997997998	2	1.0432718732028152	-1.3732406297368877e-09	0
6283185.307179586	2804.954954954955	2	-0.46423387427305607	1.6244072924161932e-09	0
6283185.307179586	745.6956956956957	1	1.0229783645532402	-1.0098974346307706e-09	2
6283185.307179586	2220.5705705705705	3	0.7634916311423083	1.3601657216579427e-09	0
6283185.307179586	1281.3813813813815	3	1.4992327210268463	1.136421962606646e-10	2
6283185.307179586	2408.4084084084084	1	-1.3764754249606046	-2.1271591219494965e-10	2
6283185.307179586	2352.7527527527527	3	1.558879936197016	-2.1890998049739625e-10	2
6283185.307179586	1211.8118118118118	3	-1.452699192217199	1.0635115967187394e-10	2
6283185.307179586	1114.4144144144145	2	-0.6824678903697932	1.009526904994982e-09	0
6283185.307179586	2401.4514514514517	3	0.4543340079259388	-8.184052286581128e-10	0
6283185.307179586	2234.4844844844847	1	0.918169238944714	1.5600683500887816e-09	0
6283185.307179586	1921.4214214214214	3	-1.0740533199110731	-1.0038041340323427e-09	0
6283185.307179586	1768.3683683683685	2	0.7591217572901252	-1.3966140677397841e-09	0
6283185.307179586	2665.8158158158158	2	-0.29792041102664957	-1.9741922019188382e-09	0
6283185.307179586	1107.4574574574574	2	0.10001713844303395	-7.361436988795585e-10	0
6283185.307179586	696.996996996997	1	-1.2856688484024248	1.0941832431306966e-09	2
6283185.307179586	1204.854854854855	3	1.2948179924092647	-1.1504297070011815e-09	2
6283185.307179586	488.2882882882883	3	-0.864450038618828	8.357722043810432e-10	2
6283185.307179586	2220.5705705705705	2	-0.14642131044552675	-5.399674930527946e-10	0
6283185.307179586	1323.1231231231232	2	-1.262434117505615	-8.870949280141965e-10	2
6283185.307179586	655.2552552552553	1	-0.5637143475325805	3.2965163461463386e-10	2
6283185.307179586	2102.3023023023025	3	1.3649548285453128	-8.786190913290409e-10	1
6283185.307179586	1392.6926926926926	2	-0.030441508030671693	-4.5709343365195784e-10	1
6283185.307179586	2589.289289289289	1	-0.8997566214418017	1.0832609054348385e-09	0
6283185.307179586	1552.7027027027027	2	0.5710864308593901	8.432789398099547e-11	1
6283185.307179586	1434.4344344344345	2	0.8753257261249812	-7.175450115598455e-10	2
6283185.307179586	1197.897897897898	3	1.3222402756411213	1.1270493450533391e-09	2
6283185.307179586	857.007007007007	3	-0.07570266397055403	1.3486893560089237e-09	0
6283185.307179586	2178.828828828829	2	-0.7857471031136313	-5.546312023757332e-10	1
6283185.307179586	1441.3913913913914	3	-0.6883740879142157	-1.8585578452286158e-09	0
6283185.307179586	1719.6696696696697	3	-0.533202550384986	-1.076298620933191e-09	0
6283185.307179586	3778.928928928929	3	-0.7131858944474062	1.9201391929278218e-09	0
6283185.307179586	1990.9909909909911	1	1.4463323069609424	5.622534724488985e-10	2
6283185.307179586	1977.077077077077	3	0.7742203898046953	4.6515327467082513e-10	1
6283185.307179586	1239.6396396396397	3	-1.4888479792278824	1.7793599049510241e-09	2
6283185.307179586	1837.937937937938	2	1.0598574157652019	-9.689707614473414e-10	0
6283185.307179586	2130.13013013013	3	-0.09826810348832948	-1.961799933165329e-09	0
6283185.307179586	3159.75975975976	2	-1.3768914296505899	-6.731961752343505e-10	2
6283185.307179586	3507.607607607608	2	0.04179551092810008	-2.511315894988365e-10	2
6283185.307179586	1163.113113113113	1	-0.39963274883308886	-5.846887100747412e-10	1
6283185.307179586	2443.193193193193	2	-0.3425263113583985	-6.865513351378266e-11	2
6283185.307179586	1705.755755755756	1	-0.9817044840594974	-1.5103535929710246e-09	0
6283185.307179586	1754.4544544544544	3	-0.5190246139063721	1.1644836095079912e-09	0
6283185.307179586	1267.4674674674675	3	0.7363636257196458	2.7490548816274274e-10	2
6283185.307179586	787.4374374374374	1	-1.3522746710314142	-1.4515027025743952e-11	2
6283185.307179586	1010.0600600600601	2	1.2409403869416584	4.282385226100582e-10	1
6283185.307179586	1183.983983983984	2	0.7053215278341969	-7.919624846553683e-10	0
6283185.307179586	3131.931931931932	2	1.1213650227526037	-1.625633675177625e-09	0
6283185.307179586	2693.643643643644	2	-1.2385290369325976	-1.4095559689494325e-09	0
6283185.307179586	1796.1961961961963	1	0.22933441022276035	5.209797589736609e-10	0
6283185.307179586	863.963963963964	2	0.7407504725208218	1.992586673387973e-09	0
6283185.307179586	2408.4084084084084	3	-1.328025994627049	5.441013158440046e-10	2
6283185.307179586	1712.7127127127128	1	-1.013202411489894	4.492371669432289e-10	1
6283185.307179586	1768.3683683683685	3	-1.3257779250560202	-4.481116849476262e-10	2
6283185.307179586	2763.2132132132133	1	0.14983147394059992	1.1729820299725847e-09	0
6283185.307179586	2443.193193193193	2	1.2132333616619921	-8.02343309107894e-10	2
6283185.307179586	2867.5675675675675	2	0.7444709818470154	8.849113703967602e-10	0
6283185.307179586	1093.5435435435436	2	-0.6628260758940182	4.650772656124308e-10	1
6283185.307179586	2700.6006006006005	3	-0.6777029194463182	-5.977244693503585e-10	0
6283185.307179586	662.2122122122122	3	-0.8893754532145038	-3.066649080803359e-11	2
6283185.307179586	1476.176176176176	3	0.3355878179881704	1.1500142736770619e-09	0
6283185.307179586	2039.6896896896897	2	-1.021486607413097	1.2130355529082905e-10	2
6283185.307179586	1726.6266266266266	1	-0.853042741197757	1.5165471678510982e-09	0
6283185.307179586	1844.8948948948948	2	-1.0023823838386248	-4.376923170272359e-10	2
6283185.307179586	1907.5075075075076	1	-1.5574749691152012	6.394434451032755e-10	2
6283185.307179586	1865.7657657657658	2	0.853844618386618	1.0863330407014105e-09	0
6283185.307179586	1302.2522522522522	1	-0.3115432064204331	8.198587154321256e-10	0
6283185.307179586	1316.1661661661662	3	-1.0068889917126211	1.2631718235135648e-09	0
6283185.307179586	3785.885885885886	2	0.22557338726709197	-1.7872647557134707e-09	0
6283185.307179586	2763.2132132132133	3	-1.0909800792108928	9.570354346726737e-10	0
6283185.307179586	2589.289289289289	2	-1.402088939571919	-1.2491378333285778e-09	2
6283185.307179586	1267.4674674674675	3	1.4006439316819095	-2.794558131737596e-11	1
6283185.307179586	947.4474474474474	1	-0.6580988145108697	1.0052521050065573e-09	0
6283185.307179586	2213.613613613614	1	1.1685159589886656	1.8679176264008692e-09	0
6283185.307179586	2213.613613613614	1	-0.2955820332342942	-8.022179301616977e-10	0
6283185.307179586	2665.8158158158158	1	0.8043259432791232	-8.526004308504366e-10	0
6283185.307179586	1935.3353353353355	1	-0.06360560772513879	-1.5634112348484296e-09	0
6283185.307179586	1072.6726726726727	3	-1.4841789444150137	-6.723584948082341e-10	2
6283185.307179586	2234.4844844844847	2	-1.0452256935957531	-1.5281808958556052e-09	0
6283185.307179586	2589.289289289289	3	-1.3125593135090292	1.1751496232822382e-09	2
6283185.307179586	1726.6266266266266	1	1.3663939602869317	-1.9972425581094124e-09	1
6283185.307179586	1580.5305305305305	3	-1.428367849248132	1.9004142519787457e-09	2
6283185.307179586	1211.8118118118118	2	1.5046882561970647	-1.00323308881643e-09	2
6283185.307179586	1747.4974974974975	3	-1.0573073860147382	-9.117394954179968e-10	0
6283185.307179586	1872.7227227227227	3	0.6563979893521492	-1.508564710955349e-09	0
6283185.307179586	1483.1331331331332	1	1.1710533705837962	-1.4006190843430573e-09	0
6283185.307179586	1851.851851851852	3	0.7190694889414928	2.625582450107036e-10	1
6283185.307179586	2380.5805805805808	2	1.358927778936374	2.2750228993918853e-10	1
6283185.307179586	1350.950950950951	3	0.03942810150666065	1.7325351721243484e-09	0
6283185.307179586	2018.818818818819	2	-0.6018404998586345	-1.0335823569724894e-09	0
6283185.307179586	1865.7657657657658	1	0.7548397976420436	-9.374801339585315e-12	2
6283185.307179586	2651.901901901902	2	-0.048470004088748686	-1.3909095471547832e-09	0
6283185.307179586	1114.4144144144145	1	-1.187179017547868	-1.0309603905811651e-09	2
6283185.307179586	1719.6696696696697	3	1.3898574139364053	-1.6193130829933554e-09	2
6283185.307179586	947.4474474474474	1	-0.5179559134198961	1.6966636091469625e-09	0
6283185.307179586	1893.5935935935936	2	1.5010831774051643	5.141389286876073e-10	1
6283185.307179586	1587.4874874874874	3	-1.3641635760584172	-7.762028618734861e-10	2
6283185.307179586	738.7387387387388	1	0.09435916435270908	-9.644609815801447e-10	2
6283185.307179586	2123.1731731731734	2	0.0893708805520208	-7.366774349454667e-10	0
6283185.307179586	2088.388388388388	2	-0.44382216036343003	-1.0332389820215707e-09	0
6283185.307179586	662.2122122122122	2	-0.7640954904666057	-5.291967846667585e-10	1
6283185.307179586	3897.1971971971975	1	-1.0239162233362804	2.2214111478740127e-10	2
6283185.307179586	1225.7257257257259	3	1.3671453087202852	-1.308423882930115e-09	2
6283185.307179586	1504.004004004004	3	-0.6383570480590818	-3.625777989708888e-12	2
6283185.307179586	3354.5545545545547	1	-1.4867549624489642	8.596850745000603e-10	2
6283185.307179586	2109.259259259259	1	-1.5671804690276052	-1.0508854849641359e-10	2
6283185.307179586	3389.3393393393394	1	0.06678738266240636	1.8126885291151005e-09	0
6283185.307179586	1225.7257257257259	1	-0.4441924650690756	3.68342785886369e-10	2
6283185.307179586	808.3083083083084	3	1.5039325073690608	-1.930118280054358e-09	2
6283185.307179586	2234.4844844844847	2	-0.4771593955560962	2.8620289963044734e-10	1
6283185.307179586	2471.021021021021	3	0.9225569074255131	-7.679346129109415e-10	0
6283185.307179586	1691.8418418418419	2	0.09837427658409159	-1.2989636107265348e-09	0
6283185.307179586	836.1361361361362	2	0.34321343717119923	9.583672589637818e-10	0
6283185.307179586	1726.6266266266266	3	0.2707880264107918	-6.850613766682696e-10	0
6283185.307179586	1392.6926926926926	2	0.28448107375037757	1.2071772459700405e-09	0
6283185.307179586	975.2752752752752	2	-0.2619316566564829	-1.4878046801399273e-09	0
6283185.307179586	2241.4414414414414	1	0.2752895513078437	9.692190051439167e-11	2
6283185.307179586	2297.097097097097	2	0.622525415946106	-1.732799634470279e-09	0
6283185.307179586	2102.3023023023025	3	-0.8279152654173393	7.383924931380003e-10	0
6283185.307179586	1337.0370370370372	3	0.0763472111274961	-8.426674917763699e-10	0
6283185.307179586	1399.6496496496497	3	-0.7680361855453253	-7.445313629415829e-10	0
6283185.307179586	2547.5475475475478	3	-0.08407822382946972	1.0708997901289423e-09	0
6283185.307179586	1037.887887887888	2	-0.4377049751360591	1.680834583435688e-09	0
6283185.307179586	1239.6396396396397	1	-1.1953389665195973	-1.1831337279035923e-09	2
6283185.307179586	1719.6696696696697	3	0.5849094477331049	1.0988841839441492e-09	0
6283185.307179586	1163.113113113113	3	1.3413135043389528	1.0872496651266699e-09	2
6283185.307179586	1761.4114114114116	1	1.0409167000771142	6.163749504704399e-10	1
6283185.307179586	1629.2292292292293	1	-0.46479759963674483	-1.971800783080796e-09	0
6283185.307179586	1844.8948948948948	2	-1.1814176248458181	-7.203504638643654e-10	2
6283185.307179586	1893.5935935935936	1	-0.6909186450264094	-1.0466014919472633e-09	0
6283185.307179586	2387.5375375375374	2	1.3578759755726622	-1.6006291647129249e-09	2
6283185.307179586	1343.993993993994	2	1.2997062261229329	6.760925480986773e-10	2
6283185.307179586	794.3943943943945	3	-0.8970321542764346	4.889481129065101e-10	2
6283185.307179586	2777.127127127127	2	-1.4151495801421767	2.538417352672236e-10	2
6283185.307179586	2484.934934934935	3	-0.035060963212614205	1.5836131846080224e-09	0
6283185.307179586	1684.884884884885	3	1.327497272658078	-1.7733848387319108e-09	1
6283185.307179586	1378.7787787787788	1	-1.4650352380588774	1.6548549681681779e-09	1
6283185.307179586	599.5995995995996	2	1.0551667236470474	1.4088550905757986e-09	2
6283185.307179586	2004.904904904905	1	0.5166697495959127	-5.6955906185207166e-11	2
6283185.307179586	1907.5075075075076	2	-0.9800052043662565	-1.2230752019429782e-09	0
6283185.307179586	3521.5215215215217	3	1.1919701356260535	-1.7282852153508542e-09	0
6283185.307179586	2561.4614614614616	2	-0.6992874303920512	-9.499671186545752e-10	0
6283185.307179586	2366.6666666666665	3	-1.270033936355784	-1.073707970253429e-09	2
6283185.307179586	1705.755755755756	1	-0.9080951163076945	1.4269675784880099e-09	0
6283185.307179586	1295.2952952952953	2	-0.8987246247165827	6.766679064091133e-10	1
6283185.307179586	1323.1231231231232	3	-0.41283593121366735	1.8522397188621885e-09	0
6283185.307179586	1357.9079079079079	2	1.4401639256886698	-1.7588083836441922e-09	1
6283185.307179586	1886.6366366366367	3	0.14908584368496225	-1.3686866578686426e-09	0
6283185.307179586	1121.3713713713714	2	1.4227514904460339	-5.479979650222897e-10	1
6283185.307179586	1677.927927927928	3	-0.2116039504394822	1.3607722748725095e-09	0
6283185.307179586	460.46046046046047	2	-0.912748848717877	5.045107810695397e-10	1
6283185.307179586	1552.7027027027027	3	0.7439329501914922	8.663880929436735e-10	0
6283185.307179586	2707.5575575575576	2	0.35360009820608496	-1.1383684325466959e-10	2
6283185.307179586	2032.7327327327328	2	0.5904375780084425	-7.773674315485875e-10	0
6283185.307179586	1510.960960960961	2	-0.4917155873732466	-1.0960608740863491e-09	0
6283185.307179586	857.007007007007	3	0.1344591889566782	-1.275098746003311e-09	0
6283185.307179586	2088.388388388388	1	0.39627261556065263	-6.16737306437972e-10	0
6283185.307179586	2248.3983983983985	1	-0.09149047361502727	5.34518317884464e-10	0
6283185.307179586	1670.970970970971	1	0.07636650986519622	6.508534335102533e-10	0
6283185.307179586	1705.755755755756	2	-1.1790298638058017	-3.783517957668275e-10	1
6283185.307179586	2491.891891891892	2	-1.1143548874367393	-9.72044767920279e-10	0
6283185.307179586	1128.3283283283283	3	-1.1510712200269515	-1.7016686761367343e-10	1
6283185.307179586	1121.3713713713714	1	1.1741981107136605	1.9263761907483196e-09	0
6283185.307179586	2359.70970970971	2	0.1455930626065729	-1.7906871118615639e-09	0
6283185.307179586	2512.762762762763	3	-0.8227461266510788	1.146376364489573e-09	0
6283185.307179586	1837.937937937938	3	-0.449367484005738	8.579549835444703e-10	0
6283185.307179586	2269.2692692692694	2	-1.4082044502860074	1.4362501472266147e-09	2
6283185.307179586	2164.914914914915	3	-0.20517363455792936	4.995222807188631e-10	0
6283185.307179586	2178.828828828829	3	0.007724768709531649	1.3495690192200337e-09	0
6283185.307179586	933.5335335335336	2	-0.5855398103587972	-8.905785866880699e-10	0
6283185.307179586	1573.5735735735736	3	-1.0564519441549902	4.282523658673197e-10	2
6283185.307179586	1552.7027027027027	1	-0.9421758268548578	3.927260315148002e-10	2
6283185.307179586	1594.4444444444446	1	-1.1555506460275347	1.4386746031016173e-09	0
6283185.307179586	2582.3323323323325	3	0.35060749400408886	1.6141176046944814e-09	0
6283185.307179586	3013.6636636636636	2	0.7204011466096438	-1.4038961576820688e-09	0
6283185.307179586	1330.08008008008	3	0.5455558283251678	-7.250954801790925e-10	0
6283185.307179586	1406.6066066066066	3	0.43938474233868563	-1.6671003109445103e-09	0
6283185.307179586	2018.818818818819	1	-0.7662084331705113	-4.497529312383217e-11	1
6283185.307179586	1065.7157157157158	3	-1.4338235200326075	1.90518725311523e-09	2
6283185.307179586	3312.812812812813	3	1.357833847315522	1.2468938276914865e-09	2
6283185.307179586	1615.3153153153153	3	0.6551388939006166	1.7323176530723342e-09	0
6283185.307179586	989.1891891891892	3	-0.9287626932096895	-1.8613877621040481e-09	0
6283185.307179586	2477.977977977978	2	1.3152820044221438	-1.6483392511122658e-10	2
6283185.307179586	1942.2922922922924	3	-1.017687509414627	1.6138433687667417e-09	0
6283185.307179586	2797.997997997998	2	-0.8416622544233539	1.2190513594203913e-09	0
6283185.307179586	1990.9909909909911	2	-1.463673335186965	1.2009216892875488e-09	1
6283185.307179586	724.8248248248249	2	-1.4251636460996595	3.646771347427714e-10	1
6283185.307179586	2651.901901901902	1	1.148962628965482	1.84105491099355e-09	0
6283185.307179586	1573.5735735735736	3	0.5726846022715582	1.390649475134802e-09	0
6283185.307179586	954.4044044044044	1	-0.7177135914306954	-1.311244100865217e-10	2
6283185.307179586	905.7057057057058	2	-1.0753794108763	-1.7399992466456895e-09	0
6283185.307179586	731.7817817817818	3	-0.025353820202725696	1.082007657255758e-09	0
6283185.307179586	1288.3383383383384	2	0.08664127728161364	-1.5707447434170218e-09	0
6283185.307179586	933.5335335335336	3	-1.3984606770898271	4.966775037270562e-10	2
6283185.307179586	1030.930930930931	1	-0.8165237085652186	6.48283606388847e-10	0
6283185.307179586	1824.0240240240241	3	-1.2212513785957158	-1.5932475639335608e-09	0
6283185.307179586	2192.742742742743	1	-0.9355806611802265	-4.971928631736186e-10	2
6283185.307179586	1587.4874874874874	3	0.46698363461670533	-1.7060975865630833e-09	0
6283185.307179586	2290.1401401401404	3	-1.412794764821789	6.839225867901021e-10	2
6283185.307179586	1824.0240240240241	1	-0.9976668241678195	9.358548213720348e-10	0
6283185.307179586	1963.1631631631633	2	0.06726119531607555	-1.8421919583749752e-09	0
6283185.307179586	1803.1531531531532	3	0.059474757830966674	1.8315114106987777e-09	0
6283185.307179586	1469.2192192192192	2	-0.920114759965022	-1.0826015234107485e-09	0
6283185.307179586	843.0930930930931	1	-1.5056179444200302	-4.4474251932005435e-10	1
6283185.307179586	641.3413413413414	2	0.7835741879590072	-4.500139729399288e-10	2
6283185.307179586	1051.801801801802	3	0.09272431080133092	1.6062936751609865e-09	0
6283185.307179586	1643.143143143143	2	0.30668091541669584	5.070979545230453e-10	0
6283185.307179586	1719.6696696696697	3	-0.09298558603026796	-6.995863547936034e-10	0
6283185.307179586	1218.7687687687687	3	0.9438237412217312	5.881883783305709e-11	2
6283185.307179586	1378.7787787787788	2	1.499105238552537	3.0982667877724223e-10	1
6283185.307179586	2464.064064064064	3	-0.870468209310922	-2.005214258633589e-10	2
6283185.307179586	1928.3783783783783	1	-1.5313491649903683	-5.313172087829888e-10	1
6283185.307179586	1914.4644644644645	2	-0.43570050073528765	2.1533841977179513e-10	2
6283185.307179586	1970.1201201201202	2	1.5666250065370249	3.677968867286813e-11	1
6283185.307179586	3187.5875875875877	1	0.09317029975597313	1.3471906492737457e-09	0
6283185.307179586	1615.3153153153153	1	-1.2925353271722069	8.823576180567335e-10	2
6283185.307179586	1824.0240240240241	2	1.3473403742085677	-1.7404610412559886e-09	2
6283185.307179586	2283.1831831831832	2	-0.9511630525074324	1.1373058156783718e-10	1
6283185.307179586	843.0930930930931	3	0.7296365304943424	-1.3240149034958032e-09	0
6283185.307179586	2331.881881881882	2	1.472171282328742	-1.6326002944362041e-09	2
6283185.307179586	1615.3153153153153	3	1.205128778410315	-1.931454642549109e-09	0
6283185.307179586	2262.3123123123123	2	-0.8223252714195094	1.7523327766543827e-09	0
6283185.307179586	1705.755755755756	3	0.35729579904312825	1.3335989155878978e-09	0
6283185.307179586	1657.0570570570571	2	-0.07869410239765218	-1.7318801803943124e-09	0
6283185.307179586	1942.2922922922924	1	0.12742287918117046	-1.7986700791808278e-09	0
6283185.307179586	1566.6166166166167	1	0.12585969276300002	-3.720852783877255e-10	1
6283185.307179586	2366.6666666666665	2	0.41924354153673726	7.700149423410456e-11	1
6283185.307179586	1100.5005005005005	3	1.03890829823401	-1.225303331582717e-09	0
6283185.307179586	627.4274274274275	1	0.8925207875967445	1.983533508025778e-09	0
6283185.307179586	1044.8448448448448	1	-0.26650735097629696	-9.717045891916808e-10	0
6283185.307179586	2081.4314314314315	2	-1.5020976645399196	8.631479171691978e-10	2
6283185.307179586	2658.858858858859	1	0.27123493027309165	-7.506259767983278e-11	2
6283185.307179586	1851.851851851852	2	0.41410857982269356	1.0403513767150048e-10	2
6283185.307179586	1942.2922922922924	2	0.4485273142361912	-7.730396412427393e-10	0
6283185.307179586	787.4374374374374	2	0.15636431257679728	-1.5288264254689685e-09	0
6283185.307179586	1267.4674674674675	2	-0.3992760921682119	1.4676698095951074e-09	0
6283185.307179586	627.4274274274275	1	-0.702867747075383	-1.1871532317835136e-10	2
6283185.307179586	1441.3913913913914	1	0.9243482981938063	1.1399115601453397e-09	0
6283185.307179586	2958.008008008008	2	1.3785174896101848	-1.0588503922912165e-09	2
6283185.307179586	3145.845845845846	3	1.5685556978927782	1.3445588867211412e-09	1
6283185.307179586	1037.887887887888	1	0.6941045387162168	-6.484530131933987e-10	1
6283185.307179586	1601.4014014014015	3	-1.105666816267216	1.7318073043161064e-09	0
6283185.307179586	2797.997997997998	3	-0.23165163599747807	5.551167921843876e-10	0
6283185.307179586	2109.259259259259	2	0.32117230783882933	-1.7397137855250132e-09	0
6283185.307179586	2144.0440440440443	3	-1.5572251012225815	1.9662493346359685e-09	1
6283185.307179586	1170.0700700700702	1	0.32364933244857785	1.144658046399841e-09	0
6283185.307179586	2387.5375375375374	3	0.03632143134342969	-1.486647720526667e-09	0
6283185.307179586	1149.1991991991993	3	-0.5608012239959956	2.8562348450347885e-10	2
6283185.307179586	745.6956956956957	3	0.5156820747328807	-1.4045939411585847e-09	0
6283185.307179586	1615.3153153153153	3	1.2237935374432047	-4.731685602002155e-10	1
6283185.307179586	2137.087087087087	3	-0.7994984420644776	-4.015497135128525e-10	2
6283185.307179586	2401.4514514514517	2	-0.08814696095021612	1.1266832007602603e-09	0
6283185.307179586	530.03003003003	2	-1.4115045606969847	7.917762880631108e-10	1
6283185.307179586	1434.4344344344345	1	0.47084182036416866	2.251352534575844e-10	2
6283185.307179586	2526.676676676677	1	1.1214943404056918	1.0453674457229531e-09	0
6283185.307179586	1163.113113113113	1	-1.4983623310924674	-7.267334457447558e-10	2
6283185.307179586	2491.891891891892	2	-1.1664057288757896	5.990397016384793e-10	1
6283185.307179586	2937.1371371371374	3	1.0261318254903662	-5.198160419428435e-10	2
6283185.307179586	3716.3163163163163	3	-1.2608053560762438	7.938011038190766e-10	1
6283185.307179586	2394.4944944944946	1	1.0460428968238964	1.4130714219215882e-09	0
6283185.307179586	2770.1701701701704	1	0.4479766437898456	-1.2078544189265503e-09	0
6283185.307179586	2088.388388388388	2	1.3889139507941621	1.9982455488556817e-09	1
6283185.307179586	1650.1001001001002	1	-0.78787420460641	4.106483671018834e-10	2
6283185.307179586	1072.6726726726727	3	0.9297784344396356	8.947595447458672e-10	2
6283185.307179586	3069.319319319319	1	0.35686863335055463	6.941117697651792e-10	0
6283185.307179586	1705.755755755756	1	-1.3689336279638094	-1.013845132235816e-09	2
6283185.307179586	1789.2392392392394	1	-0.1448630852702999	-1.1530434430070977e-09	0
6283185.307179586	2679.72972972973	3	-0.7297678628936073	6.405792409645519e-10	0
6283185.307179586	996.1461461461462	1	-0.699722591893988	1.3672904200963413e-10	2
6283185.307179586	836.1361361361362	3	-1.4460630522034028	4.2577542038360255e-11	2
6283185.307179586	2331.881881881882	3	0.7972086710123225	-1.0387546255355399e-09	0
6283185.307179586	1726.6266266266266	1	1.2791747795472475	6.79286082044759e-10	2
6283185.307179586	1051.801801801802	3	-1.483135104358606	2.602246247914392e-10	2
6283185.307179586	2380.5805805805808	1	0.3533963082975633	1.9213855292818098e-11	2
6283185.307179586	1719.6696696696697	2	0.09754766246406832	1.5221420084939303e-09	0
6283185.307179586	1017.017017017017	3	0.9373954973685841	5.538376230377087e-11	1
6283185.307179586	2811.911911911912	2	0.5245083782251689	1.683644861418862e-09	0
6283185.307179586	578.7287287287287	2	1.1937961106414194	1.4846937595511805e-09	2
6283185.307179586	1211.8118118118118	2	0.7969796671259903	-7.949287181520557e-10	0
6283185.307179586	2283.1831831831832	1	0.22982793876334706	1.6667322638712283e-09	0
6283185.307179586	495.24524524524526	3	-1.490575719066029	4.990709460734025e-10	2
6283185.307179586	1079.6296296296296	3	-0.7845115797656707	-8.18558174049722e-10	0
6283185.307179586	3625.875875875876	1	0.27211997151027467	4.453306348097412e-10	0
6283185.307179586	1580.5305305305305	2	-0.45519302914054394	2.567427016962142e-10	1
6283185.307179586	1601.4014014014015	1	1.2380356633683571	-1.0792800567170323e-09	1
6283185.307179586	1107.4574574574574	2	0.4940050274596506	-3.656834774086143e-10	2
6283185.307179586	1246.5965965965966	3	-0.6454202902467543	-1.822492822360133e-10	2
6283185.307179586	2672.772772772773	1	0.30167278298766664	1.604999606267801e-09	0
6283185.307179586	2046.6466466466468	2	-1.4814128927081078	-5.626012576606403e-10	1
6283185.307179586	2380.5805805805808	1	0.14996034724651564	-4.4467300905416927e-10	1
6283185.307179586	1183.983983983984	1	0.2622155684516596	1.0812947396671803e-09	0
6283185.307179586	1893.5935935935936	2	0.17413858523915238	1.9376198785859075e-09	0
6283185.307179586	2130.13013013013	3	0.5118394574778429	-4.744264775426327e-10	0
6283185.307179586	1949.2492492492493	2	0.17886114635175043	-4.256411377720983e-10	1
6283185.307179586	1935.3353353353355	2	-1.5156413640073845	1.757953110965592e-09	1
6283185.307179586	2526.676676676677	3	-0.642456276767108	-1.2602895426818527e-09	0
6283185.307179586	857.007007007007	3	-0.4252839865373039	-8.202258230649978e-10	0
6283185.307179586	1177.027027027027	2	1.0133915241987888	-8.636169379550945e-10	1
6283185.307179586	1538.788788788789	2	-1.5661384792760875	-1.6272987261930976e-09	1
6283185.307179586	996.1461461461462	3	-0.6087338571054032	1.019799641166886e-09	0
6283185.307179586	1448.3483483483483	1	-0.3173076231004399	-7.630928996124884e-10	0
6283185.307179586	1497.047047047047	3	1.400932859835346	1.6390662672522619e-09	2
6283185.307179586	2519.7197197197197	1	-1.2853016639540844	2.8863915490602236e-10	2
6283185.307179586	3994.5945945945946	1	0.0799759792796606	2.959778410348157e-10	1
6283185.307179586	1274.4244244244244	1	-0.12187902979256937	-1.7507985291995618e-10	2
6283185.307179586	1580.5305305305305	1	-0.6993161723481324	9.961316522019722e-10	0
6283185.307179586	863.963963963964	3	0.20209554875041147	-1.1512475140755507e-09	0
6283185.307179586	870.9209209209209	1	-0.012238674854341713	-1.996178099155269e-09	0
6283185.307179586	2311.011011011011	1	0.5892499453457147	-4.6545633251941963e-10	2
6283185.307179586	2081.4314314314315	2	0.4180170952890787	-1.4361897097696806e-09	0
6283185.307179586	1350.950950950951	2	1.1606278563548575	-1.1327748170183681e-09	2
6283185.307179586	947.4474474474474	3	-0.9161331737947919	2.557893465691553e-10	2
6283185.307179586	1851.851851851852	2	-1.5110001775224113	1.6934337910883051e-09	2
6283185.307179586	1017.017017017017	2	-1.3615929484505802	5.286862219915158e-11	1
6283185.307179586	2269.2692692692694	3	-0.324094822291916	5.626604165797041e-10	0
6283185.307179586	1497.047047047047	3	1.0308003355763642	1.4671468338084657e-09	0
6283185.307179586	1531.8318318318318	2	-0.4469820272812368	-1.516614724234434e-09	0
6283185.307179586	1970.1201201201202	2	0.11866785490143439	5.322893743603721e-10	0
6283185.307179586	2046.6466466466468	1	1.3572768988087063	7.632361322530637e-10	2
6283185.307179586	1253.5535535535537	3	-1.2285117820885185	-5.986396052625512e-10	2
6283185.307179586	1545.7457457457458	1	-1.3560274736917879	-1.4932071697747187e-09	2
6283185.307179586	1949.2492492492493	3	1.4131527396688899	4.364633547862641e-11	2
6283185.307179586	2568.4184184184187	1	-0.717273155864835	-1.5838758813064408e-09	0
6283185.307179586	1504.004004004004	2	0.9386328222071434	-1.9159468912946735e-09	0
6283185.307179586	850.0500500500501	2	1.4530531851645092	1.954278273488282e-09	2
6283185.307179586	1824.0240240240241	1	-0.44155019102067783	-1.333159769903355e-09	0
6283185.307179586	3180.6306306306305	3	-1.274821568760027	1.789923690648604e-09	0
6283185.307179586	1907.5075075075076	3	0.30300906476986467	-2.506890604972764e-10	2
6283185.307179586	1406.6066066066066	3	1.0789308459353606	-2.252446670061224e-10	2
6283185.307179586	1719.6696696696697	3	-1.282672899779333	-1.563006198382856e-09	1
6283185.307179586	2345.795795795796	2	-1.0157353491833305	7.73503302996976e-10	1
6283185.307179586	1914.4644644644645	1	0.6521075931948732	1.1938981459277084e-09	0
6283185.307179586	530.03003003003	1	-0.7464227838947844	7.475729966330137e-10	0
6283185.307179586	3305.855855855856	1	1.4233582120488721	-1.9894670042566744e-09	2
6283185.307179586	1204.854854854855	2	-0.05036548933985818	-1.5756892552556365e-09	0
6283185.307179586	787.4374374374374	1	1.3901109403476832	5.725702428410276e-10	2
6283185.307179586	870.9209209209209	3	-0.39217561693390235	4.517872499934327e-10	1
6283185.307179586	620.4704704704704	2	0.49618805184191705	9.987629006920024e-10	0
6283185.307179586	2700.6006006006005	3	1.443781344844432	-1.586906002066917e-09	2
6283185.307179586	891.7917917917919	3	1.5328714328146358	-3.4697526149900115e-10	2
6283185.307179586	870.9209209209209	3	1.4026445078475316	-6.26389062504782e-10	1
6283185.307179586	2978.878878878879	1	1.2989126140697222	7.337042199953536e-10	2
6283185.307179586	2387.5375375375374	1	-1.3113697433022906	1.7944287481140406e-09	0
6283185.307179586	2269.2692692692694	2	-0.8202498559170736	3.062417118400909e-10	1
6283185.307179586	1657.0570570570571	1	-0.996590622282165	1.3175969288877244e-09	0
6283185.307179586	3090.19019019019	2	0.6606233561946402	9.944922065164575e-10	0
6283185.307179586	836.1361361361362	3	0.4173282381807437	-1.5066729891325696e-09	0
6283185.307179586	1942.2922922922924	2	-0.9843476772486021	-1.8717062759603087e-09	0
6283185.307179586	1949.2492492492493	2	-0.09499015559049484	-1.7185157064034027e-09	0
6283185.307179586	1963.1631631631633	2	-1.5238764609953044	-3.501029698339235e-10	1
6283185.307179586	2457.1071071071074	3	-1.1653702130468018	1.7141014900676025e-09	0
6283185.307179586	1003.1031031031031	2	-0.2365404688240098	1.6485230564480604e-10	2
6283185.307179586	2151.001001001001	1	0.5688727711202199	1.3731157601355133e-10	2
6283185.307179586	1712.7127127127128	3	0.1660768902238472	-1.2504288684981902e-09	0
6283185.307179586	1170.0700700700702	1	-1.3091611691644953	1.5423728547064186e-09	2
6283185.307179586	1608.3583583583584	1	-1.151551730868531	-4.731645847233921e-10	2
6283185.307179586	1872.7227227227227	2	0.008353680301647293	1.7843587822258973e-09	0
6283185.307179586	1211.8118118118118	2	0.8722775852232525	-5.988128638994525e-10	2
6283185.307179586	1385.7357357357357	1	-1.466027637451323	9.058638205567832e-10	2
6283185.307179586	1017.017017017017	3	0.8524057170568149	-2.26682908873951e-10	2
6283185.307179586	2304.054054054054	1	-0.27863328203237403	1.4193380691289822e-12	1
6283185.307179586	1629.2292292292293	2	-0.2327154447468449	1.924636776450807e-09	0
6283185.307179586	2728.4284284284286	1	-1.2528331737830516	7.09701356693702e-10	2
6283185.307179586	843.0930930930931	3	1.2829414279090665	7.299649192787525e-10	2
6283185.307179586	1114.4144144144145	1	-1.077508194899853	-5.144886314867412e-10	2
6283185.307179586	2631.031031031031	1	-0.7651116333756921	-1.478105162116313e-09	0
6283185.307179586	891.7917917917919	2	1.4797557168391067	1.6914505253342982e-09	2
6283185.307179586	1872.7227227227227	3	-1.1624727862573343	-1.847577511748981e-09	0
6283185.307179586	1622.2722722722724	3	0.4264711115605879	1.3326013028642904e-10	2
6283185.307179586	1448.3483483483483	1	1.3863422637607723	-1.1785883922111458e-09	2
6283185.307179586	1455.3053053053054	3	0.9599463806196233	8.350047192602979e-10	2
6283185.307179586	2603.2032032032034	2	0.6509648363982943	1.5872749366872634e-09	0
6283185.307179586	2276.226226226226	3	1.1493012124865043	-9.37674863517958e-10	1
6283185.307179586	2589.289289289289	3	0.5435859860713825	1.608590537234993e-09	0
6283185.307179586	1949.2492492492493	3	-0.5117557955912901	-1.4036474473513663e-10	2
6283185.307179586	1406.6066066066066	3	-0.2079128578926952	-2.9415781069067793e-10	2
6283185.307179586	1691.8418418418419	2	-0.7766071773839328	6.327883294464731e-10	1
6283185.307179586	1684.884884884885	2	-0.8842747082868252	-9.878155607728753e-10	0
6283185.307179586	3410.2102102102103	1	0.3869467418896755	-1.9593946744161755e-09	0
6283185.307179586	1643.143143143143	1	0.5579757347305918	8.208672305660696e-10	0
6283185.307179586	1594.4444444444446	1	-1.0705662279441341	1.7810745934427066e-09	0
6283185.307179586	2109.259259259259	1	0.38432746227242043	1.9180715752527168e-09	0
6283185.307179586	2839.73973973974	2	-1.1815932113629461	-9.247404558495429e-10	1
6283185.307179586	543.943943943944	2	-0.6935700348729678	-7.341417154854293e-10	1
6283185.307179586	1719.6696696696697	2	-1.0821261939646192	5.35827757955103e-10	1
6283185.307179586	1594.4444444444446	1	-0.6894484933184296	-6.060270046456174e-10	2
6283185.307179586	1684.884884884885	3	-0.7288804299078011	1.5902040310065218e-09	0
6283185.307179586	884.8348348348349	2	1.4274622980551226	-1.986450516230648e-09	2
6283185.307179586	571.7717717717718	3	0.30067361238543255	-1.4459344418750174e-09	0
6283185.307179586	2317.967967967968	1	-0.17489147406599193	1.9183188232647613e-09	0
6283185.307179586	1789.2392392392394	3	1.4033528793386307	-4.680920022938082e-10	2
6283185.307179586	2067.5175175175173	3	-0.744654854747748	-6.654710548474224e-10	0
6283185.307179586	2777.127127127127	1	0.10683080245033372	-1.2227638909343503e-09	0
6283185.307179586	1789.2392392392394	3	0.6535569834177561	1.071846079860829e-10	2
6283185.307179586	2651.901901901902	3	0.5050520502589619	1.482794171854781e-09	0
6283185.307179586	1121.3713713713714	2	0.5946390178115704	-5.589581847049283e-10	1
6283185.307179586	1817.0670670670672	1	-1.0656466155364086	1.0648055011132718e-09	0
6283185.307179586	1956.2062062062062	1	-0.7889926875665155	2.148724895202235e-10	2
6283185.307179586	1858.8088088088089	2	-0.6707032079752927	7.867289321238489e-10	0
6283185.307179586	3257.157157157157	2	-1.258226071346957	5.479930398465673e-10	2
6283185.307179586	2359.70970970971	2	0.06892679377585709	3.6038088599651944e-10	2
6283185.307179586	1594.4444444444446	1	0.19944133305352252	-9.253558697236323e-10	0
6283185.307179586	926.5765765765766	3	-1.1996106213991018	8.34671756469986e-10	2
6283185.307179586	2102.3023023023025	1	0.020802215309728478	1.1793611097859841e-09	0
6283185.307179586	3166.7167167167167	2	-1.371434271703255	-5.339167025631113e-10	1
6283185.307179586	1622.2722722722724	3	-0.715071551085908	4.84311860651604e-10	2
6283185.307179586	1566.6166166166167	1	-0.5484808694390129	-7.990276394834744e-10	0
6283185.307179586	1664.014014014014	3	0.9508564750879813	1.6572075587096067e-09	0
6283185.307179586	2178.828828828829	1	0.06776351972276018	6.037228042983453e-10	0
6283185.307179586	1636.1861861861862	1	-1.2141341595318873	1.4327764424363157e-09	0
6283185.307179586	2171.871871871872	3	-0.17393343040456233	7.604362738188746e-10	0
6283185.307179586	1170.0700700700702	3	-0.15312154468270234	9.035863698773886e-10	0
6283185.307179586	1886.6366366366367	2	-0.07575472754394541	1.9311259560910976e-09	0
6283185.307179586	1810.11011011011	3	0.13353717494878636	1.8056624631179878e-09	0
6283185.307179586	2116.2162162162163	3	-0.4888463311384472	-9.223822920656755e-10	0
6283185.307179586	1364.864864864865	1	0.693529939204466	-1.5496476862368383e-09	0
6283185.307179586	1072.6726726726727	2	-0.9458055082452562	1.461587930302298e-09	0
6283185.307179586	1650.1001001001002	1	-0.13137649135025953	9.073927002005571e-11	2
6283185.307179586	1316.1661661661662	2	0.11090602226398749	-1.1611932568525602e-09	0
6283185.307179586	2672.772772772773	1	-0.6006166938628335	1.4585435435079421e-09	0
6283185.307179586	1232.6826826826828	1	1.3095622957314998	-3.71274001001336e-10	2
6283185.307179586	690.04004004004	3	-1.2156003537365643	2.0084010484438898e-10	2
6283185.307179586	2018.818818818819	1	0.4848349075812908	1.7908313188238263e-09	0
6283185.307179586	1170.0700700700702	1	-1.0244812309973952	-1.599257983876616e-10	1
6283185.307179586	2317.967967967968	3	-1.4754528329298175	-5.583676480604195e-10	2
6283185.307179586	2283.1831831831832	2	-0.019881999786132143	-4.52666951160202e-10	0
6283185.307179586	613.5135135135135	1	0.28603929574357556	-1.822663640595592e-10	1
6283185.307179586	2693.643643643644	3	0.7203474252451745	1.4980807368234129e-09	0
6283185.307179586	1837.937937937938	3	0.3212884720018425	1.5973670943979662e-09	0
6283185.307179586	1538.788788788789	1	-1.3273699263495702	-1.2767828443409579e-09	2
6283185.307179586	3695.4454454454453	1	0.30554434143694476	3.2053636041011587e-10	1
6283185.307179586	1323.1231231231232	1	-0.0690639824855881	1.6167839035539855e-09	0
6283185.307179586	696.996996996997	3	-0.7710074730556173	-7.499267711334254e-10	0
6283185.307179586	1044.8448448448448	3	-0.1344776474764382	-8.881260955328863e-10	0
6283185.307179586	898.7487487487488	1	-1.0685505297652313	-1.9034482411469075e-09	0
6283185.307179586	1712.7127127127128	1	0.5571900797386169	-4.059611618716956e-10	1
6283185.307179586	2171.871871871872	3	0.5861011808952914	-1.9589141026500276e-09	0
6283185.307179586	912.6626626626627	1	0.4766987484034986	4.29356536265692e-12	1
6283185.307179586	947.4474474474474	2	0.6988309561323427	-1.5168344091727264e-10	2
6283185.307179586	1573.5735735735736	3	0.7662081205761035	-1.7534027459396994e-09	0
6283185.307179586	4245.045045045045	2	-0.4261713812919734	1.2673757747062923e-09	0
6283185.307179586	1858.8088088088089	2	0.8996110555512473	1.5949249958801497e-09	0
6283185.307179586	3243.2432432432433	2	0.7032723330955979	-1.5201450699799112e-09	0
6283185.307179586	1072.6726726726727	3	-1.3348045818515768	7.632041257240056e-11	2
6283185.307179586	1900.5505505505505	2	0.6946268182718911	3.722141024251566e-10	1
6283185.307179586	1893.5935935935936	2	-1.0126537628710095	1.279524263011938e-09	0
6283185.307179586	1740.5405405405406	3	0.409407831843591	4.939739585228535e-10	2
6283185.307179586	1350.950950950951	2	-0.5571480849959358	-1.0548384210215437e-09	0
6283185.307179586	1364.864864864865	2	0.809568385377172	-9.714774972727432e-10	0
6283185.307179586	2290.1401401401404	1	-1.4571598478439551	-1.7713630622026938e-09	1
6283185.307179586	1510.960960960961	2	0.7641666153287581	1.6096763313935915e-09	0
6283185.307179586	2735.3853853853852	3	-1.148461527021326	-5.271558721043955e-10	2
6283185.307179586	1719.6696696696697	3	1.2022813081484647	7.912163187031556e-10	1
6283185.307179586	189.13913913913913	2	0.18473500046687907	-8.251805385583096e-10	2
6283185.307179586	578.7287287287287	3	0.6660994087239853	-1.5072817049966191e-09	0
6283185.307179586	1629.2292292292293	3	-1.0011161499533343	-1.4105132237038515e-09	0
6283185.307179586	2304.054054054054	3	-0.43439132248753376	6.302504879504585e-10	0
6283185.307179586	982.2322322322323	2	1.4775336633763683	-1.6171451516518928e-09	1
6283185.307179586	1427.4774774774776	3	0.13705560507993408	4.886143606941886e-11	2
6283185.307179586	2276.226226226226	1	-1.4951747598937324	1.6890108260872545e-09	2
6283185.307179586	3403.253253253253	2	-0.9827994271140434	1.2858103079114331e-09	0
6283185.307179586	2171.871871871872	3	0.974790313105288	1.680152664344136e-09	0
6283185.307179586	808.3083083083084	3	-0.7307029151548604	7.87868663985577e-10	1
6283185.307179586	2742.3423423423424	1	-1.266880229359763	-2.6316681450204804e-10	2
6283185.307179586	1267.4674674674675	1	-0.12195232744356721	-1.4262085980204345e-09	0
6283185.307179586	669.1691691691692	1	-0.5270937511779863	9.76458323981881e-10	0
6283185.307179586	1476.176176176176	1	-1.3882398736665897	-1.5547104919669735e-09	2
6283185.307179586	1643.143143143143	3	0.19875885134463123	-1.3443971565230243e-09	0
6283185.307179586	2011.8618618618618	3	-0.7757206153284035	-1.734042202344025e-09	0
6283185.307179586	912.6626626626627	2	-0.3434875081476805	6.525971401928837e-10	0
6283185.307179586	1865.7657657657658	1	-1.1241299354040142	-7.145592020652347e-10	2
6283185.307179586	1183.983983983984	3	0.9080295757135208	-1.998247778691927e-09	0
6283185.307179586	1316.1661661661662	3	-1.537961111961927	2.866287532957728e-10	2
6283185.307179586	836.1361361361362	1	1.0509170096626579	2.6328212056012316e-10	2
6283185.307179586	1357.9079079079079	3	-0.2819775048492108	1.1172111462040645e-09	0
6283185.307179586	3312.812812812813	2	0.14141306077699878	-1.4773091831191004e-09	0
6283185.307179586	787.4374374374374	3	1.440512895478085	-1.8716970727843454e-09	1
6283185.307179586	1594.4444444444446	1	1.2573906310159555	1.145755941401345e-09	1
6283185.307179586	1232.6826826826828	1	-1.4558024806133292	1.403749785944773e-10	1
6283185.307179586	2366.6666666666665	2	0.30614513256564346	2.97961851873384e-10	2
6283185.307179586	2338.838838838839	3	-0.8083343632483833	1.6825646728691714e-09	0
6283185.307179586	1907.5075075075076	3	0.3071451052242897	-5.337090528593573e-10	0
6283185.307179586	1037.887887887888	2	-0.8681107167347156	1.4260204437330916e-10	1
6283185.307179586	467.4174174174174	3	0.8753494659923478	5.47941824000058e-11	2
6283185.307179586	1371.821821821822	3	-0.839425640276413	-9.070663961190451e-10	0
6283185.307179586	2589.289289289289	2	-0.5325334614825696	1.8639548363951883e-10	2
6283185.307179586	1747.4974974974975	3	0.630719886671617	1.9133565219683953e-09	0
6283185.307179586	1719.6696696696697	3	-0.21542239419526132	1.2759538800220657e-09	0
6283185.307179586	1956.2062062062062	3	-0.7118436828249499	-2.7750602273372487e-10	2
6283185.307179586	1218.7687687687687	2	0.985983185164121	1.622974279130736e-09	0
6283185.307179586	2276.226226226226	3	0.7497256945757602	-1.268210242063265e-12	1
6283185.307179586	2672.772772772773	2	1.1905367918433192	-8.490982618413212e-10	2
6283185.307179586	1935.3353353353355	1	1.1238858432313061	-4.959544423531943e-10	2
6283185.307179586	1357.9079079079079	3	1.18929844467764	-2.082855945655017e-10	1
6283185.307179586	1643.143143143143	3	0.40911635856059614	1.0545682386764705e-09	0
6283185.307179586	2484.934934934935	3	1.2075264270414117	1.1163706170816082e-09	1
6283185.307179586	1434.4344344344345	3	-0.4060592291403047	7.251248705306062e-11	2
6283185.307179586	2832.7827827827828	2	-1.5516051141213996	1.230598746125322e-10	1
6283185.307179586	2471.021021021021	3	0.16780589850356353	-2.2649565649813532e-10	1
6283185.307179586	1664.014014014014	3	0.47308587037649064	4.1273248637485016e-10	1
6283185.307179586	1837.937937937938	3	1.2804546866235689	-1.5079830432847153e-09	1
6283185.307179586	2971.921921921922	2	0.6609756155054152	1.2325711982403817e-09	0
6283185.307179586	1274.4244244244244	2	-0.35486777813710546	7.837320192844454e-10	0
6283185.307179586	1343.993993993994	3	-0.7780483443601909	-1.8893006860930465e-09	0
6283185.307179586	2144.0440440440443	3	1.1535003991879162	6.455939076474213e-10	2
6283185.307179586	2157.957957957958	1	-0.15507781637958118	9.974357571480144e-10	0
6283185.307179586	2811.911911911912	2	-0.12756946010971348	4.3948373880102024e-11	2
6283185.307179586	1754.4544544544544	3	0.4566543754058694	3.503070423733539e-10	1
6283185.307179586	2784.084084084084	1	1.5232278691327	8.75156379122603e-10	2
6283185.307179586	2484.934934934935	2	0.2534372883492677	5.115719116930987e-10	0
6283185.307179586	1462.2622622622623	1	-0.24896350419312197	1.342636207118143e-09	0
6283185.307179586	2060.5605605605606	2	0.6201812981024966	-1.5536392042129702e-09	0
6283185.307179586	2958.008008008008	3	-0.5334377788017057	2.9284118888730075e-10	1
6283185.307179586	2311.011011011011	3	0.11413786922826374	-1.9108339398860694e-10	2
6283185.307179586	1350.950950950951	3	-0.42448009143084353	-1.6930564412492003e-09	0
6283185.307179586	2589.289289289289	1	-1.3704975009111844	-9.347109329933768e-10	1
6283185.307179586	2074.474474474475	1	0.5606021570453259	-7.618998064656295e-10	0
6283185.307179586	738.7387387387388	3	-1.281842249798828	-1.193863328315954e-09	2
6283185.307179586	1984.034034034034	3	0.6441068776326588	-1.6259972284490668e-09	0
6283185.307179586	2874.5245245245246	3	0.7025286306982848	1.8713315222514373e-09	0
6283185.307179586	766.5665665665666	3	0.29038421990552155	1.894186434607563e-09	0
6283185.307179586	1469.2192192192192	2	-1.0570076845072154	1.144907166650899e-09	0
6283185.307179586	1844.8948948948948	3	0.7441952311761337	9.45723435369636e-10	0
6283185.307179586	2818.868868868869	2	-0.041871492570944024	-1.0751837652519023e-09	0
6283185.307179586	2610.16016016016	3	-1.1668261390535795	-1.5754082621147873e-09	0
6283185.307179586	3911.1111111111113	3	-1.3957824930909342	1.2951809419670435e-09	1
6283185.307179586	1782.2822822822823	2	-0.7432606957183762	1.4568429649307563e-09	0
6283185.307179586	2707.5575575575576	2	0.01409287964121031	1.3164933614782433e-09	0
6283185.307179586	947.4474474474474	3	0.9402045015224432	-6.310242295647748e-10	2
6283185.307179586	641.3413413413414	3	-1.3835812864266472	-1.1235711013471021e-09	2
6283185.307179586	1288.3383383383384	2	-0.3127594057379983	5.086377638134262e-10	1
6283185.307179586	1956.2062062062062	2	1.445452050343155	1.3887603858081997e-09	1
6283185.307179586	2471.021021021021	2	1.5690179271278417	-4.906471233816121e-10	1
6283185.307179586	2095.3453453453453	2	0.8799272093478359	9.305705251037754e-10	0
6283185.307179586	2366.6666666666665	3	-1.4941132024971984	7.456572693958253e-10	2
6283185.307179586	2923.223223223223	1	-1.4126063901159298	1.7316475015071255e-09	2
6283185.307179586	2046.6466466466468	1	-0.06258249606786048	6.927843511437458e-10	0
6283185.307179586	745.6956956956957	3	-0.1590805384987568	8.974834577883657e-10	2
6283185.307179586	1803.1531531531532	1	0.6029252044025566	4.6385443073381456e-10	1
6283185.307179586	1295.2952952952953	3	-0.9895770494917234	-6.578440564117502e-10	2
6283185.307179586	2331.881881881882	2	0.5242069516646368	1.222037886761716e-09	0
6283185.307179586	1587.4874874874874	2	-0.5172485194993774	5.518969243513316e-10	1
6283185.307179586	1712.7127127127128	3	-0.7654862532920772	-7.307275837472336e-10	0
6283185.307179586	1629.2292292292293	3	-1.1457859004506599	3.7008045455294826e-10	2
6283185.307179586	1705.755755755756	3	-1.4531616535534393	2.462664385356658e-10	2
6283185.307179586	1149.1991991991993	2	0.23163693405278196	-5.559906091893604e-10	1
6283185.307179586	4071.121121121121	2	0.6300853793323582	6.325114572982703e-10	0
6283185.307179586	1504.004004004004	1	0.44484396411374894	1.4243908405291105e-09	0
6283185.307179586	1698.7987987987988	3	-0.12779632224187232	-3.099623200869764e-12	2
6283185.307179586	1754.4544544544544	1	0.021710227601350995	-6.715939489123164e-10	0
6283185.307179586	2408.4084084084084	3	-1.4988322274588266	-1.0116043013091928e-09	2
6283185.307179586	2373.6236236236236	3	-0.42379576019788545	-9.271964238034447e-10	0
6283185.307179586	1545.7457457457458	1	-1.3258387760999355	5.726457433903388e-10	1
6283185.307179586	1650.1001001001002	2	-0.2975469958059995	1.8225558807785215e-09	0
6283185.307179586	1545.7457457457458	3	0.34708464881735623	-1.662865640910333e-09	0
6283185.307179586	2164.914914914915	2	-0.9605430385213447	-2.8504490575803174e-10	2
6283185.307179586	1462.2622622622623	2	0.48859501833861163	-1.350786480763125e-09	0
6283185.307179586	1253.5535535535537	3	0.3188336147166133	9.132086169182853e-10	0
6283185.307179586	1963.1631631631633	3	-0.7602415063168314	4.4152331183692206e-10	2
6283185.307179586	397.84784784784785	1	-1.2708978310502128	-1.4545891423547933e-09	1
6283185.307179586	2227.5275275275276	2	-1.1501194474060963	-2.8846650452568428e-11	1
6283185.307179586	2157.957957957958	1	0.7404595344410687	1.4205917714476266e-10	1
6283185.307179586	3778.928928928929	1	0.5733739648475584	1.8376011650442211e-09	0
6283185.307179586	1538.788788788789	3	-0.4833551130980096	-1.3506166330334338e-09	0
6283185.307179586	1295.2952952952953	2	0.5018403577669281	-1.157441231017975e-09	0
6283185.307179586	1399.6496496496497	3	0.012672823928892019	-1.3252700544230703e-09	0
6283185.307179586	961.3613613613613	2	-0.6658076687375664	-1.4303033880927197e-09	0
6283185.307179586	2582.3323323323325	1	-0.5352268788404855	-1.5189963577884443e-09	0
6283185.307179586	1580.5305305305305	3	0.7348830198220999	6.770685365011949e-10	1
6283185.307179586	1504.004004004004	2	0.7246189970301042	-6.797597217750751e-11	2
6283185.307179586	1371.821821821822	3	-0.8550734492231109	1.7534628956641822e-09	0
6283185.307179586	2380.5805805805808	2	-1.1057219087364025	4.5858692282157976e-10	2
6283185.307179586	2171.871871871872	1	1.3010389888070817	1.6943022449928583e-09	0
6283185.307179586	1935.3353353353355	2	-0.8792115761212691	-1.554547968237985e-09	0
6283185.307179586	1622.2722722722724	2	0.5556391791405533	1.9656860450410395e-09	0
6283185.307179586	1142.2422422422424	1	0.8271611548835196	-8.023628602582634e-10	2
6283185.307179586	2227.5275275275276	3	0.26739125941106945	-1.3746770448640955e-09	0
6283185.307179586	2471.021021021021	2	0.5305780899098869	-1.315683169080681e-10	2
6283185.307179586	1893.5935935935936	2	0.6522906344201651	-1.577724695791088e-09	0
6283185.307179586	599.5995995995996	1	0.7715567902557101	1.68309761515033e-09	0
6283185.307179586	1343.993993993994	1	0.478207242803534	-8.863864862993519e-10	0
6283185.307179586	1357.9079079079079	3	-1.422487833184613	1.4280772978119653e-10	2
6283185.307179586	3159.75975975976	3	-0.2131879418916165	1.7572656191398463e-09	0
6283185.307179586	766.5665665665666	2	0.5892719961710564	1.9173570781542584e-09	0
6283185.307179586	1775.3253253253254	1	-0.6479603845852198	-8.124517097708749e-10	0
6283185.307179586	2095.3453453453453	1	-1.3929193165861797	4.640006655239391e-10	2
6283185.307179586	2964.964964964965	1	0.7890283661974196	1.913727809285399e-09	0
6283185.307179586	2137.087087087087	2	-1.491261942019813	6.266437750693949e-10	2
6283185.307179586	1650.1001001001002	3	-1.2614041278228818	-7.497298969485421e-10	2
6283185.307179586	1469.2192192192192	2	1.3081014381091656	1.4058360529328286e-09	2
6283185.307179586	2123.1731731731734	2	1.0430614796855555	3.607044089701012e-10	2
6283185.307179586	836.1361361361362	3	1.1697058405146836	-1.3726630552795798e-09	0
6283185.307179586	453.5035035035035	1	-1.4661855747084824	1.8041014771977834e-09	1
6283185.307179586	1970.1201201201202	3	-0.1644327402061041	-6.228979031127962e-10	0
6283185.307179586	2951.051051051051	3	0.3230860060489451	-1.1125426805136112e-09	0
6283185.307179586	1163.113113113113	1	-1.3326013643317607	6.369704174382547e-10	1
6283185.307179586	1956.2062062062062	1	1.302083268391626	-1.676958818197706e-09	1
6283185.307179586	1490.0900900900901	2	0.5383585684949361	6.575251839102692e-10	0
6283185.307179586	2234.4844844844847	1	-0.7307171545190647	8.581242331311027e-10	0
6283185.307179586	3124.974974974975	1	0.8865893872321031	-3.2158364272062653e-10	2
6283185.307179586	627.4274274274275	3	-0.0033554661317016787	2.0296449077473099e-10	0
6283185.307179586	1796.1961961961963	3	-0.8536130032316794	1.604638542099466e-09	0
6283185.307179586	1538.788788788789	3	-1.3060748184418043	9.068655547156425e-10	2
6283185.307179586	1170.0700700700702	1	-1.3374129403724517	-6.734524566371626e-10	2
6283185.307179586	2241.4414414414414	1	0.3483474019310344	-1.0918708180734453e-09	0
6283185.307179586	696.996996996997	2	-0.37145495995912414	1.263366820766699e-10	1
6283185.307179586	2387.5375375375374	2	1.5403697773838254	-1.9214324977115544e-09	1
6283185.307179586	1691.8418418418419	3	-1.1167418613138054	-1.6280666784592115e-09	0
6283185.307179586	3124.974974974975	1	0.8140475906745741	5.506787189316959e-10	0
6283185.307179586	1524.8748748748749	1	0.9207349200041581	4.846540015544672e-10	2
6283185.307179586	3027.577577577578	1	1.3826690707091163	1.6328699303245467e-09	2
6283185.307179586	1385.7357357357357	2	0.34458614124864884	6.476265276257826e-10	0
6283185.307179586	1837.937937937938	1	1.466454567404699	2.6151781341442177e-10	2
6283185.307179586	1017.017017017017	1	0.9442757872918182	1.444213218678346e-09	0
6283185.307179586	1267.4674674674675	3	0.9558931144525324	-4.450979666280422e-10	2
6283185.307179586	3396.2962962962965	1	1.3754136586602579	-1.9322959134864904e-09	1
6283185.307179586	1858.8088088088089	2	0.21400446365487813	-1.5324328666244625e-09	0
6283185.307179586	1997.947947947948	3	0.19219088466101453	1.1437554911625132e-09	0
6283185.307179586	3138.888888888889	1	1.540596741488503	9.80720292069104e-11	2
6283185.307179586	2178.828828828829	3	0.7305918205215773	8.37368315807722e-10	0
6283185.307179586	3097.1471471471473	2	-0.6158189611694183	1.4494917036957527e-09	0
6283185.307179586	1622.2722722722724	1	0.604341776381724	-6.921498640807294e-12	1
6283185.307179586	1622.2722722722724	1	-0.372188053645337	-1.864967892944646e-09	0
6283185.307179586	2144.0440440440443	3	0.8979700795394203	-1.7295525266009128e-09	0
6283185.307179586	1490.0900900900901	3	-1.2544105774636716	1.6412335877950212e-09	1
6283185.307179586	1580.5305305305305	1	0.8335899309581873	-1.4662509364215853e-09	0
6283185.307179586	2241.4414414414414	3	1.3608242077339923	5.135436678912075e-10	1
6283185.307179586	613.5135135135135	3	-0.2721215369918557	1.7414567803833052e-09	0
6283185.307179586	870.9209209209209	1	-0.4781290326547072	-1.3376639206028341e-09	0
6283185.307179586	1309.2092092092093	2	0.7299896391854026	-1.268430386851898e-09	0
6283185.307179586	1970.1201201201202	3	0.018781888436335104	-1.5803070636054206e-09	0
6283185.307179586	1003.1031031031031	2	-1.4331569606953327	1.3204723447513368e-09	2
6283185.307179586	1295.2952952952953	3	-1.1397809672638204	-1.3789330917717301e-09	0
6283185.307179586	1323.1231231231232	3	-0.3935151568222366	1.5415314401216728e-09	0
6283185.307179586	571.7717717717718	2	-0.533878527502766	7.299615408021088e-10	2
6283185.307179586	2109.259259259259	3	0.1677863032524891	-1.0928946027842314e-09	0
6283185.307179586	1448.3483483483483	3	-0.2666357684070746	-1.976565495649115e-09	0
6283185.307179586	1420.5205205205204	1	0.9215394840061157	-1.282581029142084e-09	0
6283185.307179586	2123.1731731731734	1	-1.0785902002218473	-1.3597032358411908e-10	2
6283185.307179586	2415.3653653653655	3	0.7394189159743187	3.408909167040112e-10	2
6283185.307179586	1747.4974974974975	2	-1.3526620101313287	8.309639505824214e-10	2
6283185.307179586	1650.1001001001002	3	-0.2861335875199953	-5.026456451287201e-10	0
6283185.307179586	2095.3453453453453	2	-0.015467479625874248	-1.0092228974901333e-09	0
6283185.307179586	1900.5505505505505	3	-0.484038613602952	-1.3791313249897438e-09	0
6283185.307179586	1670.970970970971	1	-0.7931185516849597	-1.4506026525947574e-09	0
6283185.307179586	2018.818818818819	2	-0.4940464184750173	1.8410527851700376e-09	0
6283185.307179586	1260.5105105105106	3	-0.20499843970507015	-1.4213685776535772e-09	0
6283185.307179586	2164.914914914915	2	1.2087461033330267	-1.8746134072552804e-10	1
6283185.307179586	1350.950950950951	2	-0.6175336669541962	-7.232221197777254e-10	0
6283185.307179586	3618.918918918919	1	-1.5096597420355642	3.569426921053897e-10	2
6283185.307179586	1079.6296296296296	3	-0.7832852273215841	6.711295731970881e-10	2
6283185.307179586	1121.3713713713714	2	-1.5448665139599136	-8.083703480055919e-10	1
6283185.307179586	2582.3323323323325	3	0.7737781351521624	5.190769818065865e-10	1
6283185.307179586	996.1461461461462	1	0.8716113784145261	-1.7948199769216907e-09	0
6283185.307179586	1504.004004004004	1	-0.6573043994653889	-9.871878315695866e-10	0
6283185.307179586	1232.6826826826828	2	0.26200830455812474	1.176136704902256e-09	0
6283185.307179586	1837.937937937938	3	-0.8288480399710138	1.0565598245272988e-09	0
6283185.307179586	1691.8418418418419	2	1.4562994027439875	1.939538904054243e-09	1
6283185.307179586	1698.7987987987988	2	1.0815402580588422	-1.9243978961938056e-09	0
6283185.307179586	863.963963963964	2	0.34896382030591755	-7.827151478289221e-10	0
6283185.307179586	1037.887887887888	1	-0.8033470416986472	-1.9571348985823487e-09	0
6283185.307179586	2324.924924924925	1	0.8467916985301343	9.715410756493832e-10	0
6283185.307179586	3354.5545545545547	1	0.26779950780827866	-1.0761566049201343e-09	0
6283185.307179586	1935.3353353353355	2	-0.6505475355809358	-1.929860203074505e-09	0
6283185.307179586	1399.6496496496497	2	-0.42274225593501114	-1.3862849748247467e-09	0
6283185.307179586	1183.983983983984	1	-0.031127658895893973	-5.336982907577255e-11	2
6283185.307179586	1483.1331331331332	2	0.4433347027235044	1.7952884882529817e-09	0
6283185.307179586	1559.6596596596596	3	-0.9522662025837816	2.1998135803610423e-10	2
6283185.307179586	1608.3583583583584	3	-0.6525620040941593	8.709077973101687e-10	0
6283185.307179586	1204.854854854855	1	-1.3132455375850247	-1.6702375973901669e-09	2
6283185.307179586	884.8348348348349	1	-1.1644225207759937	-1.9231561084728704e-09	0
6283185.307179586	1587.4874874874874	1	-1.1473292822019774	-1.157419257484518e-09	1
6283185.307179586	2665.8158158158158	1	0.5268590739143098	3.963230606868785e-10	1
6283185.307179586	2004.904904904905	2	-1.45487243673879	-1.6392664081513409e-09	1
6283185.307179586	2255.3553553553556	1	0.6088921322668108	-3.1618751844737065e-10	1
6283185.307179586	2297.097097097097	3	-0.06088146094395519	7.944546247182115e-10	0
6283185.307179586	3187.5875875875877	2	-0.3250389001193028	-5.820494531095286e-10	0
6283185.307179586	1928.3783783783783	3	-0.8719360737359246	-1.8665705929456543e-09	0
6283185.307179586	1483.1331331331332	2	1.5292880558525694	-1.0379374478642487e-09	2
6283185.307179586	1274.4244244244244	3	-0.5580607874865915	1.6961585232056145e-09	0
6283185.307179586	1448.3483483483483	1	-1.0958311052861285	1.327701877367336e-09	0
6283185.307179586	1476.176176176176	2	1.4860141016846304	-3.207597032858064e-10	2
6283185.307179586	1664.014014014014	1	1.040798235437272	1.2983127414204003e-09	0
6283185.307179586	1128.3283283283283	3	0.9421414326954265	1.7337615611513688e-09	0
6283185.307179586	1824.0240240240241	1	-0.12059811924186548	9.451169226665148e-10	0
6283185.307179586	912.6626626626627	3	0.456189978687473	-1.5367819309098412e-09	0
6283185.307179586	446.54654654654655	3	-1.1614813305572236	1.5859770538360023e-09	2
6283185.307179586	1552.7027027027027	2	-0.7703721175954839	-6.147727297465075e-10	2
6283185.307179586	3124.974974974975	3	0.10449147852445373	-1.9249343372882982e-09	0
6283185.307179586	2958.008008008008	3	1.1088656445977163	1.1517384012939656e-09	0
6283185.307179586	1100.5005005005005	1	-1.422403353852207	-1.033477684732123e-09	2
6283185.307179586	1469.2192192192192	1	-1.0856216409270831	4.4449758808814374e-11	1
6283185.307179586	1900.5505505505505	3	-1.2640715435939083	6.438684321138853e-10	2
6283185.307179586	1260.5105105105106	3	0.8110330571489865	1.6189826626805044e-09	0
6283185.307179586	509.1591591591592	1	-1.5519044891901634	1.6989805959864854e-09	1
6283185.307179586	1733.5835835835837	1	0.1957078725786381	-6.646496107698488e-10	0
6283185.307179586	662.2122122122122	3	-1.4979148338013897	-3.3176611844414923e-10	2
6283185.307179586	2484.934934934935	3	-0.5591348313493771	1.1356641149537238e-09	0
6283185.307179586	1524.8748748748749	2	0.6597961433384398	-5.034114373899766e-10	2
6283185.307179586	1497.047047047047	2	-1.3717662914530366	3.820065717186086e-10	2
6283185.307179586	1142.2422422422424	1	-0.8513835753607408	-1.4834820053344102e-09	0
6283185.307179586	1232.6826826826828	1	0.07227486428194974	5.41744967870961e-10	0
6283185.307179586	2491.891891891892	1	0.42066163894994024	8.016942859338256e-11	2
6283185.307179586	1803.1531531531532	2	1.4131025668475385	1.8537666105453907e-09	2
6283185.307179586	1970.1201201201202	1	-0.7127174883577458	1.7662335297145795e-09	0
6283185.307179586	2331.881881881882	1	-1.348490224298177	-8.840742640862271e-10	1
6283185.307179586	1684.884884884885	1	-0.8146000624714237	1.1937776224288084e-09	0
6283185.307179586	2526.676676676677	3	-0.36175336133046576	7.588579986220401e-10	0
6283185.307179586	829.1791791791792	3	-1.1746566006360672	1.1916087409539993e-10	2
6283185.307179586	676.1261261261261	2	-0.9499881531012452	1.0185428935990024e-10	2
6283185.307179586	1462.2622622622623	2	-0.6923146722069667	3.4989576892320293e-10	2
6283185.307179586	2547.5475475475478	1	-1.3267748377608248	-1.1606385213071628e-09	2
6283185.307179586	2443.193193193193	3	-0.624725012490174	1.0947912058717871e-09	0
6283185.307179586	2422.322322322322	1	-1.423063874918173	-2.0222362150580243e-10	2
6283185.307179586	2763.2132132132133	1	-0.28528434012606474	1.0165589982050633e-09	0
6283185.307179586	3166.7167167167167	3	-1.073680217817879	9.225934724738037e-10	0
6283185.307179586	1065.7157157157158	1	-0.5135072054248768	1.0569070290671698e-09	0
6283185.307179586	1942.2922922922924	2	-0.5417454144097591	1.7897207845341815e-09	0
6283185.307179586	2443.193193193193	2	0.46801947325180215	-7.676013412583412e-10	0
6283185.307179586	1684.884884884885	3	0.20829106391815766	-1.5617610748495842e-09	0
6283185.307179586	1017.017017017017	2	0.4503622640807583	-4.1522195302538036e-10	1
6283185.307179586	1817.0670670670672	3	-0.3032488630702097	3.678169557297208e-10	2
6283185.307179586	1427.4774774774776	3	-1.2033142076944197	-1.0597428203560982e-09	1
6283185.307179586	1274.4244244244244	1	0.554678552376703	1.890851336890506e-09	0
6283185.307179586	1789.2392392392394	2	0.12827196242880667	-1.2041997364380723e-09	0
6283185.307179586	780.4804804804805	2	-1.1044751831298512	6.841162831448591e-10	1
6283185.307179586	1190.940940940941	1	-1.0165436859382004	-1.7307470791667134e-09	0
6283185.307179586	1441.3913913913914	2	-0.12003529103200927	6.24318414924185e-10	0
6283185.307179586	1427.4774774774776	2	1.1255507178925481	1.8077156127546381e-09	0
6283185.307179586	996.1461461461462	1	-1.0910750767761608	-2.413135725157338e-10	1
6283185.307179586	1803.1531531531532	3	-1.4666803490180977	-1.2800236542250181e-09	2
6283185.307179586	1093.5435435435436	2	-1.1233520161874397	1.9193851984793513e-09	0
6283185.307179586	1719.6696696696697	1	1.235127330384465	6.587594764756383e-11	2
6283185.307179586	1837.937937937938	3	1.257618597984267	-1.9306704197389506e-09	0
6283185.307179586	1740.5405405405406	1	-0.5135184541635931	-1.6461915027751477e-09	0
6283185.307179586	3598.0480480480483	2	-0.9710669842014803	1.016379142187014e-09	0
6283185.307179586	2672.772772772773	1	1.295810486623815	5.172699993440274e-10	2
6283185.307179586	891.7917917917919	1	-0.8657849349872616	1.9165749168618233e-09	0
6283185.307179586	1093.5435435435436	3	-0.44316152489571303	-1.387458395866183e-09	0
6283185.307179586	1615.3153153153153	3	0.07095430521952362	-1.5291388752246002e-09	0
6283185.307179586	1023.973973973974	3	-0.18346673823042803	1.9035123644050266e-09	0
6283185.307179586	1058.7587587587586	3	1.070713134355957	1.8036545655864463e-09	0
6283185.307179586	2199.6996996997	1	-1.200165260645162	-6.847810144888599e-10	2
6283185.307179586	1330.08008008008	3	1.0198188697693928	5.034866668216095e-10	1
6283185.307179586	996.1461461461462	3	0.2046290880467927	7.218274947719454e-10	2
6283185.307179586	1330.08008008008	1	0.23370117091625664	-8.337048012352288e-10	0
6283185.307179586	1121.3713713713714	1	1.067116975282885	6.665610169528137e-10	2
6283185.307179586	2665.8158158158158	2	-0.34367246708124544	-8.768117699175347e-10	0
6283185.307179586	1420.5205205205204	1	-0.5729507896074979	2.405053540569108e-10	2
6283185.307179586	2784.084084084084	3	1.2961445991267335	-1.3508256671124706e-09	1
6283185.307179586	3159.75975975976	2	-0.39999159569387377	-2.131280645874557e-10	2
6283185.307179586	2582.3323323323325	3	-0.18939381880080153	-8.652978794757403e-10	0
6283185.307179586	2018.818818818819	3	0.49113943652587233	4.704091372049167e-10	2
6283185.307179586	1371.821821821822	1	0.7911801062728321	-1.98210001159204e-09	0
6283185.307179586	1079.6296296296296	2	1.2343189838114221	-1.1419198390890868e-09	1
6283185.307179586	982.2322322322323	2	-0.2123650048699508	1.40949321180749e-09	0
6283185.307179586	2672.772772772773	2	-0.5993323797762373	-8.537734253918734e-11	2
6283185.307179586	1844.8948948948948	2	0.24239265733367232	-1.2969715013198746e-09	0
6283185.307179586	1615.3153153153153	2	-0.6756028266156117	3.342138465392027e-10	1
6283185.307179586	1587.4874874874874	2	0.05381157359055133	1.9005884463952005e-09	0
6283185.307179586	2644.944944944945	2	-0.4873713980923573	-1.6909758057558558e-09	0
6283185.307179586	1587.4874874874874	3	-0.3627907064324558	-1.664452957506394e-09	0
6283185.307179586	1100.5005005005005	2	1.3002121883045477	6.104305182541759e-10	2
6283185.307179586	3055.4054054054054	1	-0.9301985108273085	-3.5179374358149166e-10	1
6283185.307179586	2484.934934934935	3	0.3621948274576101	1.588952141042169e-09	0
6283185.307179586	2018.818818818819	1	1.325891516665691	3.214270711527086e-10	2
6283185.307179586	1970.1201201201202	2	1.3357716364673369	7.721513507896478e-10	1
6283185.307179586	1343.993993993994	3	-0.18115897739912667	-1.5432904423969798e-09	0
6283185.307179586	2345.795795795796	2	-1.096985622036333	-8.485521178680378e-10	1
6283185.307179586	2046.6466466466468	2	0.821241923358218	8.358995170491303e-10	0
6283185.307179586	1490.0900900900901	3	-1.0378242180135713	-7.81686160392483e-10	2
6283185.307179586	2415.3653653653655	2	0.8804127888465754	7.772032010019766e-10	0
6283185.307179586	1490.0900900900901	2	1.2960626499542238	7.73711183706589e-10	1
6283185.307179586	1107.4574574574574	3	-0.9399634003632086	1.5727151216584757e-09	0
6283185.307179586	2199.6996996997	2	-0.4358903902794713	-1.028919131594694e-09	0
6283185.307179586	1886.6366366366367	1	-0.288126394334957	5.551611766422318e-10	0
6283185.307179586	2610.16016016016	1	1.1406577908789028	1.7995052542693954e-09	0
6283185.307179586	2311.011011011011	3	0.967736078380351	-1.001049348844306e-09	0
6283185.307179586	2735.3853853853852	3	0.442017084317738	7.3141530296422e-10	0
6283185.307179586	1420.5205205205204	3	0.8275865304961005	1.5977844418751905e-09	0
6283185.307179586	2672.772772772773	3	-0.9126382676096259	-1.0688447692280297e-10	2
6283185.307179586	1211.8118118118118	1	-0.8036175744593873	1.3854643362719803e-09	0
6283185.307179586	2297.097097097097	3	0.5611903043731616	1.994784405501532e-09	0
6283185.307179586	759.6096096096096	2	-1.3611062837565453	5.409403230833564e-10	1
6283185.307179586	989.1891891891892	1	0.20050806386432973	-9.72954159707427e-10	0
6283185.307179586	1719.6696696696697	2	0.5171080016565992	-1.2024276248649301e-09	0
6283185.307179586	1851.851851851852	3	0.9754791726007737	-1.091348941846291e-09	0
6283185.307179586	404.8048048048048	2	1.152053171811485	1.6505799899087988e-09	1
6283185.307179586	843.0930930930931	1	0.8624889905277424	-4.5186933936179104e-10	2
6283185.307179586	2081.4314314314315	2	-1.1572574179685853	-1.2191681265416685e-09	0
6283185.307179586	752.6526526526527	1	0.7422400832330305	-8.999435634712999e-10	2
6283185.307179586	1796.1961961961963	1	0.13751976631469365	1.247661739055563e-09	0
6283185.307179586	1364.864864864865	2	0.3226987280803826	-1.4629694563824642e-09	0
6283185.307179586	1093.5435435435436	3	-0.2442896210217247	1.2421009984130015e-09	0
6283185.307179586	801.3513513513514	2	-0.9223034630343581	-9.993143925713896e-10	2
6283185.307179586	1190.940940940941	1	-1.5638776655560171	1.437400960562165e-09	1
6283185.307179586	1177.027027027027	2	0.6667043639030439	1.3560782088954333e-09	0
6283185.307179586	2220.5705705705705	1	-0.31782037573737476	1.2758496987395432e-10	2
6283185.307179586	1003.1031031031031	3	-0.600103279598758	-1.5109808576150838e-09	0
6283185.307179586	2373.6236236236236	1	0.04392076068470363	2.8377795432739806e-10	2
6283185.307179586	2248.3983983983985	3	1.0767410800679285	-6.616817039885068e-11	1
6283185.307179586	982.2322322322323	2	-0.6938497535955378	5.879953247449626e-10	1
6283185.307179586	1921.4214214214214	1	-0.696209613348702	1.2039434505547e-09	0
6283185.307179586	1323.1231231231232	1	1.2564059187751537	-1.7903350589510227e-09	1
6283185.307179586	1288.3383383383384	1	-0.35541590552228164	6.035433170754749e-10	0
6283185.307179586	1350.950950950951	1	-0.9160196526734723	-1.3376497357658476e-09	0
6283185.307179586	1392.6926926926926	2	1.1922830306854215	2.574588183645276e-10	1
6283185.307179586	1719.6696696696697	3	1.2211419588711094	-9.900663711027366e-10	2
6283185.307179586	1295.2952952952953	1	-1.128661047011149	-1.568599876431676e-10	1
6283185.307179586	1364.864864864865	2	0.74901810621202	1.5548216238911221e-09	0
6283185.307179586	2617.1171171171172	1	-1.0116346515340195	7.649817263588271e-10	0
6283185.307179586	1970.1201201201202	3	1.4701147622133641	-1.8288963929337514e-09	2
6283185.307179586	2255.3553553553556	1	0.9969743322340205	-1.2174782898408937e-09	0
6283185.307179586	1990.9909909909911	3	-0.5155046419051221	6.838494035012592e-11	2
6283185.307179586	1698.7987987987988	1	0.21889743135683282	-5.916941704605376e-10	0
6283185.307179586	1253.5535535535537	2	1.3313622559717806	-2.3584804711324427e-10	1
6283185.307179586	1670.970970970971	1	-0.7865261267516589	-8.426684049634107e-10	0
6283185.307179586	1448.3483483483483	2	1.3389774960611383	1.6752799264574087e-09	1
6283185.307179586	627.4274274274275	2	0.20073838833633695	9.836895286373032e-11	1
6283185.307179586	1754.4544544544544	2	-0.5996207134032641	1.5668728890032852e-09	0
6283185.307179586	2011.8618618618618	3	-0.04412959014290796	-7.132696702154364e-10	0
6283185.307179586	696.996996996997	1	1.0044511160468712	-9.108079602880031e-10	1
6283185.307179586	2269.2692692692694	1	1.4013265742579142	-3.5385813149989166e-10	2
6283185.307179586	2269.2692692692694	2	-1.1625760385967745	-1.8775648379368407e-09	0
6283185.307179586	2512.762762762763	2	0.7892099129993446	-1.185750449589025e-09	0
6283185.307179586	1455.3053053053054	2	1.4957769884112793	8.181222849848475e-10	1
6283185.307179586	724.8248248248249	1	-0.1831386563282731	-1.3738124136765443e-09	0
6283185.307179586	3166.7167167167167	1	1.517985023314441	-1.7135736903951791e-09	2
6283185.307179586	1970.1201201201202	3	1.271910824810012	1.8840715172242137e-09	0
6283185.307179586	3278.028028028028	2	-0.14878192041894844	-5.228807756680362e-10	0
6283185.307179586	2102.3023023023025	2	1.3520984925898465	1.344686980276984e-09	1
6283185.307179586	2213.613613613614	1	-1.3019263147369962	-3.881564962546068e-10	2
6283185.307179586	1232.6826826826828	2	1.1056279572578105	8.201921131066053e-10	2
6283185.307179586	1309.2092092092093	2	-1.545051287910746	1.0206525162734122e-09	2
6283185.307179586	1037.887887887888	1	-0.08794754954446726	7.410351594514983e-11	2
6283185.307179586	2144.0440440440443	1	-1.392023955761571	1.0916207062837634e-09	2
6283185.307179586	2464.064064064064	2	-1.0783255386247916	-3.0634368839458315e-10	2
6283185.307179586	2373.6236236236236	3	-0.46680110477547254	-1.8844590603211867e-09	0
6283185.307179586	1837.937937937938	3	1.328703812837254	-3.7795037574552076e-10	2
6283185.307179586	2637.987987987988	2	-0.3017979732460634	-1.5660639400907757e-09	0
6283185.307179586	1323.1231231231232	3	0.24578694745754492	-1.9805928391615477e-09	0
6283185.307179586	1545.7457457457458	2	1.1332745774588706	-1.5306176855226381e-09	0
6283185.307179586	2352.7527527527527	2	-0.7782283610490233	-9.796406950018165e-10	0
6283185.307179586	829.1791791791792	3	-0.7305500060099138	1.9534022962759156e-10	2
6283185.307179586	1552.7027027027027	1	0.7552114078820442	-1.0133724087891999e-09	0
6283185.307179586	578.7287287287287	2	0.30281789377572554	1.5953010537921652e-09	0
6283185.307179586	1504.004004004004	3	-1.43224369359233	-1.8475930408630413e-09	2
6283185.307179586	2853.6536536536537	1	0.299347524394602	-1.1675882456394202e-09	0
6283185.307179586	3959.80980980981	1	1.1446239978779036	1.138867781763039e-09	0
6283185.307179586	2644.944944944945	3	-0.1539866922481945	-1.6916298301588577e-09	0
6283185.307179586	2561.4614614614616	2	1.4650346035448694	1.7695190028785062e-09	2
6283185.307179586	1288.3383383383384	1	1.0540584754000029	-6.502495774147559e-12	2
6283185.307179586	1643.143143143143	2	-0.597442652879587	1.0770263744293455e-09	0
6283185.307179586	1928.3783783783783	2	-0.8825701954868939	8.108875413283851e-10	0
6283185.307179586	968.3183183183183	1	0.4987187102956421	-1.6527556852191302e-10	2
6283185.307179586	1177.027027027027	2	1.4274967499707225	-1.9923618798158725e-09	1
6283185.307179586	1030.930930930931	1	-0.8945288668162029	1.9991753910955218e-09	0
6283185.307179586	1149.1991991991993	1	-0.655006930909582	1.189938188582677e-09	0
6283185.307179586	1253.5535535535537	2	1.3258982227591218	-8.637231717091454e-10	2
6283185.307179586	989.1891891891892	3	0.9290311327785066	-8.486099459225778e-10	0
6283185.307179586	1990.9909909909911	2	-0.5550776206116772	-1.6676360902608043e-09	0
6283185.307179586	1580.5305305305305	2	-1.5348305304958378	1.4736664542539103e-09	2
6283185.307179586	2255.3553553553556	2	-1.167551770159518	1.1520839194152306e-09	0
6283185.307179586	1956.2062062062062	3	1.1955526730393893	1.4017687612438295e-09	0
6283185.307179586	1420.5205205205204	1	-1.5027325407376815	4.066997774476599e-10	2
6283185.307179586	1448.3483483483483	2	-1.3208268296300656	-1.1945900721151771e-09	2
6283185.307179586	1949.2492492492493	1	1.0155936225236277	5.545331392982933e-10	2
6283185.307179586	2937.1371371371374	3	0.404123527999833	6.157097928972516e-10	0
6283185.307179586	1865.7657657657658	1	-1.0264121713740293	-6.784108931173858e-10	2
6283185.307179586	2978.878878878879	1	-0.32903488198493047	1.810630024094109e-09	0
6283185.307179586	2554.5045045045044	3	-0.4127144929270121	-1.4417246451106042e-10	2
6283185.307179586	2568.4184184184187	2	-0.6284160348812468	1.3309691073765694e-09	0
6283185.307179586	1963.1631631631633	2	-0.9122978651550655	1.6075930835426267e-09	0
6283185.307179586	2241.4414414414414	2	0.0635958522106721	5.237295520887279e-10	0
6283185.307179586	2164.914914914915	2	0.9295874739316043	9.157229160934762e-10	0
6283185.307179586	1420.5205205205204	1	-1.4841002680014777	-1.957550166484788e-09	1
6283185.307179586	2547.5475475475478	1	1.1189443708380056	3.040951547249354e-10	2
6283185.307179586	1914.4644644644645	1	-0.9797744617295636	-2.1491051239204403e-10	2
6283185.307179586	1643.143143143143	3	0.9999562434879126	1.2570095409779967e-09	0
6283185.307179586	2053.603603603604	2	-0.5261110242714901	-1.4713301960164981e-09	0
6283185.307179586	1949.2492492492493	3	0.6513786630653389	-1.0059964276199806e-09	0
