axial trapping frequency (MHz) 	 velocity(m/s) 	 ion collided with 	 angle(rads) 	 collision offset(m) 	 reorder? (1 is reorder 2 is ejection) 
6283185.307179586	4606.806806806807	1	-1.4225717183689375	6.517990421713959e-10	2
6283185.307179586	1580.5305305305305	3	-0.5193503446199794	1.5991020927598525e-09	0
6283185.307179586	1768.3683683683685	4	-0.7343704040561735	3.929595855919176e-10	1
6283185.307179586	2248.3983983983985	2	0.6308624309779058	-1.0435284002146266e-09	0
6283185.307179586	975.2752752752752	4	-0.8234781314131088	5.765258838148012e-10	2
6283185.307179586	2763.2132132132133	1	1.3801285235935468	1.5248196057536615e-09	2
6283185.307179586	2721.4714714714714	3	-0.6060026160711485	-1.7006338404773935e-10	2
6283185.307179586	1789.2392392392394	3	-0.40046409400834615	-1.531028958282427e-10	2
6283185.307179586	989.1891891891892	3	1.496853894869941	7.245303563302973e-10	1
6283185.307179586	1789.2392392392394	4	0.06856969754256825	1.1626986563021486e-09	0
6283185.307179586	2756.256256256256	2	0.9712623878636499	1.1956015396172682e-09	0
6283185.307179586	1650.1001001001002	3	-1.3299471452242275	8.261878822221985e-10	1
6283185.307179586	857.007007007007	2	1.0961612254869757	-2.546337632899727e-10	1
6283185.307179586	1190.940940940941	3	0.8830162017817687	-1.6135898208668311e-09	0
6283185.307179586	2387.5375375375374	3	0.514492435464172	-1.5645689176049096e-09	0
6283185.307179586	1538.788788788789	2	1.0790302338693962	6.691527831568441e-10	2
6283185.307179586	2324.924924924925	2	-0.6613858481179303	-1.141429829935531e-09	0
6283185.307179586	836.1361361361362	2	-0.8767119068870702	1.4071385798673997e-09	0
6283185.307179586	84.78478478478479	2	0.7404816882811556	-1.8242741595346206e-09	0
6283185.307179586	2895.3953953953956	4	0.32691841819121414	1.0229571674364357e-09	0
6283185.307179586	1267.4674674674675	3	-0.03629640848246041	1.8358323763099532e-09	0
6283185.307179586	794.3943943943945	4	0.06996506354548404	1.5322586994527839e-09	0
6283185.307179586	1531.8318318318318	1	-0.7387169850358124	-1.1518206706416896e-09	0
6283185.307179586	2137.087087087087	2	-1.0894520816325601	8.701486992508924e-10	1
6283185.307179586	272.62262262262266	3	0.231756398586755	1.8232950421734662e-09	1
6283185.307179586	2491.891891891892	2	0.7852189129955978	1.5014749962173317e-09	0
6283185.307179586	2958.008008008008	4	1.0816726016124267	-7.7496215062228e-10	1
6283185.307179586	1552.7027027027027	1	-0.2365230775450251	1.4099467984946217e-09	0
6283185.307179586	1190.940940940941	4	-0.8337417483801416	-2.6718061275718254e-10	2
6283185.307179586	2999.7497497497498	4	1.1063085851511563	-1.1690388909094592e-10	2
6283185.307179586	2561.4614614614616	2	-0.633695393699779	-1.0214437206402036e-09	0
6283185.307179586	1844.8948948948948	3	-1.288940767413781	9.697219699587706e-10	2
6283185.307179586	2074.474474474475	1	-0.9727674198000659	7.329114695599646e-10	1
6283185.307179586	2484.934934934935	2	0.8199202737158107	-1.5659601710821392e-09	0
6283185.307179586	2429.2792792792793	4	0.5966024833617025	7.320106375281571e-10	0
6283185.307179586	1796.1961961961963	2	0.7414326603225323	3.4759525153873673e-10	2
6283185.307179586	2728.4284284284286	3	-0.45827735434120087	-1.2241665957864388e-09	0
6283185.307179586	2130.13013013013	1	1.4302594017871684	-6.829455352462426e-10	2
6283185.307179586	1664.014014014014	2	-0.004360677285590198	-1.3603713400518813e-09	0
6283185.307179586	2540.5905905905906	2	1.4043918750946296	-1.1634090337767502e-09	2
6283185.307179586	2130.13013013013	3	-0.07147001910966577	-2.601378491724656e-10	2
6283185.307179586	1239.6396396396397	3	-0.19970324903453118	-9.973053234344636e-10	0
6283185.307179586	1921.4214214214214	4	0.6482771412159027	1.241528953997761e-09	0
6283185.307179586	2311.011011011011	2	0.31190196697713146	3.889478058252591e-10	1
6283185.307179586	1552.7027027027027	1	0.6850168029266985	1.9467438087512282e-09	0
6283185.307179586	1253.5535535535537	1	-0.5303114262129398	-6.182328522088838e-10	2
6283185.307179586	2220.5705705705705	2	0.834415605545598	1.6707708679900512e-09	0
6283185.307179586	1622.2722722722724	3	-0.10480375344448212	4.750197654488749e-11	1
6283185.307179586	2074.474474474475	2	-0.8534911997398134	8.833957239098197e-10	0
6283185.307179586	1037.887887887888	3	-1.2486048097453364	3.938376011304701e-10	2
6283185.307179586	2046.6466466466468	4	-0.5351405054000671	3.70206931879463e-10	1
6283185.307179586	1851.851851851852	2	0.12322539794854181	1.659116590815489e-09	0
6283185.307179586	863.963963963964	2	0.5339214278984645	1.998228287286179e-09	0
6283185.307179586	2644.944944944945	3	1.4235575127155893	-4.5565889009992163e-11	1
6283185.307179586	780.4804804804805	4	-1.1035906090280476	8.912109672613281e-10	2
6283185.307179586	2359.70970970971	2	-0.6915619238158995	-1.3973880334171925e-09	0
6283185.307179586	1837.937937937938	4	-0.9568367240849158	1.8614684746708472e-09	0
6283185.307179586	1817.0670670670672	4	0.14955118774478926	-7.530999898694212e-10	0
6283185.307179586	1469.2192192192192	1	-0.3675949460354557	1.4793990432138506e-09	0
6283185.307179586	1378.7787787787788	3	-0.7153404926872218	-1.6064580355714742e-09	0
6283185.307179586	1406.6066066066066	2	1.2977851234272522	-8.183778821775553e-10	1
6283185.307179586	1093.5435435435436	3	0.06918661864370823	-4.733739398593513e-10	1
6283185.307179586	1510.960960960961	1	0.31872060766593147	-1.9747376152094876e-09	0
6283185.307179586	1928.3783783783783	4	-1.5645963418658613	-1.512066024965417e-09	2
6283185.307179586	1190.940940940941	2	-0.02515833721104932	-1.8131698583044262e-09	0
6283185.307179586	2471.021021021021	2	1.3206833497262558	-8.795859586543488e-10	2
6283185.307179586	1636.1861861861862	1	-0.6648607142267955	-1.6385075448048872e-09	0
6283185.307179586	2575.3753753753754	3	-0.7189587985496763	-9.765198236834442e-10	0
6283185.307179586	3521.5215215215217	3	0.9689214056203603	1.1420587224964515e-09	0
6283185.307179586	1197.897897897898	4	1.4423632826190929	1.4348862795873483e-09	2
6283185.307179586	2123.1731731731734	4	0.5602606023151999	-9.049835233372222e-10	0
6283185.307179586	1079.6296296296296	4	-0.7269670839171715	-9.551214440731055e-10	0
6283185.307179586	2116.2162162162163	4	1.0855798229612081	7.134186443437371e-10	2
6283185.307179586	3591.091091091091	1	0.2635109729763312	3.3246956754765737e-10	1
6283185.307179586	1594.4444444444446	1	1.1170228225958723	1.3210591966062894e-09	0
6283185.307179586	1420.5205205205204	2	1.0522834900972895	1.8608095877580506e-09	0
6283185.307179586	884.8348348348349	4	-1.5243032427391603	-9.160346261422823e-10	1
6283185.307179586	2192.742742742743	3	-0.1802042959129384	-7.250044269406884e-10	0
6283185.307179586	1545.7457457457458	1	-0.5304347631906934	-6.965387655198478e-10	0
6283185.307179586	1810.11011011011	3	-1.3422043224245495	1.7031492293502152e-09	1
6283185.307179586	1504.004004004004	4	-0.21930732114939588	-6.663491262363809e-10	0
6283185.307179586	2596.2462462462463	4	-0.11000756523830701	1.7471991715843906e-09	0
6283185.307179586	1476.176176176176	1	-1.326474539385869	3.1239666714215316e-10	1
6283185.307179586	2255.3553553553556	4	-0.16370278638727065	-1.880040557441618e-09	0
6283185.307179586	2401.4514514514517	4	1.1224455340334374	-7.942035197199445e-10	1
6283185.307179586	2408.4084084084084	2	1.2507594370601374	4.901544772095626e-10	2
6283185.307179586	1170.0700700700702	3	-0.2774567344873622	-1.217667667871099e-09	0
6283185.307179586	2220.5705705705705	1	-0.22780659601955344	-1.1459255663342698e-09	0
6283185.307179586	2011.8618618618618	4	-0.6079960855075228	-4.815716322081182e-10	0
6283185.307179586	1504.004004004004	3	0.2103616023659578	-1.4665345736730783e-09	0
6283185.307179586	1664.014014014014	2	-0.8120761233767428	-6.314266623325957e-10	2
6283185.307179586	488.2882882882883	2	1.4070513728401655	-8.874209770247404e-10	2
6283185.307179586	2151.001001001001	3	1.4383838702006968	-1.7796400511219802e-09	2
6283185.307179586	1211.8118118118118	4	-0.6763713356394524	-1.7953567944755458e-09	0
6283185.307179586	1309.2092092092093	3	0.9451399011255983	-1.7089630365716984e-09	0
6283185.307179586	1747.4974974974975	1	-0.13704489799928932	1.546522594503907e-09	0
6283185.307179586	1524.8748748748749	2	-0.6928273839166984	-1.3308771672270576e-09	0
6283185.307179586	2171.871871871872	3	-0.6670562211876101	-8.981079701583804e-10	0
6283185.307179586	2450.1501501501502	3	1.086169000708932	1.6807768539577378e-09	0
6283185.307179586	1260.5105105105106	2	0.18858691476437772	8.024794506935038e-10	0
6283185.307179586	1545.7457457457458	2	0.2909610382406309	1.4820892952208726e-09	0
6283185.307179586	1733.5835835835837	2	1.4957710376598037	-3.3338466139331586e-11	2
6283185.307179586	2067.5175175175173	4	0.4691849353147939	1.6675453394274148e-09	0
6283185.307179586	2192.742742742743	3	0.04891920698711627	-1.6775148411586265e-09	0
6283185.307179586	1650.1001001001002	1	0.7208876985388888	1.4438386586975968e-09	0
6283185.307179586	2213.613613613614	3	0.3319441428718244	-3.462037053217091e-10	2
6283185.307179586	1928.3783783783783	4	0.8018050558677401	-1.0213121354570737e-10	2
6283185.307179586	1914.4644644644645	1	0.6998442896095818	-3.2855196263568685e-10	2
6283185.307179586	1636.1861861861862	1	-0.33016619249701473	8.073668382232908e-10	0
6283185.307179586	1239.6396396396397	2	-1.3739908310151767	-1.3954557360740946e-09	1
6283185.307179586	1594.4444444444446	3	0.6259403326689954	-1.5632696233444975e-09	0
6283185.307179586	1058.7587587587586	1	-0.2740151300889524	-1.851465414627986e-09	0
6283185.307179586	2116.2162162162163	1	0.819909952845967	-6.279545704341461e-10	1
6283185.307179586	2067.5175175175173	3	0.7744858971502713	-1.5278364593970208e-09	0
6283185.307179586	1956.2062062062062	1	-1.2635000062335064	-1.027936156388323e-10	2
6283185.307179586	2547.5475475475478	3	0.21790616976054134	1.3349862560955264e-09	0
6283185.307179586	2018.818818818819	1	-0.6948035625789567	3.3955452761941126e-10	1
6283185.307179586	989.1891891891892	4	0.34266803093777476	-3.6533111036605224e-10	1
6283185.307179586	1851.851851851852	1	0.8401436405095772	-8.655659220968825e-10	0
6283185.307179586	1601.4014014014015	4	0.4896999482526039	-1.3505985153446663e-09	0
6283185.307179586	258.70870870870874	4	0.9151128396749328	1.0615876451218722e-09	0
6283185.307179586	2206.6566566566567	4	0.8617084295992425	1.6080495327999346e-09	0
6283185.307179586	3653.703703703704	2	0.7319348965255505	-2.9348212994279434e-10	1
6283185.307179586	1844.8948948948948	4	0.2578019930364619	4.164093766397156e-10	2
6283185.307179586	1441.3913913913914	4	1.2734763270045995	9.84261075895691e-11	2
6283185.307179586	2471.021021021021	3	-0.7317147917001384	1.5083318468486562e-09	0
6283185.307179586	1239.6396396396397	2	1.3855964407295378	-1.6399686289080963e-09	2
6283185.307179586	2749.2992992992995	1	0.7507482453663323	-1.5002605655863142e-09	0
6283185.307179586	3152.802802802803	2	-1.192180824142507	2.7809716824981e-10	2
6283185.307179586	2401.4514514514517	3	1.060905351973957	-1.7551552527254916e-09	0
6283185.307179586	3020.6206206206207	3	0.515265128317226	1.2911498539192975e-09	0
6283185.307179586	731.7817817817818	1	0.5280361278271037	-1.0831409493962348e-09	2
6283185.307179586	1510.960960960961	1	1.5308462809400298	-1.4768488466880517e-09	2
6283185.307179586	1844.8948948948948	2	0.19507855824849885	-1.3558980733543838e-09	0
6283185.307179586	2791.041041041041	4	0.7165555003918929	9.961414158841875e-10	0
6283185.307179586	1350.950950950951	3	-1.2374477285336707	-7.278193555716217e-10	1
6283185.307179586	1747.4974974974975	4	0.029780599160806887	-1.6074206573786976e-09	0
6283185.307179586	2109.259259259259	4	0.2764958584959749	-1.727817796622273e-09	0
6283185.307179586	2450.1501501501502	4	-0.7747872501034472	4.6040902156912134e-10	1
6283185.307179586	3354.5545545545547	3	-1.4381866057709327	-1.361830841813129e-09	2
6283185.307179586	1288.3383383383384	2	-0.19575745857531168	1.7492592872138168e-09	0
6283185.307179586	3598.0480480480483	4	1.0880774226775554	5.2058260976060744e-11	1
6283185.307179586	1949.2492492492493	2	1.5086941528687894	1.0596177329643305e-09	1
6283185.307179586	370.02002002002	1	1.2608167500928418	-1.9300481941105884e-09	2
6283185.307179586	3124.974974974975	4	0.3883821045111515	-7.276425615140476e-10	0
6283185.307179586	2290.1401401401404	3	-0.9726949733749187	-1.3925802913822019e-10	1
6283185.307179586	1197.897897897898	1	-1.1276589734342966	-1.8706411747233784e-09	0
6283185.307179586	314.36436436436435	2	-0.8001273751312109	-7.298412395635073e-10	2
6283185.307179586	1030.930930930931	4	1.2591982278455451	-1.301654347740919e-09	2
6283185.307179586	1288.3383383383384	4	0.8572066038895763	-1.1496527112358464e-09	0
6283185.307179586	1316.1661661661662	1	-0.04213927859252631	5.681973801537783e-10	0
6283185.307179586	2018.818818818819	4	-0.15698701238107726	6.107820883394319e-10	0
6283185.307179586	1023.973973973974	4	1.0241165893981496	2.588093301435427e-10	2
6283185.307179586	2234.4844844844847	3	0.9929641131489007	1.6723544770031619e-09	0
6283185.307179586	1121.3713713713714	3	-0.11278463564487873	-5.754068261582255e-10	0
6283185.307179586	460.46046046046047	3	-0.8032590423652766	3.278903597651338e-11	2
6283185.307179586	2575.3753753753754	4	0.3848553489920157	-1.521497748831929e-09	0
6283185.307179586	2853.6536536536537	4	0.9224948939753919	-4.388467791370086e-10	2
6283185.307179586	2568.4184184184187	4	1.1641636596413538	-1.2421333069885021e-09	0
6283185.307179586	2311.011011011011	4	-0.48834693829454046	-1.6450153594731416e-09	0
6283185.307179586	1239.6396396396397	3	-1.4182463867871247	-3.527439944745487e-10	2
6283185.307179586	2888.4384384384384	2	1.1684915637053561	-8.638042168321667e-12	2
6283185.307179586	1225.7257257257259	3	0.47778386562084574	5.629288585990428e-10	2
6283185.307179586	1789.2392392392394	3	-0.023323724682744462	-9.422638314881007e-10	0
6283185.307179586	1684.884884884885	3	0.03226743458493364	1.1871382896296106e-09	0
6283185.307179586	1135.2852852852852	4	0.488200142622663	-1.0659251082295905e-10	2
6283185.307179586	1942.2922922922924	2	-0.6765652857153822	-6.072441136017778e-10	1
6283185.307179586	3570.22022022022	4	-0.1441390033715919	-9.97837249330754e-10	0
6283185.307179586	1754.4544544544544	3	-1.080690891629473	2.588136614126599e-10	2
6283185.307179586	1288.3383383383384	4	-0.5472801935305984	-9.06807810529843e-10	0
6283185.307179586	1719.6696696696697	2	0.7764520999083597	1.390667604837991e-09	0
6283185.307179586	676.1261261261261	3	-0.9203014907434004	8.975245914944904e-10	1
6283185.307179586	745.6956956956957	3	-0.6305036357112347	-1.365306955453372e-09	0
6283185.307179586	759.6096096096096	3	-0.8827299757801084	1.2275856538903807e-09	0
6283185.307179586	1462.2622622622623	4	-1.5178823052193444	-1.7426064342585465e-09	2
6283185.307179586	1865.7657657657658	1	1.1345118538948085	-1.4754245335083308e-09	0
6283185.307179586	495.24524524524526	3	-0.8527055053063882	-6.74939253323208e-11	1
6283185.307179586	2491.891891891892	1	-1.2184877528916773	-9.825763563998497e-10	1
6283185.307179586	1483.1331331331332	2	-0.2733828749292675	6.02118850546486e-10	0
6283185.307179586	2206.6566566566567	4	-1.397649185210873	1.0392769437346627e-09	2
6283185.307179586	877.877877877878	1	-1.3557775839379924	6.96860543305175e-10	1
6283185.307179586	1427.4774774774776	2	1.3533302280972204	-1.6736067197160184e-09	2
6283185.307179586	488.2882882882883	4	0.4120257749099825	-4.1596615048030467e-10	0
6283185.307179586	1497.047047047047	4	-0.6084199778824607	1.6497037213374425e-09	0
6283185.307179586	1977.077077077077	3	1.502132123928392	7.803940055383626e-10	2
6283185.307179586	2867.5675675675675	1	0.3132901733878317	1.040995385230982e-09	0
6283185.307179586	1650.1001001001002	2	1.2596899073463845	2.120771306727371e-10	2
6283185.307179586	1754.4544544544544	1	0.2651835340122328	-6.317411243312488e-10	0
6283185.307179586	1712.7127127127128	2	1.1719570375913615	-1.0764735444848572e-09	2
6283185.307179586	2658.858858858859	1	-0.2999168040493714	3.034426618655489e-10	2
6283185.307179586	2387.5375375375374	4	0.1492854841975899	-1.0882468327231387e-09	0
6283185.307179586	1552.7027027027027	2	-1.2808960980682276	1.1870911671985778e-09	1
6283185.307179586	2137.087087087087	3	-0.8984801548377923	1.2726330867193995e-09	0
6283185.307179586	933.5335335335336	1	-0.08500423945181801	-1.886550342463998e-09	0
6283185.307179586	1065.7157157157158	3	3.640353455569567e-06	3.736242963299654e-10	0
6283185.307179586	1371.821821821822	3	-1.2983886930031283	-1.984596883354239e-09	0
6283185.307179586	1183.983983983984	2	-0.4219080002949427	-4.775099285571446e-10	1
6283185.307179586	1483.1331331331332	4	-1.3461532642309757	4.454154761128893e-11	2
6283185.307179586	1670.970970970971	4	1.2524652836029024	1.5716679654185477e-09	1
6283185.307179586	1719.6696696696697	3	0.6359390620550571	1.9290309255310158e-10	1
6283185.307179586	857.007007007007	2	1.2884679857145946	1.4552347343631853e-09	2
6283185.307179586	2464.064064064064	1	-0.23725092667602765	1.4571817718144653e-10	2
6283185.307179586	3472.822822822823	1	0.1440973532077423	1.6587558221116413e-09	0
6283185.307179586	1427.4774774774776	1	-0.6896939750579482	-3.610764132697309e-11	1
6283185.307179586	244.7947947947948	1	1.1893257623031874	-3.110195610385835e-10	0
6283185.307179586	1455.3053053053054	3	-1.340174384386665	-2.7777658321700437e-10	2
6283185.307179586	1984.034034034034	3	-0.805848914972915	-5.308212418844609e-10	2
6283185.307179586	1239.6396396396397	4	0.9236614606449858	-1.149618458234904e-09	0
6283185.307179586	2060.5605605605606	1	-1.3929052440796728	1.5318535408308333e-09	2
6283185.307179586	1997.947947947948	1	-1.0248963749210782	1.2874422914471115e-09	0
6283185.307179586	3326.7267267267266	2	0.061475022530683265	8.939304741370858e-10	0
6283185.307179586	1497.047047047047	4	-1.4597012370949558	-1.3629847357767808e-09	2
6283185.307179586	2624.0740740740744	1	-0.5835911920520181	-3.744384096445286e-11	2
6283185.307179586	3013.6636636636636	4	-0.14734584885999658	-1.2838315147475657e-09	0
6283185.307179586	2164.914914914915	2	-0.5206049459951392	1.3250629659233224e-09	0
6283185.307179586	773.5235235235235	4	-0.12651474688454822	-1.3288045524821908e-09	0
6283185.307179586	2693.643643643644	4	0.9897125474415311	5.861842411107228e-10	2
6283185.307179586	3305.855855855856	2	-0.5327247921749696	-1.078686590433092e-09	0
6283185.307179586	2137.087087087087	4	1.5534644730985474	-9.07873527703949e-10	1
6283185.307179586	1949.2492492492493	4	0.863324419716816	1.2839737043312765e-09	0
6283185.307179586	2018.818818818819	3	0.6297674015988806	1.5332852747222563e-09	0
6283185.307179586	2317.967967967968	4	0.31783653822419944	-5.857285217900491e-10	0
6283185.307179586	1573.5735735735736	4	-0.07413119169747429	1.5757129041879859e-09	0
6283185.307179586	1023.973973973974	1	0.40406059122471594	-2.6663651961707393e-10	2
6283185.307179586	3681.5315315315315	1	-1.251539417924747	8.635651398690569e-10	2
6283185.307179586	2352.7527527527527	2	-0.9298459234386545	1.7739609266261869e-10	1
6283185.307179586	2561.4614614614616	2	-0.6519839666747175	-1.868513284636446e-09	0
6283185.307179586	2241.4414414414414	1	-0.6774640482610906	1.0410724209696249e-09	0
6283185.307179586	836.1361361361362	3	0.07520830355135888	-8.816380295042535e-10	0
6283185.307179586	1037.887887887888	4	1.064519294475728	-2.7945831558712124e-10	1
6283185.307179586	1448.3483483483483	3	0.6310039467461275	9.718666120731664e-10	0
6283185.307179586	1302.2522522522522	4	1.196228873140618	1.3419593318926243e-09	2
6283185.307179586	2373.6236236236236	3	0.5448772783887517	-5.96592854141787e-10	0
6283185.307179586	536.986986986987	3	-0.6962557333365449	4.6326718135736745e-10	1
6283185.307179586	2213.613613613614	1	0.3237591763202976	-1.6640432122683065e-09	0
6283185.307179586	926.5765765765766	2	-0.7525574379770458	1.436952604403736e-09	0
6283185.307179586	2067.5175175175173	4	0.613474359921391	-1.5882594969880918e-10	1
6283185.307179586	884.8348348348349	2	-0.2851127507988309	1.0050066709613388e-09	0
6283185.307179586	1163.113113113113	4	1.4920534321923893	4.818500819012969e-10	2
6283185.307179586	1211.8118118118118	4	-0.2150897582389173	-6.772256001548943e-10	0
6283185.307179586	2930.1801801801803	3	-0.41372952424900156	7.034498417488933e-10	0
6283185.307179586	2220.5705705705705	3	-0.9700262877120718	9.284305268812701e-10	0
6283185.307179586	996.1461461461462	3	1.2358003501581099	-1.893681613409246e-09	0
6283185.307179586	696.996996996997	1	0.3526191879736982	5.356225688049469e-10	0
6283185.307179586	2137.087087087087	2	1.284782421974331	1.6586852734591783e-09	0
6283185.307179586	2324.924924924925	1	1.5266923491558178	-7.75291248797077e-10	2
6283185.307179586	1559.6596596596596	1	1.5073928658594835	-1.5003560327592674e-09	2
6283185.307179586	1810.11011011011	4	0.11537293420665429	-4.391557327887145e-10	0
6283185.307179586	1030.930930930931	4	-0.26302536461867	-1.3429841113988356e-09	0
6283185.307179586	1274.4244244244244	3	1.283828661892617	-7.40396491023219e-10	1
6283185.307179586	2171.871871871872	1	1.1007519471064353	1.2487859633478067e-09	0
6283185.307179586	870.9209209209209	3	0.6357943941395656	1.2400515757373862e-09	0
6283185.307179586	1441.3913913913914	4	-1.5536839717196818	-1.7417420807642584e-09	2
6283185.307179586	1796.1961961961963	2	0.8754853341702198	1.5906315255557367e-09	0
6283185.307179586	1650.1001001001002	2	-0.601691079632386	1.6343530637055146e-09	0
6283185.307179586	2317.967967967968	1	-0.730118053050202	-4.2606750793824326e-10	2
6283185.307179586	947.4474474474474	3	0.44201514426986765	6.698142710327887e-10	2
6283185.307179586	3312.812812812813	2	1.2557823256600575	1.2918609754732094e-09	0
6283185.307179586	3180.6306306306305	1	0.11039884960406599	-1.0875070999907211e-09	0
6283185.307179586	947.4474474474474	3	0.13784681971417978	1.3884877912785812e-10	1
6283185.307179586	2728.4284284284286	4	-0.09170677951696016	-1.6873537410015357e-09	0
6283185.307179586	1204.854854854855	1	-0.507353526164307	1.065284076119332e-09	0
6283185.307179586	996.1461461461462	4	-0.4418067953991307	1.2906073775478337e-09	0
6283185.307179586	1824.0240240240241	1	-1.055565397710509	-2.0933985983674042e-10	2
6283185.307179586	2116.2162162162163	4	1.2685209188601254	3.2746724832223066e-11	1
6283185.307179586	1274.4244244244244	1	-1.3348769553848518	1.3003829830895966e-09	2
6283185.307179586	1288.3383383383384	2	-0.8671751546359164	-5.57421150284282e-11	1
6283185.307179586	1726.6266266266266	3	0.34251189877094945	1.2227738738585217e-09	0
6283185.307179586	857.007007007007	3	1.2353143686472783	-1.0593659893925245e-09	2
6283185.307179586	3222.3723723723724	4	-0.7083853972424631	-6.791217975849157e-10	0
6283185.307179586	1775.3253253253254	3	-1.3683396691041656	-1.1317143659031507e-09	2
6283185.307179586	1900.5505505505505	3	0.9502317644548754	-5.289282476356138e-10	1
6283185.307179586	773.5235235235235	4	0.41983252230164925	-6.453321406225592e-10	0
6283185.307179586	2554.5045045045044	2	-0.7874554769439014	1.7277852062275389e-09	0
6283185.307179586	3605.005005005005	1	0.7160421976302973	3.081324812039309e-10	2
6283185.307179586	1114.4144144144145	4	-1.15739960058013	7.053058882498314e-10	2
6283185.307179586	1225.7257257257259	2	-0.6187519957519808	-9.990710123231075e-11	2
6283185.307179586	1364.864864864865	1	-0.7513527076356273	-3.7970866909894636e-10	1
6283185.307179586	2178.828828828829	1	-0.5894760046056396	6.527338497305605e-10	0
6283185.307179586	1455.3053053053054	3	-0.724255279608085	8.373592475050292e-10	0
6283185.307179586	2011.8618618618618	3	1.4820120788760063	5.897472971278779e-10	1
6283185.307179586	3104.1041041041044	3	-0.1521098319705001	-1.4914460474236164e-09	0
6283185.307179586	1552.7027027027027	4	-1.4305685068448122	5.334787957120154e-10	2
6283185.307179586	2498.848848848849	4	-0.7276986326477181	-1.9013803073027107e-09	0
6283185.307179586	1469.2192192192192	1	1.223926730635141	2.0998760148830976e-10	2
6283185.307179586	2366.6666666666665	4	1.147596620746468	1.5132630255116306e-09	0
6283185.307179586	1803.1531531531532	4	1.1698703070353278	-9.67427515910818e-10	2
6283185.307179586	1580.5305305305305	4	0.3851827230852205	1.211288984512185e-09	0
6283185.307179586	1545.7457457457458	2	0.5927506547365566	-1.0307247517215066e-09	0
6283185.307179586	1747.4974974974975	1	-0.19004194117074213	-1.7453303470054868e-09	0
6283185.307179586	1664.014014014014	1	1.35522245333317	-1.1131864231138182e-09	2
6283185.307179586	1984.034034034034	1	-1.1113423071206998	1.334613575272842e-09	0
6283185.307179586	2290.1401401401404	4	-1.1715887144082575	-1.011166319850232e-10	2
6283185.307179586	2631.031031031031	4	-0.08580813517808816	-1.9734999169225555e-09	0
6283185.307179586	1065.7157157157158	4	0.21624229456129695	9.03689980698895e-10	0
6283185.307179586	2985.835835835836	1	1.2180962691073502	2.0641194654691025e-10	2
6283185.307179586	2151.001001001001	4	-0.3260575597025124	-3.224962599921852e-11	2
6283185.307179586	1483.1331331331332	4	-0.39853084111153536	-5.92756613883287e-10	0
6283185.307179586	1281.3813813813815	4	-0.7269064399317526	1.6722590833175297e-09	0
6283185.307179586	2721.4714714714714	4	-1.0043589824151242	1.4134147105501112e-09	0
6283185.307179586	1796.1961961961963	2	-0.5963763895046839	1.8887333623192234e-09	0
6283185.307179586	877.877877877878	1	-0.08828062511349244	-5.788624511855427e-10	2
6283185.307179586	1177.027027027027	3	-0.9031763530232452	-2.3861471893701625e-10	2
6283185.307179586	2846.6966966966966	2	-1.202650400813495	2.876262176657934e-10	1
6283185.307179586	2137.087087087087	3	-0.68729454487947	5.048078222365436e-10	2
6283185.307179586	1580.5305305305305	1	-0.25168651039249035	-9.051980424749816e-11	2
6283185.307179586	620.4704704704704	3	1.2734707932356053	3.2504084023046696e-11	1
6283185.307179586	1879.6796796796798	4	-0.20112048099286195	1.5487531158210168e-09	0
6283185.307179586	1239.6396396396397	3	-0.4810688509923666	1.7881116456417781e-10	1
6283185.307179586	1615.3153153153153	2	0.00490128222222963	1.212483597321326e-09	0
6283185.307179586	1490.0900900900901	3	-1.5598135970956217	7.872194038734535e-10	1
6283185.307179586	843.0930930930931	2	-0.2435076190431007	1.3099128237273695e-09	0
6283185.307179586	2004.904904904905	4	-0.8362315723174032	-2.447695866813491e-10	2
6283185.307179586	1142.2422422422424	4	1.4483712773376203	1.3098218555774457e-09	2
6283185.307179586	808.3083083083084	3	-0.817243278604877	-9.295468335502775e-10	0
6283185.307179586	1023.973973973974	4	0.40830010303327513	8.213802174253619e-10	2
6283185.307179586	2074.474474474475	2	0.2389866282478439	-1.734257143508785e-09	0
6283185.307179586	2317.967967967968	3	-1.5591750728993792	-1.93583256400847e-09	2
6283185.307179586	1740.5405405405406	4	-0.45191248561494946	-1.9183143860715667e-09	0
6283185.307179586	1058.7587587587586	3	0.5150140816428865	1.2579159516915778e-09	0
6283185.307179586	2930.1801801801803	1	0.39117604695998365	8.767888832850885e-10	0
6283185.307179586	1504.004004004004	1	-1.3399699194708958	-5.52737811690009e-10	2
6283185.307179586	884.8348348348349	3	-0.847868663262597	-4.1894850002324277e-10	1
6283185.307179586	2443.193193193193	4	-0.8733440463097757	1.4255515554417772e-09	0
6283185.307179586	1747.4974974974975	1	0.9830034202980191	4.337143470880586e-10	2
6283185.307179586	1017.017017017017	1	-1.288514692574959	-1.0583457035045881e-09	1
6283185.307179586	1754.4544544544544	3	-0.20504683233253918	1.848981044812172e-09	0
6283185.307179586	2422.322322322322	1	0.545616428607504	2.555595062675493e-10	2
6283185.307179586	1316.1661661661662	4	-0.4412564175346332	-1.8070409088874633e-09	0
6283185.307179586	1093.5435435435436	2	-0.30613836698655916	1.7631940299289894e-09	0
6283185.307179586	1886.6366366366367	2	0.619597717928098	-1.3846246920390814e-09	0
6283185.307179586	1023.973973973974	1	0.48367023431548173	1.2479536715729845e-09	0
6283185.307179586	1065.7157157157158	4	-0.006987581310201163	1.3358996349568555e-09	0
6283185.307179586	2227.5275275275276	4	-0.4748469880703343	-1.3599817558420706e-09	0
6283185.307179586	1378.7787787787788	3	-0.2978710598836378	1.697301593722186e-09	0
6283185.307179586	1552.7027027027027	2	1.368869582510416	-1.2818273866482497e-09	2
6283185.307179586	1051.801801801802	1	0.9561207312328999	-1.7918213625747295e-09	0
6283185.307179586	2144.0440440440443	1	1.445316618628509	1.745381985757375e-09	2
6283185.307179586	1580.5305305305305	1	1.4488753167331212	1.753591110931221e-09	2
6283185.307179586	1573.5735735735736	3	1.186945384468829	9.078267499231164e-10	2
6283185.307179586	1142.2422422422424	3	0.3313279400728235	6.087869261476885e-10	2
6283185.307179586	655.2552552552553	3	1.4069266757339882	-9.389791096320926e-10	2
6283185.307179586	1170.0700700700702	1	-1.0547589218535545	4.160325527132238e-10	2
6283185.307179586	1504.004004004004	2	-0.7187821203086436	-1.7529953189269394e-09	0
6283185.307179586	2060.5605605605606	1	-0.9257574770740087	-3.4190219425919336e-10	2
6283185.307179586	766.5665665665666	4	-1.4865895219326057	1.5752945732133156e-10	2
6283185.307179586	620.4704704704704	3	-0.5895156603217159	-1.5400328991190955e-09	0
6283185.307179586	926.5765765765766	3	-0.6297586106331482	1.7906306992260661e-09	0
6283185.307179586	1587.4874874874874	3	1.0583634895488685	-1.8150382455694275e-09	0
6283185.307179586	1935.3353353353355	3	-0.17187283922246044	-5.366032199375028e-10	0
6283185.307179586	2651.901901901902	1	1.0597343308080238	-1.602071207329094e-09	0
6283185.307179586	724.8248248248249	3	0.6179415516038493	1.7288207888152042e-09	0
6283185.307179586	2171.871871871872	4	-1.354307168847314	6.500670406781426e-11	2
6283185.307179586	1337.0370370370372	2	-0.8575073002964042	-1.6646588726347089e-09	0
6283185.307179586	1559.6596596596596	3	-0.5293605244852044	-1.3544019403795408e-09	0
6283185.307179586	2721.4714714714714	3	0.47625295763229714	-1.2583743638748354e-09	0
6283185.307179586	1267.4674674674675	1	-0.4341736122743822	7.06854125273688e-10	0
6283185.307179586	1629.2292292292293	3	1.481994335103007	2.3980012911576326e-10	2
6283185.307179586	2067.5175175175173	4	0.9433718539791824	1.4420858405044648e-09	0
6283185.307179586	1893.5935935935936	3	0.6510420008800608	1.686670590383253e-09	0
6283185.307179586	1170.0700700700702	4	1.0093702889959424	1.790651197953298e-09	0
6283185.307179586	4488.538538538539	2	-0.5431512330938817	1.2360429453502791e-09	0
6283185.307179586	3062.3623623623625	1	-1.19150975687342	1.5833296261737511e-09	0
6283185.307179586	1490.0900900900901	3	-1.0907846893420239	9.908844933050631e-11	2
6283185.307179586	1302.2522522522522	4	-1.557526651720979	-5.468772690376214e-10	2
6283185.307179586	1747.4974974974975	2	-0.7752037494404822	1.9227576543219113e-09	0
6283185.307179586	2199.6996996997	1	0.8639551910507208	1.202804926211648e-09	0
6283185.307179586	2304.054054054054	2	-0.21681330086987405	-1.986284577540082e-09	0
6283185.307179586	1712.7127127127128	1	1.2787605505154849	-3.702816184880998e-10	2
6283185.307179586	1149.1991991991993	4	-1.4164681276146909	-3.338423919363645e-10	2
6283185.307179586	1997.947947947948	2	1.5040061914025928	-1.3725986666906667e-09	2
6283185.307179586	1844.8948948948948	2	-0.03823642332695987	-7.844904484691383e-10	0
6283185.307179586	1469.2192192192192	3	0.07152328779583028	5.304669861455697e-10	1
6283185.307179586	850.0500500500501	2	-0.7907303451682157	-1.083802461853333e-09	0
6283185.307179586	1538.788788788789	1	0.8066127998250154	4.66800652184483e-10	1
6283185.307179586	2672.772772772773	4	1.2289914958656345	1.0638353275146436e-09	1
6283185.307179586	1796.1961961961963	3	-1.2977939479896075	-8.295955684882191e-10	1
6283185.307179586	2804.954954954955	1	0.5701863176083832	-4.322766173767389e-10	1
6283185.307179586	2206.6566566566567	1	0.709222996783025	1.605288775261415e-09	0
6283185.307179586	182.18218218218217	4	-0.8037253063594213	-1.8482638141667993e-09	0
6283185.307179586	1079.6296296296296	4	1.140942655671882	-1.7802390825892305e-09	0
6283185.307179586	2213.613613613614	3	0.6729794281075705	1.976090866815832e-09	0
6283185.307179586	1156.1561561561562	3	0.7594261487259217	1.5540325680318316e-09	0
6283185.307179586	2860.610610610611	4	1.1584251364593015	-8.774825900287558e-10	1
6283185.307179586	1587.4874874874874	1	0.6603386806075959	6.4019687696202e-10	0
6283185.307179586	745.6956956956957	4	-0.7158406014497828	-1.369097926499417e-09	0
6283185.307179586	585.6856856856857	1	1.188994904993439	-1.9876887945348613e-09	2
6283185.307179586	1211.8118118118118	4	0.6424478721375189	-1.9167008586932626e-09	0
6283185.307179586	1413.5635635635635	2	0.21893751455873556	-8.073191312194767e-10	0
6283185.307179586	2512.762762762763	4	0.8734470010704731	-1.6595951901328082e-09	0
6283185.307179586	2004.904904904905	3	0.15722291919024478	-7.080403463667567e-10	0
6283185.307179586	1691.8418418418419	4	-1.148556829323927	-1.8730723554133557e-09	0
6283185.307179586	1524.8748748748749	3	-1.3134386989388724	1.288111588865577e-09	2
6283185.307179586	1288.3383383383384	2	1.4590877395676296	1.905551583706037e-09	1
6283185.307179586	2484.934934934935	3	-0.8722822386507225	1.7056062266019936e-10	1
6283185.307179586	926.5765765765766	1	0.8564779183254316	-1.194543633975593e-09	1
6283185.307179586	1385.7357357357357	1	-1.483674698016931	5.051534540560159e-10	1
6283185.307179586	2164.914914914915	3	-0.9600231259894534	1.0371119492077402e-09	0
6283185.307179586	1698.7987987987988	2	0.8781135184901006	-8.719154449310015e-11	1
6283185.307179586	1517.917917917918	2	1.379606351344866	-1.7400525546122046e-09	1
6283185.307179586	1190.940940940941	1	-0.6645653054549583	1.0873382472933967e-09	0
6283185.307179586	2157.957957957958	4	0.48684097431763673	1.5199155582107632e-09	0
6283185.307179586	2248.3983983983985	4	0.7530303224012567	1.4427163626626709e-09	0
6283185.307179586	1504.004004004004	3	1.1852976462029199	-9.763355387463016e-10	2
6283185.307179586	2651.901901901902	1	0.8155139211560853	-2.8505443420594505e-10	1
6283185.307179586	293.4934934934935	1	-0.6050851211631708	-1.8815265113109475e-09	2
6283185.307179586	1789.2392392392394	3	-1.0676056021700635	-3.32397052872806e-10	1
6283185.307179586	564.8148148148148	2	0.30716358502202734	-1.711402463189182e-09	0
6283185.307179586	1775.3253253253254	4	0.2625648590337728	1.2025221255404901e-09	0
6283185.307179586	1712.7127127127128	2	-1.4190892130039356	-2.3082242151460002e-10	1
6283185.307179586	905.7057057057058	2	0.14153869565648503	1.4828598086525196e-09	0
6283185.307179586	1893.5935935935936	1	1.5227841932386617	3.910666035761848e-10	2
6283185.307179586	3194.544544544545	1	0.8219014459298908	-1.5661962344479778e-09	0
6283185.307179586	2888.4384384384384	2	1.5200253388993676	-1.1082678404499253e-09	2
6283185.307179586	1914.4644644644645	3	0.11389552420540205	-4.2722467410459595e-10	1
6283185.307179586	2053.603603603604	4	-1.4590670794700629	9.940529381452321e-10	2
6283185.307179586	1865.7657657657658	1	1.0205424861706338	3.360146991081262e-10	2
6283185.307179586	3236.286286286286	3	-0.1325426071147242	-7.385479486307359e-10	0
6283185.307179586	1017.017017017017	1	-0.4662901721623858	-1.6682404327624682e-09	0
6283185.307179586	1573.5735735735736	1	-0.04605458533461371	6.094719578332318e-10	0
6283185.307179586	1100.5005005005005	3	-0.8450287589048538	-1.781707138999333e-09	0
6283185.307179586	2130.13013013013	4	-1.3182028431090673	-8.405194069654703e-10	2
6283185.307179586	1803.1531531531532	3	-0.5169114755135711	1.890785301084228e-09	0
6283185.307179586	2095.3453453453453	4	0.8977413884560543	-5.717937162407005e-10	1
6283185.307179586	2888.4384384384384	1	0.10425460062664671	1.2813413292788387e-09	0
6283185.307179586	2060.5605605605606	1	-1.153528121821339	-1.2968989748107858e-09	0
6283185.307179586	1072.6726726726727	1	1.2573648822130887	4.0551373772061355e-10	2
6283185.307179586	1420.5205205205204	3	-0.42649062643018243	1.0201801467882944e-09	0
6283185.307179586	1163.113113113113	2	0.5656227016710282	2.90593629528427e-10	2
6283185.307179586	3542.3923923923926	2	0.808958616730536	6.519973926967399e-10	0
6283185.307179586	1726.6266266266266	2	0.14502916505250907	-5.513716650881332e-10	0
6283185.307179586	1670.970970970971	3	-1.2797576315038468	1.57723545912421e-09	1
6283185.307179586	1990.9909909909911	1	1.1149843949315206	8.424198211994174e-11	2
6283185.307179586	1970.1201201201202	4	0.4620939668297943	-3.065120537670821e-10	2
6283185.307179586	1072.6726726726727	3	0.3592040599177819	1.118728183548444e-09	0
6283185.307179586	446.54654654654655	4	-0.285266318564948	1.5160254385009512e-09	2
6283185.307179586	1531.8318318318318	4	-1.2085102241328005	-3.225840578530424e-10	2
6283185.307179586	1796.1961961961963	1	0.21607439831794428	4.514666473228788e-11	2
6283185.307179586	1086.5865865865867	4	0.5913386151205224	1.022955248270657e-09	0
6283185.307179586	870.9209209209209	4	-0.48482933534188577	-1.5951678774691616e-09	0
6283185.307179586	1260.5105105105106	3	0.17019884197511592	-8.15483656269008e-11	2
6283185.307179586	884.8348348348349	2	0.05580141784296444	-5.972650904743056e-10	1
6283185.307179586	1211.8118118118118	3	-1.1574984612540837	-1.030475103803028e-09	1
6283185.307179586	1406.6066066066066	3	-0.9875774392207242	-7.71336656282336e-10	1
6283185.307179586	2297.097097097097	1	-0.5898192947037998	1.3755872096972825e-09	0
6283185.307179586	2123.1731731731734	3	0.627762922097705	1.5300825006541453e-09	0
6283185.307179586	1364.864864864865	2	1.4699890152845638	-1.6303814767540588e-09	1
6283185.307179586	2380.5805805805808	3	-0.17190963459471598	1.1277861705301123e-10	1
6283185.307179586	2888.4384384384384	1	-0.9659984927019708	1.6729485984779183e-09	0
6283185.307179586	620.4704704704704	2	1.5057974304277262	4.401784707171834e-11	1
6283185.307179586	1093.5435435435436	1	-0.8707624097708557	1.0691022910349961e-09	0
6283185.307179586	3611.961961961962	4	-1.1317788749672044	-1.3230853555267998e-09	0
6283185.307179586	2603.2032032032034	3	-1.2847764103437962	-7.590324049288239e-10	2
6283185.307179586	2262.3123123123123	2	-0.07390480076044037	1.9281633054051516e-09	0
6283185.307179586	1608.3583583583584	4	1.2405369823669985	2.022251098801415e-10	2
6283185.307179586	1907.5075075075076	3	-1.3291079263857162	5.780452049520634e-10	1
6283185.307179586	1893.5935935935936	3	1.4241466280908122	7.940994283679972e-10	2
6283185.307179586	2742.3423423423424	1	-0.251469657834698	3.0640940380878476e-10	2
6283185.307179586	2471.021021021021	1	-1.0780814033147696	-1.6953258471003503e-09	0
6283185.307179586	1371.821821821822	3	0.35745282363416897	1.3366235226085966e-09	0
6283185.307179586	2784.084084084084	3	0.8815138619455953	1.3024248812192948e-09	0
6283185.307179586	328.27827827827826	3	1.089458536682101	-7.388208393353103e-10	1
6283185.307179586	1601.4014014014015	4	1.4430681964207976	6.481129936609707e-11	1
6283185.307179586	1524.8748748748749	1	-1.387539741813692	-1.2885176731662271e-09	2
6283185.307179586	1956.2062062062062	3	0.9269881942866065	-1.5327595259379106e-09	0
6283185.307179586	1385.7357357357357	2	-0.14918125423152273	-1.5260058411902416e-09	0
6283185.307179586	1504.004004004004	3	0.9440375653526702	1.8075424655517273e-09	0
6283185.307179586	2269.2692692692694	4	0.9390396364345079	1.7884071074662293e-09	0
6283185.307179586	390.8908908908909	4	1.423452370943334	-8.333753063583744e-10	1
6283185.307179586	2366.6666666666665	2	1.3208309995456138	5.521114697925996e-10	1
6283185.307179586	1789.2392392392394	2	0.5607284312996206	-8.180738322432114e-10	0
6283185.307179586	2749.2992992992995	3	1.3922012837602247	-1.8945990496138615e-10	1
6283185.307179586	2512.762762762763	3	-0.5430341263282652	-1.1778706379242752e-09	0
6283185.307179586	3006.706706706707	2	0.23609389603792463	9.495320242518817e-10	0
6283185.307179586	815.2652652652653	4	1.189527540943344	-7.956372329383418e-10	2
6283185.307179586	2171.871871871872	1	0.8281533558178236	8.612722486643115e-10	0
6283185.307179586	2276.226226226226	4	0.10549183705730414	4.1574430022027797e-10	2
6283185.307179586	1984.034034034034	2	0.15549910644829423	-1.6422745319418562e-10	1
6283185.307179586	1608.3583583583584	2	0.9009718316778383	5.270654920609733e-11	2
6283185.307179586	1448.3483483483483	4	0.9110834389023648	-9.07652024089189e-10	0
6283185.307179586	1984.034034034034	1	-0.9631236089536583	-1.6142949215246198e-09	0
6283185.307179586	1225.7257257257259	3	0.6556000281232839	1.0975118776251458e-09	0
6283185.307179586	954.4044044044044	4	-1.1603353618377432	-1.8165750751081779e-09	0
6283185.307179586	2304.054054054054	3	-0.7597641247060113	-6.517067149333983e-10	0
6283185.307179586	1149.1991991991993	4	-0.08727402697603326	1.4621780683184513e-09	0
6283185.307179586	1476.176176176176	2	1.0807021988935186	1.0480347761623513e-09	0
6283185.307179586	1615.3153153153153	1	0.40378993854835943	-1.5599992952913306e-09	0
6283185.307179586	3521.5215215215217	1	-0.49271616625224457	1.2990128383576907e-09	0
6283185.307179586	1323.1231231231232	3	-0.039401332936631395	7.885496890197341e-10	0
6283185.307179586	1510.960960960961	4	-0.22139559070533088	1.489527606143893e-09	0
6283185.307179586	808.3083083083084	3	0.5496304178669145	3.6910915562806194e-10	1
6283185.307179586	2930.1801801801803	1	0.914189569728078	-1.2717610311237216e-09	0
6283185.307179586	2930.1801801801803	3	-0.5474676239954803	1.6121587019150513e-10	1
6283185.307179586	523.0730730730731	3	-1.2816428941841314	1.977838860199375e-09	2
6283185.307179586	2213.613613613614	2	-0.9159390686173802	1.3850849892464745e-09	0
6283185.307179586	1865.7657657657658	1	1.380984390484231	-1.0182203252647662e-09	2
6283185.307179586	3104.1041041041044	1	0.37698455549265053	-1.49553580067296e-09	0
6283185.307179586	1580.5305305305305	2	-1.546177584415578	-2.2090990360232792e-10	1
6283185.307179586	2081.4314314314315	1	0.7696053126691766	1.5257152313822974e-09	0
6283185.307179586	954.4044044044044	2	0.39284499176169474	-5.727236893299491e-10	2
