axial trapping frequency (MHz) 	 velocity(m/s) 	 ion collided with 	 angle(rads) 	 collision offset(m) 	 reorder? (1 is reorder 2 is ejection) 
6283185.307179586	1789.2392392392394	1	-1.268256241844167	1.4626735585008386e-09	1
6283185.307179586	1420.5205205205204	2	-1.0080813842242629	-2.5953077627455346e-10	2
6283185.307179586	1044.8448448448448	1	-1.1993291277054634	-1.3053052757772026e-09	2
6283185.307179586	1267.4674674674675	1	1.2259050045114037	-1.3135961425283576e-10	2
6283185.307179586	2359.70970970971	3	1.2907706477495235	-1.7005915123169163e-09	0
6283185.307179586	1984.034034034034	4	-0.35765324083064587	-8.012815478473448e-11	2
6283185.307179586	1524.8748748748749	4	0.5872330069401719	-1.7509680364081685e-09	0
6283185.307179586	3431.0810810810813	3	1.1153242156517438	-1.839726813191868e-09	0
6283185.307179586	1670.970970970971	4	-0.3795994889877954	-1.8378802513505495e-09	0
6283185.307179586	3591.091091091091	1	1.4803292529628984	1.4645433981707768e-09	2
6283185.307179586	1580.5305305305305	1	0.36984105846746784	5.355346072311152e-10	0
6283185.307179586	2192.742742742743	4	-1.2828143136741326	8.944980858407263e-10	2
6283185.307179586	1587.4874874874874	4	-0.02123279693883795	-1.0506274961438767e-09	0
6283185.307179586	1295.2952952952953	2	0.8340264792798973	-4.569049745224342e-10	1
6283185.307179586	1643.143143143143	1	-1.498753916209163	-1.5067018928244336e-09	1
6283185.307179586	1316.1661661661662	3	-1.5201194315445623	-8.208530080235145e-10	1
6283185.307179586	557.8578578578579	1	0.850508723365778	-8.450958231496832e-10	2
6283185.307179586	2721.4714714714714	1	-0.623825836648865	-6.954639523397286e-10	0
6283185.307179586	1615.3153153153153	4	1.3026840321859994	7.130979628945539e-10	1
6283185.307179586	1643.143143143143	2	0.3967422656426791	-1.8145772536000215e-09	0
6283185.307179586	850.0500500500501	1	-0.9008627601719612	-8.152321168723873e-10	1
6283185.307179586	1796.1961961961963	4	0.38116308099578133	-1.7648310012831417e-09	0
6283185.307179586	1545.7457457457458	1	0.7940189399497686	1.8037111178028795e-10	2
6283185.307179586	1942.2922922922924	1	-0.45137695482443974	1.3024108080662518e-09	0
6283185.307179586	1183.983983983984	4	-0.927650722376372	-1.6004955477747078e-09	0
6283185.307179586	3778.928928928929	4	-0.028037489768742097	-1.712651967600839e-09	0
6283185.307179586	1225.7257257257259	2	-0.3696534039532613	-9.415943038157568e-11	1
6283185.307179586	1963.1631631631633	3	0.5167717691792766	1.3212950295505187e-09	0
6283185.307179586	1364.864864864865	2	1.2590919795701376	1.653584940355873e-09	0
6283185.307179586	1441.3913913913914	1	1.1268353906052466	-1.6358013991602997e-10	2
6283185.307179586	2561.4614614614616	3	1.403583620292916	-1.488296225515956e-09	1
6283185.307179586	2526.676676676677	3	-0.6562638030013386	-8.352072702146849e-10	0
6283185.307179586	1677.927927927928	4	1.015823061856377	-6.213283696908482e-10	2
6283185.307179586	926.5765765765766	4	-0.898153515787761	-1.2758173580415635e-09	0
6283185.307179586	1183.983983983984	4	-0.738137795193234	1.7650624081800239e-09	0
6283185.307179586	1844.8948948948948	2	-1.3605856081861845	-1.0203823007683321e-09	2
6283185.307179586	801.3513513513514	3	-0.8882003930582123	4.1380577337462126e-10	2
6283185.307179586	2415.3653653653655	3	-0.9573260826235419	6.930707620425079e-10	1
6283185.307179586	3765.0150150150153	2	0.3576015263222001	1.7576257436334466e-09	0
6283185.307179586	2944.094094094094	2	-0.6375260364753016	5.037581209136357e-10	0
6283185.307179586	1274.4244244244244	3	-0.0897099141407458	-2.7177842038405774e-10	2
6283185.307179586	1789.2392392392394	2	-0.3818621514137619	-1.0966774154271107e-09	0
6283185.307179586	1121.3713713713714	3	-0.49765784029972804	-1.1264331850250225e-09	0
6283185.307179586	2171.871871871872	3	-0.636550827620215	-4.489878560812791e-10	2
6283185.307179586	1385.7357357357357	3	-0.20871341429397705	-1.7496947025710693e-09	0
6283185.307179586	1782.2822822822823	4	-0.3523976593202731	9.062928052774638e-10	0
6283185.307179586	2324.924924924925	3	1.2778013417699752	1.7005905052335965e-09	0
6283185.307179586	975.2752752752752	3	0.5619757514532604	1.7571037648210897e-09	0
6283185.307179586	1810.11011011011	4	1.5388139733557273	-7.686951786609316e-10	2
6283185.307179586	1615.3153153153153	4	-0.690640856277904	6.999033567281033e-10	1
6283185.307179586	1942.2922922922924	3	-0.6796642246026691	2.847674752004714e-10	1
6283185.307179586	1705.755755755756	3	-1.1698173747818164	-1.7094640722442516e-09	0
6283185.307179586	1622.2722722722724	4	-1.4479865092982118	1.2742480717823828e-09	2
6283185.307179586	1587.4874874874874	4	-0.4715205193326051	1.1848847456583933e-09	0
6283185.307179586	2331.881881881882	3	0.9431472510758838	6.778805696299202e-10	1
6283185.307179586	1844.8948948948948	4	0.16752894194103018	-6.248942886210407e-10	0
6283185.307179586	1135.2852852852852	2	0.9737556576087716	1.877533094180595e-09	0
6283185.307179586	1371.821821821822	3	1.13573942978184	-2.8683114738091755e-10	2
6283185.307179586	1782.2822822822823	1	0.5468792486461838	2.2404887171997278e-10	2
6283185.307179586	1559.6596596596596	1	-0.8570213642315814	-5.433714824644977e-10	1
6283185.307179586	1246.5965965965966	2	1.3081400756539026	-2.6738956851520087e-10	2
6283185.307179586	1928.3783783783783	4	-1.529957921701117	-3.0897111333214014e-10	2
6283185.307179586	2262.3123123123123	1	1.216801173824014	-1.2061183456122294e-10	2
6283185.307179586	1121.3713713713714	2	-0.7827341475737927	3.4438467988902397e-10	1
6283185.307179586	2624.0740740740744	2	1.3757710627767152	-7.507355492727253e-10	1
6283185.307179586	1003.1031031031031	4	-0.08883514158767003	1.064336115118706e-09	0
6283185.307179586	1337.0370370370372	1	-1.0932764884278035	6.669660737793567e-10	2
6283185.307179586	1093.5435435435436	2	1.282755882779833	1.5120594970692756e-09	2
6283185.307179586	1434.4344344344345	2	-0.27110659788352787	2.8087734290633187e-10	2
6283185.307179586	1893.5935935935936	4	0.5429849772866411	-9.439704889382325e-11	2
6283185.307179586	2881.4814814814818	4	-0.6560940433127177	1.7128823193567976e-09	0
6283185.307179586	2297.097097097097	1	-0.7866021544001176	7.345221447179881e-10	0
6283185.307179586	1545.7457457457458	3	-0.4463514568766844	-1.9227027436374914e-09	0
6283185.307179586	1984.034034034034	3	0.9857525650566741	-1.764971189474094e-09	0
6283185.307179586	2505.805805805806	4	-1.4036978080563502	6.28521275851246e-11	2
6283185.307179586	1385.7357357357357	2	0.2911866071174587	-1.8241075196537026e-09	0
6283185.307179586	1733.5835835835837	1	0.9644086874072006	1.16769752300602e-09	0
6283185.307179586	1427.4774774774776	3	0.5156893405607312	-1.1660286838745966e-09	0
6283185.307179586	3257.157157157157	1	-0.2797342254428039	-1.5007091376427708e-09	0
6283185.307179586	1121.3713713713714	3	0.41442953964252505	9.537220422784403e-10	0
6283185.307179586	808.3083083083084	2	-0.7896777407770834	4.228065787855179e-10	1
6283185.307179586	2130.13013013013	2	1.0671515548871868	-1.9133437810636676e-09	0
6283185.307179586	1824.0240240240241	4	-0.7656788159698759	1.4181394918378554e-09	0
6283185.307179586	1740.5405405405406	1	-0.4056298818344468	-8.567543535589497e-11	2
6283185.307179586	3639.7897897897897	3	1.5526724320455862	-1.6043255488882653e-09	1
6283185.307179586	2137.087087087087	4	0.742777495480111	-1.6887841233230914e-09	0
6283185.307179586	683.0830830830831	3	-0.31237800643872116	-1.7142539231808522e-09	0
6283185.307179586	1441.3913913913914	2	0.7302528987731787	-1.2884473718101273e-09	0
6283185.307179586	2151.001001001001	3	1.4365531453191744	9.626554648411185e-10	1
6283185.307179586	2756.256256256256	1	0.5155440067409955	-6.299363748665674e-10	0
6283185.307179586	1100.5005005005005	1	-0.41853324393217295	1.300056659917953e-09	0
6283185.307179586	1566.6166166166167	2	-0.4279105046345164	-1.6933000111375433e-09	0
6283185.307179586	1378.7787787787788	4	0.09822639362749674	-1.6547743325932182e-09	0
6283185.307179586	1128.3283283283283	1	-0.8923612497212751	-4.720872655501581e-10	2
6283185.307179586	2763.2132132132133	4	-0.8162103393136343	-1.8715130525138184e-09	0
6283185.307179586	2617.1171171171172	1	-0.2024651273315483	-7.31574639130615e-10	0
6283185.307179586	2227.5275275275276	4	-0.14572070855034047	-1.3743698283787673e-09	0
6283185.307179586	2624.0740740740744	4	-0.5228764903576069	1.4886886108980054e-09	0
6283185.307179586	1601.4014014014015	4	-0.8657376089828189	1.250203179312662e-09	0
6283185.307179586	1789.2392392392394	4	1.3084427741438556	1.0816672099875003e-09	2
6283185.307179586	265.66566566566564	2	-1.5244882102652066	5.022331942289466e-10	2
6283185.307179586	1942.2922922922924	2	-0.7084979181130666	1.7617528752923299e-09	0
6283185.307179586	2373.6236236236236	3	-1.5633394965347527	1.9306314803658404e-09	1
6283185.307179586	1698.7987987987988	2	-1.461316038253148	1.2947909109546826e-09	2
6283185.307179586	1288.3383383383384	4	-1.0596675276495438	-1.8077165178223021e-09	0
6283185.307179586	1636.1861861861862	1	-0.9103083950003139	1.7178336270979418e-09	0
6283185.307179586	1246.5965965965966	1	-0.686302579266593	1.3660592146269854e-10	1
6283185.307179586	1510.960960960961	4	0.2730606529254822	3.511913966582862e-11	2
6283185.307179586	2311.011011011011	1	0.32319790183577934	4.411568584329992e-10	0
6283185.307179586	926.5765765765766	3	0.2449276518999497	1.7221747319147873e-09	0
6283185.307179586	1476.176176176176	4	-0.327222268270396	-6.557316712875467e-10	0
6283185.307179586	2624.0740740740744	4	-1.2913431752013442	2.057885862941718e-10	2
6283185.307179586	1622.2722722722724	1	0.6093506094234353	-5.428768853600628e-10	1
6283185.307179586	850.0500500500501	2	1.1038118904590042	-2.7265623241375493e-10	2
6283185.307179586	342.1921921921922	2	-0.8230572785714187	1.2496212844095588e-09	0
6283185.307179586	1865.7657657657658	1	0.19111432308183574	1.6048183811444073e-09	0
6283185.307179586	1601.4014014014015	4	-1.5451725856950114	1.6842471805425987e-09	2
6283185.307179586	1093.5435435435436	4	-0.8076835744423589	-2.7935597807599696e-10	2
6283185.307179586	2436.2362362362364	3	0.20122339141129175	1.8751287862630893e-10	1
6283185.307179586	2060.5605605605606	2	1.0404072210078836	-9.995076084457565e-10	0
6283185.307179586	3799.7997997998	2	1.0227635831318747	-1.8468576611086355e-09	0
6283185.307179586	2471.021021021021	3	-1.137077892075455	-7.022257147002388e-11	1
6283185.307179586	1441.3913913913914	4	-0.6457911967951717	-4.872745081827127e-10	1
6283185.307179586	1712.7127127127128	1	-1.2130034315467269	-4.1738166818477495e-10	2
6283185.307179586	2617.1171171171172	4	-0.6171214360070736	-3.798434779461792e-10	2
6283185.307179586	1274.4244244244244	1	-0.5041724175117535	-1.1588671180136686e-09	0
6283185.307179586	1587.4874874874874	2	1.4432929207026715	4.734904974158749e-11	2
6283185.307179586	2401.4514514514517	2	1.449340931241517	-1.446226066690962e-09	2
6283185.307179586	1928.3783783783783	1	-0.43113273915791783	-3.4056221543715457e-10	2
6283185.307179586	1510.960960960961	3	1.3828076171567698	-1.3310434522801257e-09	1
6283185.307179586	3862.4124124124123	2	-1.2690651248986038	-6.365089421017153e-10	2
6283185.307179586	2366.6666666666665	1	0.39473720730724593	5.067935223963315e-11	2
6283185.307179586	829.1791791791792	1	1.260623579436344	1.8816818824010023e-10	2
6283185.307179586	2415.3653653653655	3	-0.49028548286131834	1.6409098862060637e-09	0
6283185.307179586	1323.1231231231232	3	-1.0298011004062353	-1.485522419022951e-09	0
6283185.307179586	863.963963963964	2	-1.0294993807222075	1.0147613244564368e-09	1
6283185.307179586	2491.891891891892	1	-0.13142369875791515	-6.52102587204145e-10	0
6283185.307179586	1559.6596596596596	1	1.0025945044985245	-5.361882127282715e-10	2
6283185.307179586	1253.5535535535537	4	-1.0480468612719844	-2.3689702798580785e-10	2
6283185.307179586	1406.6066066066066	2	0.6742344336828352	6.493928576014818e-10	0
6283185.307179586	1789.2392392392394	1	-0.15247738754870577	-1.9151944372830175e-09	0
6283185.307179586	1775.3253253253254	4	1.3238860669378334	-1.4357899336731525e-09	2
6283185.307179586	1942.2922922922924	3	0.5217952058070736	8.934563589444256e-10	0
6283185.307179586	3159.75975975976	1	-0.8567359205702817	-3.633323825809409e-11	1
6283185.307179586	1824.0240240240241	2	-0.7600416591788747	1.8049324626654416e-10	1
6283185.307179586	1399.6496496496497	1	-0.3404326031082223	-1.2249749359888968e-09	0
6283185.307179586	1970.1201201201202	1	1.1324169280868732	1.399018926405394e-09	0
6283185.307179586	1225.7257257257259	1	-0.847689523129629	-1.3797662004213382e-09	0
6283185.307179586	2039.6896896896897	2	-0.9372209163974378	6.40444863950302e-10	2
6283185.307179586	947.4474474474474	3	1.3198280942606555	2.774514246204756e-10	2
6283185.307179586	2477.977977977978	2	0.21644693308111895	9.652341374757986e-10	0
6283185.307179586	2297.097097097097	2	-0.6787775599768422	1.364527427575596e-09	0
6283185.307179586	1177.027027027027	2	0.08109061126120931	2.293788929722656e-10	2
6283185.307179586	1434.4344344344345	3	0.1537730417011547	-1.6715466472110272e-09	0
6283185.307179586	2999.7497497497498	4	0.7091395756520136	-7.74290485685758e-10	0
6283185.307179586	1079.6296296296296	3	-1.2489509285472207	1.1850458095223966e-09	2
6283185.307179586	1281.3813813813815	1	-0.7832022301890298	-1.0013529644774511e-09	0
6283185.307179586	2276.226226226226	1	0.8317264274014486	1.335818857102548e-10	2
6283185.307179586	2192.742742742743	4	-1.0898031196978177	7.270719563513805e-10	1
6283185.307179586	1914.4644644644645	4	-0.3943359727486486	1.5156641768268708e-09	0
6283185.307179586	2025.7757757757759	3	0.9598875651686183	5.120226155505563e-10	2
6283185.307179586	1587.4874874874874	2	0.005181150072004037	-3.950144752647243e-10	2
6283185.307179586	2714.5145145145148	1	-1.1740750006282161	-1.0679347376439893e-09	0
6283185.307179586	1552.7027027027027	1	-0.7601515373294869	1.2651864132709453e-09	0
6283185.307179586	1197.897897897898	3	1.0723661555396693	6.135097256086455e-10	1
6283185.307179586	1997.947947947948	4	0.39567690065970496	1.931271714774945e-09	0
6283185.307179586	1065.7157157157158	2	1.5258628269930776	-1.1395412300052516e-09	2
6283185.307179586	2735.3853853853852	2	-0.6744779668659269	1.8979570779672526e-09	0
6283185.307179586	3062.3623623623625	2	-1.1530907387949862	4.089213928592425e-10	2
6283185.307179586	2269.2692692692694	2	0.806321625291297	-1.2386138437592826e-09	0
6283185.307179586	1434.4344344344345	2	-0.9970741505151985	-1.2245179442159154e-09	0
6283185.307179586	2533.6336336336335	4	-0.47319042025822844	1.054690950154436e-09	0
6283185.307179586	2011.8618618618618	2	-0.26359661206707385	1.3851495285131144e-09	0
6283185.307179586	1796.1961961961963	1	1.3491252547776882	-1.7943607761222533e-09	1
6283185.307179586	2477.977977977978	2	1.4110963471256928	1.536001862352733e-09	2
6283185.307179586	2025.7757757757759	3	-0.2752286982098129	5.003127190632258e-10	0
6283185.307179586	2686.6866866866867	2	1.304699414498005	3.3424181222050625e-10	2
6283185.307179586	1142.2422422422424	1	0.277507136448609	-7.793895473885848e-10	1
6283185.307179586	1587.4874874874874	1	-0.49700285875549377	-1.3125693950083597e-09	0
6283185.307179586	1343.993993993994	1	-0.5348873247580221	1.4437963720356647e-09	0
6283185.307179586	2297.097097097097	1	-0.43245532052163793	8.585433303439636e-10	0
6283185.307179586	989.1891891891892	3	0.6778888306388207	-9.05095383919231e-10	0
6283185.307179586	738.7387387387388	3	1.3923122742878533	-6.507270362509848e-10	2
6283185.307179586	1183.983983983984	4	-1.3656346893509512	-1.267435307584734e-09	2
6283185.307179586	1149.1991991991993	3	0.0703463145912755	3.6926709009710105e-10	2
6283185.307179586	1768.3683683683685	1	-1.1395653409315263	4.966054717281038e-10	2
6283185.307179586	1810.11011011011	4	0.5829850632836115	1.0911741522665855e-09	0
6283185.307179586	2011.8618618618618	4	-0.2068024176181822	1.2097652409077967e-09	0
6283185.307179586	4356.356356356357	3	-0.58372660117929	7.129289479017621e-10	0
6283185.307179586	1448.3483483483483	3	-0.8737325418294335	-1.5544896984913388e-09	0
6283185.307179586	2679.72972972973	1	-0.3483236627414896	-1.3622363590455452e-09	0
6283185.307179586	1510.960960960961	4	1.295334595651743	1.7046313770772517e-09	2
6283185.307179586	989.1891891891892	2	0.8994619440022373	9.848510231770282e-10	0
6283185.307179586	926.5765765765766	1	-0.47758963146074573	-1.8159694355048665e-09	0
6283185.307179586	2317.967967967968	1	0.8650083726090414	-1.4078863785716011e-10	2
6283185.307179586	2192.742742742743	1	1.16543491942747	-1.1416739699263263e-09	1
6283185.307179586	1239.6396396396397	3	0.05711409358706465	-1.6471886460710118e-09	0
6283185.307179586	1420.5205205205204	2	1.5086971267850102	-5.598556662275635e-10	1
6283185.307179586	780.4804804804805	3	0.5829527159528562	9.63881374608429e-10	0
6283185.307179586	1170.0700700700702	1	0.5038111742258828	-1.5808893889991508e-09	0
6283185.307179586	1789.2392392392394	2	-0.9989729689595976	1.169554366371843e-09	0
6283185.307179586	1246.5965965965966	3	0.6016709229067572	-4.0798207385857586e-10	1
6283185.307179586	550.900900900901	2	-0.7589672562919968	2.0676410021102523e-10	1
6283185.307179586	1775.3253253253254	1	0.7097638565890971	-1.6458401536797802e-09	0
6283185.307179586	2846.6966966966966	4	0.23468441412606889	8.734722254706697e-10	0
6283185.307179586	738.7387387387388	4	0.22234030803910731	-1.9281284293437574e-09	0
6283185.307179586	1462.2622622622623	4	0.5582727817534883	1.2494605305538632e-09	0
6283185.307179586	954.4044044044044	4	0.6700748784205075	-4.45861716670532e-10	1
6283185.307179586	1350.950950950951	2	0.056797315236265744	1.655688372283174e-09	0
6283185.307179586	1803.1531531531532	4	0.9431077736595057	3.5592276044728265e-10	1
6283185.307179586	801.3513513513514	2	0.1619287486953751	-1.5506329343292272e-09	0
6283185.307179586	1030.930930930931	3	1.021440719210292	-3.5006416584903015e-10	1
6283185.307179586	1872.7227227227227	1	0.002955119123206007	-1.3094629509616213e-09	0
6283185.307179586	2533.6336336336335	2	-1.2233570937500595	1.6156174327041752e-09	0
6283185.307179586	1872.7227227227227	2	-0.25419960592781066	-1.3311177224722812e-09	0
6283185.307179586	1754.4544544544544	1	0.3788140802332576	-1.0743889666332796e-09	0
6283185.307179586	2728.4284284284286	4	-0.89890061576248	-1.6424712376649251e-09	0
6283185.307179586	1504.004004004004	4	-0.8229387604489193	1.0306136297697748e-09	0
6283185.307179586	1691.8418418418419	2	-0.8983169481918202	1.793895872546015e-09	0
6283185.307179586	641.3413413413414	3	-1.2150988799491997	4.916586994628992e-10	1
6283185.307179586	1684.884884884885	1	1.448083199175139	-3.854906606799031e-10	2
6283185.307179586	898.7487487487488	3	1.4723394841685553	-1.5591831132591567e-09	2
6283185.307179586	1810.11011011011	2	0.34546969325679155	-1.4807377745199012e-09	0
6283185.307179586	2123.1731731731734	1	0.6825638046042881	-8.22660094431953e-10	0
6283185.307179586	2944.094094094094	1	-0.875701367545466	1.4644219303397954e-09	0
6283185.307179586	1580.5305305305305	1	-0.11962942456375592	3.237157051017242e-10	1
6283185.307179586	1608.3583583583584	1	-0.8005331015263863	-1.8570289532100115e-09	0
6283185.307179586	516.1161161161161	2	0.738888053276118	4.912400245252497e-10	1
6283185.307179586	1566.6166166166167	3	0.22932365682331946	1.1310659966025826e-09	0
6283185.307179586	2185.7857857857857	2	0.8919849047835764	1.0740707571977647e-09	0
6283185.307179586	2561.4614614614616	3	-0.699214991949805	-1.2488584269331243e-09	0
6283185.307179586	1817.0670670670672	1	-0.6047387079202486	8.638978018959641e-11	2
6283185.307179586	1872.7227227227227	2	-0.8057083756408249	-8.468827518986952e-10	0
6283185.307179586	2032.7327327327328	3	-1.1781791048180503	6.037417011204277e-10	2
6283185.307179586	1824.0240240240241	1	-0.7578123940711483	5.431486097905479e-10	1
6283185.307179586	2526.676676676677	2	1.4370593604519843	1.7589617018319867e-09	2
6283185.307179586	2568.4184184184187	2	1.167638295691206	2.2921555690379414e-10	2
6283185.307179586	1448.3483483483483	3	0.6816185326441251	-5.570341135786863e-10	1
6283185.307179586	530.03003003003	3	-1.3865260928300078	3.5169681033094544e-10	2
6283185.307179586	1413.5635635635635	4	0.033544753249557635	-4.531002687590932e-10	0
6283185.307179586	2366.6666666666665	1	-0.9488125699271376	-1.8268575450802948e-09	0
6283185.307179586	2116.2162162162163	3	-1.493209966246189	6.661233473766008e-10	2
6283185.307179586	1295.2952952952953	2	-1.4209693890946566	-9.490106275318584e-10	1
6283185.307179586	1448.3483483483483	3	-0.8578480300065562	-1.3273289144667663e-09	0
6283185.307179586	1643.143143143143	1	1.4857268698619253	1.2072924632545955e-09	2
6283185.307179586	2262.3123123123123	4	-1.0321402150059018	-1.7124498344850602e-09	0
6283185.307179586	2644.944944944945	4	-0.5653560547207739	-1.509905943448088e-09	0
6283185.307179586	850.0500500500501	2	0.2451990805545492	-6.353907251111886e-10	1
6283185.307179586	1378.7787787787788	4	-0.383284352403489	1.6126645976890078e-10	2
6283185.307179586	1190.940940940941	1	1.1615476387549966	2.3089090679331435e-10	2
6283185.307179586	2436.2362362362364	4	1.002537032498671	-1.1672445033620855e-10	1
6283185.307179586	3326.7267267267266	3	-0.29343587792393255	-7.51240805912624e-10	0
6283185.307179586	1156.1561561561562	4	0.3486447136673634	-2.595560266673695e-10	2
6283185.307179586	982.2322322322323	2	-0.2582066406076444	-1.6132516934268098e-09	0
6283185.307179586	439.5895895895896	1	-1.2302454768254714	5.505288171377358e-10	2
6283185.307179586	1768.3683683683685	4	-0.5868509836081899	-1.7431618149027332e-09	0
6283185.307179586	2345.795795795796	4	-0.5996150760289575	1.0480683420798267e-09	0
6283185.307179586	3159.75975975976	2	0.6331380279271399	-9.90712092105551e-10	0
6283185.307179586	1664.014014014014	3	1.3182787376842513	1.1827288517290082e-09	2
6283185.307179586	724.8248248248249	1	0.737590281667662	-1.9948896034135583e-09	0
6283185.307179586	1323.1231231231232	2	0.736112684307181	5.824265461261504e-10	2
6283185.307179586	982.2322322322323	4	1.0685155072064587	-1.894023747880032e-09	0
6283185.307179586	1037.887887887888	3	0.09960725361921186	-1.843203429387609e-09	0
6283185.307179586	2283.1831831831832	1	-0.22240742543051417	-1.1264825780274027e-09	0
6283185.307179586	1364.864864864865	1	-0.9198048076716875	1.3649429521049056e-09	0
6283185.307179586	933.5335335335336	3	-0.09281029085462666	1.985011288866014e-09	0
6283185.307179586	2540.5905905905906	1	0.8130527540705392	1.2803205338968976e-09	0
6283185.307179586	2102.3023023023025	2	-0.04894745779582421	3.1363504300664684e-11	1
6283185.307179586	891.7917917917919	1	0.30995440607824176	-8.513690301623248e-10	1
6283185.307179586	1246.5965965965966	2	1.0071517272741337	1.0018971614266659e-09	0
6283185.307179586	1893.5935935935936	3	0.40846166688616803	-2.3416097216703673e-10	2
6283185.307179586	1719.6696696696697	1	-0.8690906821410495	-1.6999315640047468e-09	0
6283185.307179586	2248.3983983983985	2	1.5216961547771746	-1.2184621935620874e-09	2
6283185.307179586	1768.3683683683685	3	-1.2706487614795903	1.9094866823134747e-09	0
6283185.307179586	1768.3683683683685	2	-1.2180679707084263	-1.8195884517328557e-09	0
6283185.307179586	1601.4014014014015	3	1.567431657755335	-1.9841363451774504e-09	1
6283185.307179586	1803.1531531531532	4	-0.07401207839356161	-2.2664540386719698e-10	2
6283185.307179586	843.0930930930931	3	0.7522006329938771	-9.45328104888325e-10	0
6283185.307179586	1970.1201201201202	3	-1.0866638563851727	-9.047826943256966e-10	1
6283185.307179586	2185.7857857857857	4	-0.5009447799522695	-6.308995572352986e-11	2
6283185.307179586	1010.0600600600601	1	1.0393343195582516	-7.143718895011429e-10	2
6283185.307179586	2763.2132132132133	4	-0.5524269013673393	-7.284999269158497e-10	0
6283185.307179586	829.1791791791792	1	-1.3147290404273273	-1.994375664055983e-09	2
6283185.307179586	2512.762762762763	1	-0.9664702729859749	8.046528171509479e-10	0
6283185.307179586	3048.4484484484487	2	-0.14046200794111696	-1.9458289137155994e-09	0
6283185.307179586	2401.4514514514517	4	1.1784246606581372	-1.9413922067513447e-09	0
6283185.307179586	2116.2162162162163	1	1.1298226286057576	1.4569188526177388e-09	0
6283185.307179586	1879.6796796796798	3	-1.3319383922138324	-1.3717862446299736e-10	2
6283185.307179586	2074.474474474475	1	0.1970739905669383	5.733836812470093e-10	0
6283185.307179586	4530.280280280281	3	-0.8947795984189955	-1.180654268198723e-09	0
6283185.307179586	1566.6166166166167	1	-1.134329488729086	1.86538650938949e-09	0
6283185.307179586	1385.7357357357357	1	0.9404312240911996	-1.2797103442530223e-09	0
6283185.307179586	822.2222222222223	1	0.9661755076623013	3.7729030452720306e-10	2
6283185.307179586	1121.3713713713714	4	-1.327203444845077	1.4063589646709227e-09	2
6283185.307179586	2248.3983983983985	1	0.24806875575786247	-1.943235672554719e-09	0
6283185.307179586	2185.7857857857857	1	1.2262296958567473	-1.2545418982126206e-09	1
6283185.307179586	2324.924924924925	2	0.4531171771059963	1.8124584875664382e-09	0
6283185.307179586	1037.887887887888	1	-0.29933358578924874	1.6656240411485987e-09	0
6283185.307179586	1030.930930930931	2	-0.1959465319810334	5.475499167895858e-10	0
6283185.307179586	2227.5275275275276	3	-1.204086408017232	-1.9352893231850876e-09	0
6283185.307179586	1524.8748748748749	2	-0.8474307168263417	9.912333159707205e-10	0
6283185.307179586	2074.474474474475	1	0.39211307161749764	-5.908695149670313e-10	0
6283185.307179586	1670.970970970971	1	0.4465723658925169	-1.3941228742020741e-09	0
6283185.307179586	1288.3383383383384	4	0.8287766877201057	1.0636287227117554e-10	2
6283185.307179586	1858.8088088088089	2	1.3827834006709248	7.765828629746057e-10	1
6283185.307179586	1872.7227227227227	1	0.2100468379560143	1.837814988435201e-09	0
6283185.307179586	2130.13013013013	1	-0.5700904605536667	1.3668993387713277e-09	0
6283185.307179586	1490.0900900900901	1	0.564834190915557	5.413532517808307e-10	0
6283185.307179586	1427.4774774774776	4	0.5719346350264138	-1.1771896287059801e-09	0
6283185.307179586	1295.2952952952953	2	1.3087975640959693	1.4962838339855692e-09	1
6283185.307179586	1163.113113113113	2	1.018483918263775	-6.496101688811598e-10	1
6283185.307179586	919.6196196196197	2	-0.47449955285185585	7.873151835974314e-10	0
6283185.307179586	1010.0600600600601	2	0.40129736930976856	1.9329144056706427e-09	0
6283185.307179586	2276.226226226226	2	0.7536232607364672	-4.777866018190308e-10	2
6283185.307179586	745.6956956956957	1	-0.565109760828185	-1.5400342203992998e-10	1
6283185.307179586	1698.7987987987988	1	1.4638245477669471	7.567460608538759e-10	2
6283185.307179586	1023.973973973974	4	-0.758018165687964	-3.339049776437294e-11	2
6283185.307179586	3298.898898898899	2	1.4087543649476264	3.458526345920348e-10	1
6283185.307179586	2526.676676676677	4	-1.0887758642901113	6.114977718035201e-10	2
6283185.307179586	787.4374374374374	4	0.6589809321955702	-1.6852399350229376e-09	0
6283185.307179586	1587.4874874874874	1	0.39286479922696094	-1.3953463540476154e-09	0
6283185.307179586	655.2552552552553	4	-0.9363782268576137	7.358210375583545e-10	2
6283185.307179586	2749.2992992992995	3	-1.0451876644721962	-5.191326701474234e-10	2
6283185.307179586	2575.3753753753754	1	1.4756656358549893	3.8674233279745875e-10	2
6283185.307179586	1337.0370370370372	2	-0.8471522267956488	7.743830925860663e-10	0
6283185.307179586	2631.031031031031	3	-0.5330343809112807	-1.4309902476259767e-10	1
6283185.307179586	891.7917917917919	1	1.5112417140190533	-1.6006523686065488e-09	2
6283185.307179586	1281.3813813813815	4	-0.4337389859908285	-1.8667515531449217e-09	0
6283185.307179586	1817.0670670670672	4	-1.4415225831842458	-1.9669993306379474e-09	2
6283185.307179586	1622.2722722722724	3	0.26153229907067144	-1.307912503355508e-09	0
6283185.307179586	2749.2992992992995	1	-1.0639083551143655	2.912289619513823e-10	2
6283185.307179586	1754.4544544544544	2	0.15043359795655697	-2.7436513894139784e-10	2
6283185.307179586	989.1891891891892	1	-0.13099431159990194	3.6365359197908064e-10	0
6283185.307179586	1135.2852852852852	2	-0.9451899085928633	1.7490355820676812e-09	0
6283185.307179586	1183.983983983984	2	-0.14414450137995094	-5.59436641967793e-11	2
6283185.307179586	1594.4444444444446	2	-0.25962070915431057	6.014854421530011e-10	0
6283185.307179586	2130.13013013013	4	-0.7305884470776439	4.16542892208062e-10	1
6283185.307179586	2039.6896896896897	4	-0.23513829931752928	5.952944032409967e-10	0
6283185.307179586	1517.917917917918	3	1.1779521925550624	-4.749230543787838e-10	2
6283185.307179586	1963.1631631631633	2	0.47087408929890806	4.090363680541364e-10	1
6283185.307179586	2610.16016016016	2	-1.494363822991656	-7.993537957541908e-11	2
6283185.307179586	989.1891891891892	4	1.0967296466634875	-6.568978493588263e-10	2
6283185.307179586	2457.1071071071074	2	0.4359282555264188	1.7574696165918658e-09	0
6283185.307179586	1893.5935935935936	4	0.7181190846134995	1.1231959742049818e-09	0
6283185.307179586	300.4504504504505	3	-1.422703374028629	1.5105094935339393e-09	2
6283185.307179586	2512.762762762763	4	-0.37605218197851364	1.5087867427748308e-09	0
6283185.307179586	1587.4874874874874	3	-1.2124931416428608	-1.6628562608778645e-09	0
6283185.307179586	1733.5835835835837	1	-0.31696787719438246	-9.872415476464074e-10	0
6283185.307179586	2311.011011011011	2	-0.691452414024721	7.594594129911147e-10	0
6283185.307179586	1211.8118118118118	2	-1.2707960165832004	-2.2084469903202796e-10	2
6283185.307179586	1420.5205205205204	3	0.5829098709208007	-1.75752294294343e-09	0
6283185.307179586	975.2752752752752	4	1.5015080175010738	-1.8548623751152023e-09	1
6283185.307179586	2352.7527527527527	2	0.04342179476211827	-1.8454384526690665e-09	0
6283185.307179586	1156.1561561561562	4	0.8252472708667304	1.8367290528988075e-09	0
6283185.307179586	2095.3453453453453	3	-0.9200843481401807	4.1592464867630317e-10	1
6283185.307179586	912.6626626626627	2	0.49146477767004004	-1.7718311882236147e-09	0
6283185.307179586	933.5335335335336	4	1.2598620378407799	-1.1053554771426968e-09	2
6283185.307179586	724.8248248248249	2	1.3841828240238208	1.6161865349051124e-09	2
6283185.307179586	2797.997997997998	1	0.3293121775894645	1.3033937460289668e-09	0
6283185.307179586	1789.2392392392394	1	1.1689183168173911	-1.7563525061696437e-09	0
6283185.307179586	1163.113113113113	1	-0.7410268620449398	1.5150855522755418e-09	0
6283185.307179586	1900.5505505505505	1	1.5111273211005645	1.4454699419271787e-10	2
6283185.307179586	1914.4644644644645	1	-0.1135497638017855	7.904420487353238e-10	0
6283185.307179586	968.3183183183183	4	1.1759170127401872	-7.309342220141923e-10	2
6283185.307179586	2269.2692692692694	1	1.5361071622062066	1.1682005425451815e-09	2
6283185.307179586	1698.7987987987988	4	-0.4689675211170661	-1.7511085018162313e-09	0
6283185.307179586	1622.2722722722724	1	0.2060389846555799	-4.5880438782850016e-10	1
6283185.307179586	2352.7527527527527	3	-0.876274875155173	-1.173826613681599e-09	0
6283185.307179586	2867.5675675675675	2	-1.4828424175181465	5.262182715791012e-10	2
6283185.307179586	641.3413413413414	2	-1.2957010736481234	1.1168340326155605e-09	1
6283185.307179586	1824.0240240240241	1	-1.2687279153970445	4.2059947715596046e-10	2
6283185.307179586	1490.0900900900901	1	-0.038497140835211274	5.777291066481316e-10	0
6283185.307179586	2130.13013013013	4	0.9946146306704091	-4.455395362824974e-11	1
6283185.307179586	912.6626626626627	3	0.26343455090347256	9.90785241824752e-10	0
6283185.307179586	2178.828828828829	1	-0.49331319123809036	-9.402308023389541e-10	0
6283185.307179586	1183.983983983984	2	-1.2730142867751921	-1.1826205988465425e-09	1
6283185.307179586	1135.2852852852852	2	1.4661878446782457	-1.9159215209076623e-09	2
6283185.307179586	2958.008008008008	1	-0.1992125683244459	2.0921462845634914e-10	2
6283185.307179586	1357.9079079079079	1	0.8766976785570395	-1.3701881727958276e-09	0
6283185.307179586	3264.1141141141143	1	1.2066818360601452	-6.618029447770621e-10	1
6283185.307179586	321.3213213213213	4	-1.1978875001237173	-1.7005229261871985e-09	0
6283185.307179586	523.0730730730731	2	1.3519528206702924	1.2059048111600516e-09	1
6283185.307179586	2241.4414414414414	3	0.7390341295790108	-6.423909319483841e-10	0
6283185.307179586	1664.014014014014	2	-1.290258250199086	-1.5209348081051953e-09	2
6283185.307179586	1114.4144144144145	2	-0.9446120082890541	-7.865423084554379e-10	2
6283185.307179586	2276.226226226226	4	0.7322541352409111	-1.414464056275211e-09	0
6283185.307179586	1149.1991991991993	2	-1.490416280637849	2.933089121583719e-10	1
6283185.307179586	1810.11011011011	1	-1.4824047819109827	4.3708605449529253e-10	2
6283185.307179586	2519.7197197197197	1	-0.8318447535998849	1.6493380562771476e-11	1
6283185.307179586	683.0830830830831	3	0.08209898050198028	1.7398455844099328e-09	0
6283185.307179586	2311.011011011011	4	-0.5856336846435755	-1.3048104359017101e-09	0
6283185.307179586	1441.3913913913914	2	-0.7643990294932784	2.7842979711338593e-10	1
6283185.307179586	1580.5305305305305	2	1.0122625741088065	4.697669163283881e-10	2
6283185.307179586	1483.1331331331332	4	1.0798180674862063	-6.255279050985783e-10	2
6283185.307179586	2436.2362362362364	3	0.06827427942103381	1.6966645412894643e-09	0
6283185.307179586	1949.2492492492493	2	-0.8902560807808221	1.1663544315971943e-09	0
6283185.307179586	1010.0600600600601	2	0.10160068978003967	-1.4351259077709008e-09	0
6283185.307179586	1601.4014014014015	1	0.420901735072406	-6.441234427478531e-10	1
6283185.307179586	1942.2922922922924	2	1.5577528162001193	1.8771077373110246e-09	1
6283185.307179586	1886.6366366366367	2	-1.194794198557672	3.425310269815616e-10	1
6283185.307179586	2450.1501501501502	1	0.7775035524996312	1.5496339189342558e-09	0
6283185.307179586	710.910910910911	4	-0.39161101289926625	1.864363598716343e-09	0
6283185.307179586	1204.854854854855	1	-1.4561853291544038	1.8141616665429162e-09	1
6283185.307179586	1949.2492492492493	2	-0.6115808784744704	3.7789419555720623e-10	2
6283185.307179586	1246.5965965965966	1	-1.4808326720767275	-5.337276777102003e-10	1
6283185.307179586	2401.4514514514517	3	-1.3299402689766726	1.7453943560467917e-09	1
6283185.307179586	1225.7257257257259	4	-1.0474756209206206	9.747029834150859e-10	1
6283185.307179586	203.05305305305305	3	-1.0374383744144726	7.794447248016551e-10	1
6283185.307179586	2693.643643643644	2	-1.4307492232583345	-3.3713269208605835e-10	1
6283185.307179586	1469.2192192192192	4	-1.5347235180129395	1.9561351633230755e-09	2
6283185.307179586	599.5995995995996	4	0.537664167639488	1.859493512683779e-09	0
6283185.307179586	1281.3813813813815	4	-0.44761384937127535	-1.9313303660425706e-09	0
6283185.307179586	1204.854854854855	4	-1.2134638972900336	-1.3455081601563395e-09	1
6283185.307179586	2603.2032032032034	3	1.1164436831740638	1.981114327188195e-09	0
6283185.307179586	1058.7587587587586	4	-0.51028495250194	1.1163578746531113e-09	0
6283185.307179586	2575.3753753753754	1	1.421699654194318	-8.081680205513235e-10	2
6283185.307179586	1246.5965965965966	3	-1.2119058500316642	-1.7960672949716387e-09	0
6283185.307179586	2060.5605605605606	2	-0.6309606637515331	5.414657402340824e-10	0
6283185.307179586	1427.4774774774776	2	0.43555248921465184	1.4572581785675611e-09	0
6283185.307179586	1851.851851851852	3	-0.38935059409717665	-1.2028609816583097e-09	0
6283185.307179586	2756.256256256256	3	0.5645353003230031	4.409628775534666e-11	2
6283185.307179586	1670.970970970971	1	0.05841405791087295	1.4054511392309405e-09	0
6283185.307179586	1309.2092092092093	4	-0.14306584555812685	3.9156582420150233e-10	1
6283185.307179586	1622.2722722722724	4	0.7486533019679062	-5.744890828637224e-10	0
6283185.307179586	3250.2002002002005	1	-0.5893750311220346	-1.2994954883759592e-09	0
6283185.307179586	1100.5005005005005	3	-0.045681471652251116	-1.3162911863509193e-09	0
6283185.307179586	1698.7987987987988	3	0.740929953760574	-5.843366748754209e-10	1
6283185.307179586	2958.008008008008	2	1.1378548130946977	1.4453781999344857e-09	0
6283185.307179586	1747.4974974974975	3	-0.8478344590975664	-1.1052196309252454e-09	0
6283185.307179586	3152.802802802803	4	-0.7685643241549903	-1.7627650424886477e-09	0
6283185.307179586	2471.021021021021	3	-0.48015449003252675	1.5945653234429871e-09	0
6283185.307179586	2004.904904904905	1	-1.273589907729751	1.1674189431852396e-10	1
6283185.307179586	1093.5435435435436	1	-1.5389209831327895	3.1395782993083247e-10	1
6283185.307179586	648.2982982982983	1	-1.13374416506248	1.2469443099241399e-09	0
6283185.307179586	1149.1991991991993	3	0.7470803818465956	9.943925124640326e-10	0
6283185.307179586	2004.904904904905	1	-0.34993570860511425	-2.932386161915192e-10	1
6283185.307179586	1232.6826826826828	4	0.30445976790081963	-1.993823669821913e-09	0
6283185.307179586	2777.127127127127	4	0.6916427096665294	-1.3115078060699248e-09	0
6283185.307179586	1037.887887887888	2	0.7227752453142244	1.3636764507192605e-09	0
6283185.307179586	1218.7687687687687	2	0.017438961980362544	3.709194541983275e-10	2
6283185.307179586	1128.3283283283283	1	0.12911671686464365	-8.552843771094701e-10	0
6283185.307179586	1545.7457457457458	2	0.9175301728777212	5.192586473708165e-10	2
6283185.307179586	1615.3153153153153	4	0.5111038526042049	1.1077008866331282e-09	0
6283185.307179586	1295.2952952952953	3	1.1969239088410761	3.1513073830540255e-10	1
6283185.307179586	2178.828828828829	2	-0.1659562079248349	1.221143118482275e-09	0
6283185.307179586	1775.3253253253254	3	0.029893438618926016	1.3823609447699852e-09	0
6283185.307179586	1970.1201201201202	4	1.1352555342889046	1.2628456970608775e-09	0
6283185.307179586	1566.6166166166167	1	0.28876084518724165	-2.4999927022095837e-10	1
6283185.307179586	1977.077077077077	4	-0.9513725043010234	3.6658910139319073e-10	2
6283185.307179586	2679.72972972973	3	-0.9416064081566946	3.0763186137592863e-10	2
6283185.307179586	2311.011011011011	4	-0.3318276493673251	-1.5216518184958705e-09	0
6283185.307179586	432.63263263263264	3	0.5377634499374522	5.293976631001763e-10	1
6283185.307179586	3765.0150150150153	4	-0.6394945369270849	1.1300400783334551e-09	0
6283185.307179586	1378.7787787787788	1	0.6353919950092042	8.970629832881536e-10	0
6283185.307179586	2060.5605605605606	2	0.2828492347336913	-5.341009731389931e-10	0
6283185.307179586	550.900900900901	3	-1.0127450533870554	-1.0820955413424813e-09	1
6283185.307179586	1538.788788788789	2	-0.84207364950328	-9.211817398355131e-10	0
6283185.307179586	2804.954954954955	2	0.5005445549046801	-1.6188344358196432e-09	0
6283185.307179586	1538.788788788789	2	0.10367478309914069	-1.0304281341791426e-09	0
6283185.307179586	2797.997997997998	3	0.2528729188563261	-1.012618907127215e-09	0
6283185.307179586	1163.113113113113	3	0.5723076603170676	1.886195807316149e-09	0
6283185.307179586	1023.973973973974	4	1.3054048995995617	1.3523515360440712e-09	2
6283185.307179586	1121.3713713713714	1	1.425362395107773	2.3171750485769273e-10	2
6283185.307179586	2262.3123123123123	4	0.9942097401693815	-1.3255168879002754e-09	0
6283185.307179586	1232.6826826826828	2	-1.464703271969898	-4.885070329232987e-10	1
6283185.307179586	1086.5865865865867	1	-0.1011694676039252	-1.094168834900942e-09	0
6283185.307179586	2728.4284284284286	2	0.5626737999599203	1.899431492630519e-09	0
6283185.307179586	592.6426426426426	3	-0.6122870092140396	-5.111475845360941e-10	2
6283185.307179586	982.2322322322323	1	-0.3163343031660435	-5.186038925177976e-10	2
6283185.307179586	919.6196196196197	4	-1.2311520842847707	-9.50949141298116e-10	2
6283185.307179586	780.4804804804805	4	0.55333422809505	-3.437501836952604e-10	0
6283185.307179586	1580.5305305305305	1	-0.5991261496390047	-1.5797951152103737e-09	0
6283185.307179586	3681.5315315315315	3	-0.573337334341973	2.494220442254153e-10	2
6283185.307179586	1371.821821821822	1	0.8212049423531638	8.238497724218899e-10	0
6283185.307179586	1531.8318318318318	2	0.24259656074973046	-4.693370884288188e-10	2
6283185.307179586	1949.2492492492493	2	0.016620384718468717	1.152152807569687e-09	0
6283185.307179586	947.4474474474474	2	1.1356111997715006	5.993158532020913e-10	2
6283185.307179586	2164.914914914915	4	-0.813597463646433	9.149614164147519e-10	0
6283185.307179586	1441.3913913913914	3	-0.2292552643978223	5.53717894717083e-10	1
6283185.307179586	1378.7787787787788	1	-1.450821240734252	-1.1003260125376812e-09	1
6283185.307179586	1170.0700700700702	3	-0.06928474202834511	-8.027288748962166e-10	0
6283185.307179586	2185.7857857857857	3	1.3861170956492805	4.3259895167879657e-10	1
6283185.307179586	1587.4874874874874	2	0.47870660597575965	1.0041004782782599e-09	0
6283185.307179586	1288.3383383383384	4	-0.8769805227127375	1.2150681578448625e-09	0
6283185.307179586	4050.2502502502502	1	1.2849740603955837	-1.7253610128161576e-09	0
6283185.307179586	1636.1861861861862	3	0.7174635444026145	-1.95888904123413e-09	0
6283185.307179586	1441.3913913913914	4	-0.7087408804196632	-4.162204461114177e-10	1
6283185.307179586	2137.087087087087	2	-1.4184418113934705	7.429191932481878e-10	1
6283185.307179586	919.6196196196197	3	-0.2828266772606973	-4.035619841012946e-10	1
6283185.307179586	683.0830830830831	2	1.4751521414907902	-1.5369499807600008e-09	1
6283185.307179586	1218.7687687687687	4	-1.5531866383221393	-1.9646672970258055e-09	2
6283185.307179586	2387.5375375375374	2	-0.40284233231379085	-5.806208415052018e-10	0
6283185.307179586	1545.7457457457458	1	-0.873421746262443	5.189903231122003e-10	2
6283185.307179586	1163.113113113113	4	-0.46136678962725	7.875884951364585e-10	1
6283185.307179586	2199.6996996997	1	-0.6661895383954279	-1.4199259877686164e-09	0
6283185.307179586	1747.4974974974975	3	-1.4341516242301033	-4.354092828107797e-10	2
6283185.307179586	1343.993993993994	3	1.2647498447086551	-1.3034249693819394e-09	2
6283185.307179586	2644.944944944945	1	-0.2518447015612002	3.956327359562279e-10	0
6283185.307179586	1399.6496496496497	2	-0.5630207837578987	-1.357113010203228e-09	0
6283185.307179586	1963.1631631631633	3	1.3276074284177692	-1.5863354568721918e-09	2
6283185.307179586	2011.8618618618618	1	1.4963357633361722	1.2622712372290092e-09	2
6283185.307179586	1190.940940940941	2	-1.1074609064341217	-6.390680835681574e-10	2
6283185.307179586	1872.7227227227227	3	0.21962654198566156	5.606104899524463e-10	0
6283185.307179586	2213.613613613614	1	-0.5217802036240822	2.909433256115194e-10	2
6283185.307179586	1879.6796796796798	2	-0.7745365635176163	-1.152306933025511e-09	0
6283185.307179586	1462.2622622622623	1	-0.8077793722499302	-1.8274977469440975e-09	0
6283185.307179586	3208.4584584584586	2	1.497889110405278	-6.69711283216301e-10	2
6283185.307179586	446.54654654654655	2	-0.6954247888789631	-2.517219443823086e-10	2
6283185.307179586	2053.603603603604	2	-0.9713171399675776	1.535949898184378e-09	0
6283185.307179586	3855.4554554554556	2	-1.5337641923321708	-6.309955035485922e-10	1
6283185.307179586	1517.917917917918	2	-0.5357581972764123	-1.989251132864972e-09	0
6283185.307179586	2297.097097097097	2	-0.5703652367701446	6.635180434100584e-11	1
6283185.307179586	989.1891891891892	3	1.1066632573266464	1.1674745268442473e-09	2
6283185.307179586	1837.937937937938	2	-0.5375824749208744	-8.125657118600791e-10	0
6283185.307179586	1629.2292292292293	4	1.1138348105188793	-3.5655058650870464e-10	2
6283185.307179586	1149.1991991991993	1	-0.8837732278631317	1.2995482196888995e-09	0
6283185.307179586	3354.5545545545547	2	-0.6991453353460217	-1.6157438475826087e-09	0
6283185.307179586	1114.4144144144145	3	1.5093036623493368	-7.532554058827511e-11	2
6283185.307179586	1260.5105105105106	4	0.5659696358395037	-4.051695541071112e-10	2
6283185.307179586	836.1361361361362	1	-1.222812994832558	-1.9082973493671143e-09	2
6283185.307179586	1093.5435435435436	3	-0.16153335036359495	-1.2921755093445256e-09	0
6283185.307179586	745.6956956956957	2	0.3770779143762748	-1.3096805665090257e-09	0
6283185.307179586	1434.4344344344345	4	1.0380899351405635	-8.039857079968363e-10	1
6283185.307179586	1573.5735735735736	2	-0.630360626012183	4.94130354043181e-10	2
6283185.307179586	3403.253253253253	2	-0.2563388916456928	-1.876756146642808e-11	1
6283185.307179586	2665.8158158158158	2	-1.133537017527229	-1.373153607482262e-09	0
6283185.307179586	3264.1141141141143	2	-0.1315778286824858	-1.6114939916971686e-11	2
6283185.307179586	1183.983983983984	3	0.1651879671615153	-3.3944724549962757e-10	2
6283185.307179586	1684.884884884885	2	0.6583947695296697	1.4602725749976934e-09	0
6283185.307179586	1065.7157157157158	4	1.042553879096579	-1.8270723671306813e-09	0
6283185.307179586	1434.4344344344345	3	-0.7993149597542385	4.2172158186928764e-10	2
6283185.307179586	3027.577577577578	4	-1.41692364044297	-3.073244352983315e-10	2
6283185.307179586	1587.4874874874874	2	0.8408977513941176	-1.8102959643021852e-09	0
6283185.307179586	1698.7987987987988	2	0.4814894849266489	1.137028342651031e-09	0
6283185.307179586	905.7057057057058	3	-0.9948607042184835	1.2406774067629806e-09	0
6283185.307179586	592.6426426426426	4	-1.5409652412222608	-1.7158803956033634e-09	2
6283185.307179586	1928.3783783783783	1	0.7192237798214784	6.194096349554937e-10	0
6283185.307179586	2951.051051051051	3	-1.2885550885055324	-5.095231538905641e-10	1
6283185.307179586	3605.005005005005	1	0.6556537177163326	-8.951779946657333e-10	0
6283185.307179586	3618.918918918919	2	-0.3546733604986947	9.157652405167372e-10	0
6283185.307179586	1343.993993993994	3	-0.9815667593621358	3.341891438785299e-10	2
6283185.307179586	2784.084084084084	2	-0.09311734383365544	5.78985557152618e-10	0
6283185.307179586	2665.8158158158158	3	1.3240933947200673	1.8486421095305866e-09	0
6283185.307179586	2283.1831831831832	4	0.09748561333020533	-1.2182609590704682e-09	0
6283185.307179586	1963.1631631631633	3	0.7851859533614562	1.4943486852430763e-09	0
6283185.307179586	530.03003003003	2	-0.41235173515850754	6.339977577347184e-10	0
6283185.307179586	1413.5635635635635	4	1.2055150044517964	-1.1052164481905595e-09	2
6283185.307179586	3535.4354354354355	3	0.49485950357480846	-1.6709133702397714e-09	0
6283185.307179586	1865.7657657657658	1	1.2341366503297744	-1.3688512616714505e-09	1
6283185.307179586	982.2322322322323	1	1.5254391982844306	-1.9026237076284285e-10	2
6283185.307179586	2157.957957957958	2	0.4069591177954752	4.35923223174125e-10	1
6283185.307179586	898.7487487487488	2	-0.5958216888873864	-7.356557307446079e-10	1
6283185.307179586	1956.2062062062062	1	0.7949831398121621	-1.8196795328076136e-09	0
6283185.307179586	1545.7457457457458	1	0.6311651151793414	-6.296927432454542e-11	2
6283185.307179586	2415.3653653653655	4	-0.47095582709383566	1.5597259583476233e-09	0
6283185.307179586	2004.904904904905	3	0.4263816762949957	8.343892662331728e-10	0
6283185.307179586	1246.5965965965966	4	-0.2589218568459857	-4.041401743055774e-10	0
6283185.307179586	1545.7457457457458	2	0.16132639907926638	-4.2536703223781385e-10	2
6283185.307179586	2735.3853853853852	2	-0.8843442224780333	1.069867573540052e-09	0
6283185.307179586	286.5365365365366	2	-0.40482558607883523	4.0019401274267647e-10	0
6283185.307179586	3354.5545545545547	4	-0.2391524317369862	1.8068949902576654e-09	0
6283185.307179586	975.2752752752752	4	-0.6723668118131201	-1.9987523997686937e-09	0
6283185.307179586	2624.0740740740744	2	0.854273163361325	-8.251945352068361e-10	0
6283185.307179586	1970.1201201201202	2	-0.4445030718609364	1.4542326382695349e-09	0
6283185.307179586	1524.8748748748749	4	0.45916491203332566	-1.5098994078742897e-09	0
6283185.307179586	1858.8088088088089	2	0.6175499800248958	6.357461089662412e-10	0
6283185.307179586	1497.047047047047	1	-0.6568539551615634	2.050867344214982e-10	2
6283185.307179586	2491.891891891892	3	-1.0969516253547495	-3.620688603515481e-11	2
6283185.307179586	495.24524524524526	2	1.1768056165328993	6.258434387983179e-10	1
6283185.307179586	2039.6896896896897	3	-0.8624341290059703	-1.9963116381446934e-09	0
6283185.307179586	2610.16016016016	4	0.9627863187900827	1.0958472171807788e-09	0
6283185.307179586	1010.0600600600601	2	0.5301705378711485	3.660209156976842e-11	1
6283185.307179586	1371.821821821822	4	0.04115040044128304	-8.721459041921591e-10	0
6283185.307179586	1177.027027027027	3	0.14333065409161017	1.9585538464616845e-09	0
6283185.307179586	1017.017017017017	4	1.5025794168550397	-1.451030182193447e-09	1
6283185.307179586	2992.792792792793	3	0.2602064162606945	4.758800197917977e-10	0
6283185.307179586	1719.6696696696697	2	1.1961104530619617	-1.3370906806596957e-09	0
6283185.307179586	1399.6496496496497	2	-1.1427670861957353	-1.095260898185469e-09	2
6283185.307179586	2116.2162162162163	3	1.2951371362306188	-1.5777059842670933e-09	1
6283185.307179586	1343.993993993994	2	0.5160052076830994	2.8069226939239424e-10	1
6283185.307179586	975.2752752752752	2	0.22481702741915743	1.139782283894898e-09	0
6283185.307179586	432.63263263263264	3	-1.1091466568790527	6.002980926551597e-10	2
6283185.307179586	996.1461461461462	4	1.5612260470257202	-9.483480603456014e-12	1
6283185.307179586	815.2652652652653	3	-0.654898929980582	-1.2824785915221166e-10	2
6283185.307179586	1343.993993993994	1	1.222882621392423	9.44286758467456e-10	1
6283185.307179586	2686.6866866866867	2	-0.015819302143397884	-1.364756344229599e-09	0
6283185.307179586	1886.6366366366367	4	-0.13493639989574824	-2.1238754650694508e-10	2
6283185.307179586	1997.947947947948	2	-1.4616667286317098	7.240281866942699e-10	2
6283185.307179586	1990.9909909909911	2	-0.778149374014058	-5.450646214244769e-10	1
6283185.307179586	2248.3983983983985	3	0.8756108988460047	6.829961732922615e-10	1
6283185.307179586	2053.603603603604	1	-0.6063833255241516	-3.461386657843928e-10	1
6283185.307179586	1239.6396396396397	2	-0.457738557647152	1.6754681181254384e-09	0
6283185.307179586	1197.897897897898	1	1.5326033975195377	1.0583406762923416e-10	2
6283185.307179586	3424.124124124124	4	1.3685788391179092	-2.0592081709207383e-10	2
6283185.307179586	1796.1961961961963	2	1.2007919622309107	6.868909153683505e-10	1
6283185.307179586	933.5335335335336	1	0.8282611356481744	-1.1314899893507144e-09	2
6283185.307179586	1566.6166166166167	4	-0.6245653154688765	-1.5063346065800596e-09	0
6283185.307179586	1782.2822822822823	4	-0.9520225477979467	9.261625715682994e-10	0
6283185.307179586	1990.9909909909911	2	-0.45453242725272913	-1.2040055785649426e-09	0
6283185.307179586	1810.11011011011	1	0.9356383593128541	1.029543684870193e-09	0
6283185.307179586	2693.643643643644	2	0.15845214218924997	1.8176410265866745e-09	0
6283185.307179586	2359.70970970971	3	0.4541461231766051	1.670246184481005e-09	0
6283185.307179586	676.1261261261261	3	0.4616574846029615	1.8470411710554683e-09	0
6283185.307179586	1371.821821821822	4	-0.9065454454960991	1.50962952628073e-09	0
6283185.307179586	1664.014014014014	3	0.4013385033578998	-2.655100354597378e-10	1
6283185.307179586	1865.7657657657658	3	-0.5807595728599246	-1.3016343884116007e-09	0
6283185.307179586	3124.974974974975	3	1.4937516740393364	1.2727549498993963e-09	2
6283185.307179586	2735.3853853853852	2	-0.6782845271921766	-9.54715857780184e-10	0
6283185.307179586	2373.6236236236236	3	-1.442192445378102	-9.32527010777684e-10	2
6283185.307179586	870.9209209209209	3	-1.0255356495252341	-5.864636795816273e-11	2
6283185.307179586	3215.4154154154153	4	-1.196574551892485	-3.4969264091204483e-10	2
6283185.307179586	1810.11011011011	1	-1.502145342443134	-1.0502336892703751e-09	2
6283185.307179586	2471.021021021021	4	-0.6710643277085419	7.070144561991167e-10	0
6283185.307179586	2304.054054054054	1	-0.9258828502150197	-1.6603532647652622e-10	1
6283185.307179586	3396.2962962962965	1	-0.4916963287360745	1.2481171677006145e-09	0
6283185.307179586	2311.011011011011	3	0.5834169287879463	-4.443934491820977e-10	1
6283185.307179586	1949.2492492492493	2	0.5678367251372931	1.1308606167541204e-09	0
6283185.307179586	1566.6166166166167	4	-0.23409196195219395	-6.02558165414616e-10	0
6283185.307179586	2394.4944944944946	3	1.4228763365013584	1.7768727554626531e-09	2
6283185.307179586	3138.888888888889	2	0.3988780720676368	1.6303544621724628e-09	0
6283185.307179586	1990.9909909909911	3	-1.3833057929573016	5.075110945264871e-10	2
6283185.307179586	1879.6796796796798	4	-0.9248001445828077	1.2789802978334053e-09	0
6283185.307179586	912.6626626626627	4	-0.5122338143772731	1.3001649847055625e-09	0
6283185.307179586	2777.127127127127	1	0.12827313083438607	2.097914723443532e-10	1
6283185.307179586	1239.6396396396397	2	1.1334848243296602	1.2540611609309321e-09	0
6283185.307179586	1274.4244244244244	3	-1.3292567210430233	-1.1049010036004888e-09	1
6283185.307179586	1865.7657657657658	4	-1.3019678248122621	-3.108714170965908e-10	1
6283185.307179586	2784.084084084084	1	-1.5576859663414058	-1.1503638218131644e-09	2
6283185.307179586	891.7917917917919	2	-0.8615805775692157	1.6248084683579058e-09	0
6283185.307179586	2213.613613613614	2	0.292884885356717	-1.8260086231787792e-09	0
6283185.307179586	3848.4984984984985	1	-0.7880951067172645	-5.222797293856015e-10	1
6283185.307179586	3472.822822822823	3	1.5128641158634877	1.3619751131009068e-09	1
6283185.307179586	2262.3123123123123	2	-1.3034380669278391	-1.4426489887055883e-09	1
6283185.307179586	1615.3153153153153	4	-0.6918016211537934	-1.9538387966275768e-09	0
6283185.307179586	1357.9079079079079	4	0.2957200582095343	7.54666631123365e-11	2
6283185.307179586	1504.004004004004	2	-1.2320598628958803	1.434365128443023e-09	1
6283185.307179586	968.3183183183183	1	1.5049491358018585	-8.796033826582238e-10	2
6283185.307179586	1817.0670670670672	4	-1.2074562830321076	-9.828408791245646e-10	1
6283185.307179586	1615.3153153153153	4	0.3561780437909736	-1.0437375345931872e-09	0
6283185.307179586	1865.7657657657658	1	-0.44003648679348517	1.8715713891411356e-09	0
6283185.307179586	1872.7227227227227	2	-1.0730844515784588	-9.990795752076363e-10	1
6283185.307179586	1935.3353353353355	1	-0.9747225024394616	-1.3229107528572106e-09	0
6283185.307179586	1949.2492492492493	1	0.9303204224498773	-7.895452075863482e-10	1
6283185.307179586	1295.2952952952953	4	-0.13610325322495043	-7.755355428090468e-10	0
6283185.307179586	1559.6596596596596	3	0.7134647976937472	-7.911239411627126e-10	0
6283185.307179586	1691.8418418418419	1	1.4279509697887036	1.1197707663445032e-10	1
6283185.307179586	1128.3283283283283	3	-0.5541288069374215	-7.073505115664198e-10	0
6283185.307179586	599.5995995995996	2	0.5212133761183697	1.4661243059832592e-09	0
6283185.307179586	1044.8448448448448	1	1.484669535795164	-1.3293879436272548e-09	2
6283185.307179586	1190.940940940941	2	0.4008538752660489	4.1411906628095503e-10	2
6283185.307179586	1497.047047047047	4	-0.2609797111873178	-1.9104417687853743e-09	0
6283185.307179586	1830.980980980981	2	-0.5758284959068614	1.1177790988860536e-09	0
6283185.307179586	863.963963963964	4	-0.664295074171405	7.469942124671705e-10	1
6283185.307179586	1956.2062062062062	3	0.04885186658846896	-1.6009448481378483e-09	0
6283185.307179586	3159.75975975976	4	1.2058795501916766	1.6822180792133489e-09	0
6283185.307179586	2116.2162162162163	1	-1.3972971098510236	1.2439643734948647e-09	2
6283185.307179586	530.03003003003	3	1.0941690522181275	3.5758796422066903e-10	2
6283185.307179586	237.83783783783784	3	1.2589084520648082	1.9149733910498664e-09	1
6283185.307179586	1928.3783783783783	1	-0.21798086670244254	-1.8281605835218837e-09	0
6283185.307179586	2575.3753753753754	4	-1.41001952812314	1.3332395697236656e-09	2
6283185.307179586	1211.8118118118118	4	0.5830485639908987	-1.0507265259771287e-09	0
6283185.307179586	1107.4574574574574	2	0.5019671543745958	7.569027763850087e-11	1
6283185.307179586	891.7917917917919	4	1.0726766116603215	-1.262986105817996e-09	0
6283185.307179586	1274.4244244244244	2	-1.399375192690631	-1.478266700964583e-09	2
6283185.307179586	1907.5075075075076	1	-1.434177246468626	1.8161148474872207e-09	2
6283185.307179586	1218.7687687687687	4	-1.4506050185811146	1.4812777986219686e-09	2
6283185.307179586	216.96696696696696	3	-0.0545298274370456	-1.5061535937612964e-09	0
6283185.307179586	1030.930930930931	2	0.16618245750082505	4.28327641413682e-10	2
6283185.307179586	3785.885885885886	4	-0.4425803400955648	4.476803446913161e-10	0
6283185.307179586	933.5335335335336	4	0.17589093179995108	1.3697985720516548e-09	0
6283185.307179586	1462.2622622622623	2	-0.46506335578050373	1.3449561064505123e-09	0
6283185.307179586	2304.054054054054	4	0.2887675981664717	-1.771992123994464e-10	2
6283185.307179586	1622.2722722722724	4	-0.12658187685819988	-1.857205399073943e-09	0
6283185.307179586	926.5765765765766	3	-1.3952511890176997	3.487822102858937e-10	1
6283185.307179586	1956.2062062062062	4	0.4781104656018753	-1.2367632727076732e-10	2
6283185.307179586	766.5665665665666	4	1.4650471700791434	-1.9695221525722185e-09	1
6283185.307179586	1114.4144144144145	1	0.8833357170565423	-6.95204847606374e-10	1
6283185.307179586	1997.947947947948	4	-1.0437865833534221	-1.6324115834677026e-09	0
6283185.307179586	1747.4974974974975	4	0.5103522334387818	-2.5640482788830703e-10	2
6283185.307179586	2380.5805805805808	1	0.028232669028506407	1.0070612615554824e-09	0
6283185.307179586	3118.018018018018	2	-0.833516739281411	1.6677033297526582e-09	0
6283185.307179586	1170.0700700700702	4	-0.34435388846399184	-6.305758031599615e-10	0
6283185.307179586	1246.5965965965966	3	0.5108549047013287	-7.341831090184336e-10	0
6283185.307179586	1065.7157157157158	1	-1.0863937142308575	8.086436633094801e-10	2
6283185.307179586	2561.4614614614616	1	0.8367591914511414	-5.806376445741132e-10	1
6283185.307179586	1232.6826826826828	2	-1.3355753846090086	-1.219895275328425e-09	1
6283185.307179586	1622.2722722722724	2	0.5771574757545461	-1.0017618586068499e-09	0
6283185.307179586	2004.904904904905	3	0.9441528134866579	8.147796172047217e-10	0
6283185.307179586	2116.2162162162163	3	1.263681352824225	5.380177702092436e-10	2
6283185.307179586	1810.11011011011	4	0.2908564791029993	-1.396132175890744e-09	0
6283185.307179586	1427.4774774774776	1	-0.6682563507547689	-1.5272699580544584e-09	0
6283185.307179586	1684.884884884885	1	1.2805014868063478	-1.940701516369655e-09	0
6283185.307179586	773.5235235235235	2	-0.9476982765627502	5.544502062256086e-10	1
6283185.307179586	905.7057057057058	3	0.26804358079354484	1.8235170973435804e-09	0
6283185.307179586	829.1791791791792	4	-1.3780888911825997	-1.8769840325596114e-09	2
6283185.307179586	2526.676676676677	4	1.0515732784757033	6.847777603794697e-10	2
6283185.307179586	2457.1071071071074	4	0.781791762096927	-1.411343186457641e-09	0
6283185.307179586	1510.960960960961	2	-0.1390532238379154	-3.2460828286214415e-11	1
6283185.307179586	2269.2692692692694	2	-0.40057061083285284	-4.4567057388740356e-10	1
6283185.307179586	2018.818818818819	1	-1.0782905385901835	4.6544324583116626e-10	2
6283185.307179586	1399.6496496496497	1	1.490725873009978	5.846202935525536e-10	2
6283185.307179586	550.900900900901	4	1.2980682072186007	-1.3499934938902762e-09	2
6283185.307179586	2095.3453453453453	3	-0.590265258597573	-1.6897634116522023e-09	0
6283185.307179586	1984.034034034034	2	1.227489731918387	3.711875390356278e-10	2
6283185.307179586	2144.0440440440443	4	-0.4679211898623157	8.43349871663428e-10	0
6283185.307179586	1441.3913913913914	2	0.0057907146638547236	-6.607500373773172e-11	1
6283185.307179586	4203.303303303303	2	-1.4308660982332344	9.062819517026488e-10	2
6283185.307179586	1712.7127127127128	1	0.4567146191697131	1.3897875035180426e-09	0
6283185.307179586	2867.5675675675675	2	-0.5897828960583442	-1.4093279807542301e-09	0
6283185.307179586	2081.4314314314315	1	-0.9277430396257802	1.6637459157024123e-09	0
6283185.307179586	1531.8318318318318	1	-1.0262586696729714	1.1071784633807451e-09	0
6283185.307179586	1990.9909909909911	2	1.2505616203650836	1.930096666134303e-09	0
6283185.307179586	829.1791791791792	4	0.8628888922726863	-1.783401839421841e-09	0
6283185.307179586	2631.031031031031	3	-0.17908501659897746	1.7746355014571682e-09	0
6283185.307179586	2582.3323323323325	3	-0.9096484060575583	1.1474871074547957e-09	0
6283185.307179586	1427.4774774774776	4	-0.9663511682611519	-6.650943823447118e-10	1
6283185.307179586	1615.3153153153153	1	-0.38140177195435165	1.8020768443354468e-09	0
6283185.307179586	1017.017017017017	2	0.24372662495355724	-4.4503393143683174e-10	1
6283185.307179586	2484.934934934935	1	1.0941389606303642	-5.856427143078889e-10	2
6283185.307179586	2429.2792792792793	4	-0.27374513351495966	-1.8062332317748845e-09	0
6283185.307179586	877.877877877878	4	-0.2023108635000701	1.0077988368046282e-10	2
6283185.307179586	1566.6166166166167	2	-0.12485739303324794	-6.529593393108377e-10	0
6283185.307179586	683.0830830830831	3	0.7951737620551742	1.6030171980044057e-09	0
6283185.307179586	1587.4874874874874	1	1.279675317281844	-8.419022659512025e-10	2
6283185.307179586	1684.884884884885	2	-1.228768033697578	-8.864626767635891e-10	1
6283185.307179586	2596.2462462462463	2	-0.23504654884080245	1.230559111395471e-09	0
6283185.307179586	2137.087087087087	3	-1.2122092390697496	2.8865556369240375e-10	1
6283185.307179586	2255.3553553553556	1	0.7215044585391057	1.9274142744268914e-09	0
6283185.307179586	3514.5645645645645	4	-0.4405131315425892	1.027723539920588e-09	0
6283185.307179586	2617.1171171171172	2	-0.5895655862358248	3.232774016535594e-10	2
6283185.307179586	3799.7997997998	3	0.030477172184695478	4.407633785236888e-10	0
6283185.307179586	1984.034034034034	1	-0.044894313154007826	-6.190947927624441e-10	0
6283185.307179586	1796.1961961961963	3	-0.13236836310093159	-1.5201785091583307e-09	0
6283185.307179586	2728.4284284284286	3	0.15697391367304592	-1.7283078514837676e-09	0
6283185.307179586	2846.6966966966966	1	-0.5127744033319495	3.270762041965901e-10	2
6283185.307179586	2477.977977977978	4	-1.2556152120870212	1.9578440517742275e-09	0
6283185.307179586	2123.1731731731734	3	0.46156209565390105	1.234834202055735e-09	0
6283185.307179586	1455.3053053053054	1	-0.1085937750682111	-1.82172272463793e-09	0
6283185.307179586	328.27827827827826	1	-1.4681683082469164	-1.107470151728117e-09	1
6283185.307179586	1858.8088088088089	2	-1.333846112730436	-1.4527710735999034e-09	1
6283185.307179586	1844.8948948948948	4	0.09149862231231176	1.5294599944470904e-10	1
6283185.307179586	3145.845845845846	1	0.13132696035497204	-7.494467450418946e-10	0
6283185.307179586	2046.6466466466468	1	-1.2680140202641434	6.67918544777368e-10	1
6283185.307179586	1448.3483483483483	3	0.46178347587853796	-1.0105594917084546e-09	0
6283185.307179586	1691.8418418418419	4	0.7862907579878069	1.1922371244137448e-09	0
6283185.307179586	884.8348348348349	2	1.444403482460293	-4.5388436222483344e-11	1
6283185.307179586	836.1361361361362	4	-0.4394496871483473	1.8139553721670077e-09	0
6283185.307179586	996.1461461461462	3	-0.41468042550572415	-1.6380907659838e-09	0
6283185.307179586	2804.954954954955	4	-1.5503674338490847	-9.755519066638466e-11	2
6283185.307179586	1872.7227227227227	2	-0.3978691188980654	1.7461828132003735e-09	0
6283185.307179586	843.0930930930931	4	-0.8304648936880805	4.3526981978084047e-10	2
6283185.307179586	1462.2622622622623	1	-1.1548191092370812	-1.5068956809961068e-09	0
6283185.307179586	1406.6066066066066	2	-1.0130842036936354	1.5952965672242866e-09	0
6283185.307179586	2032.7327327327328	3	1.3957422185837371	5.917766764419693e-10	2
6283185.307179586	731.7817817817818	2	0.4581373277531826	7.96143595034063e-10	0
6283185.307179586	1545.7457457457458	3	-1.4166610435991058	-1.731179666988751e-09	2
6283185.307179586	3138.888888888889	4	0.848618489091876	-1.0969632872908097e-11	1
6283185.307179586	1747.4974974974975	3	0.7299093093068674	1.915762585743334e-09	0
6283185.307179586	1719.6696696696697	1	1.3595390752547694	1.3138263155113937e-10	2
6283185.307179586	3549.3493493493493	3	-0.16735926700477655	1.4277440060653783e-09	0
6283185.307179586	2457.1071071071074	3	1.0460112327945654	1.4809525354145566e-09	0
6283185.307179586	1295.2952952952953	4	-0.06720370500977135	1.403581869307848e-09	0
6283185.307179586	2304.054054054054	4	-0.5116907317042929	8.663805022772822e-10	0
6283185.307179586	3222.3723723723724	3	1.3089499346293105	1.8098716213526097e-09	0
6283185.307179586	3229.3293293293295	3	1.2047684418284064	-1.9964021437979504e-09	0
6283185.307179586	1824.0240240240241	1	1.1886852595906685	-4.343985876131017e-10	2
6283185.307179586	926.5765765765766	4	-0.1953788839117332	-1.4252283539283266e-09	0
6283185.307179586	1023.973973973974	3	1.286774989940155	-2.1266010709044414e-10	1
6283185.307179586	1218.7687687687687	1	0.35972124173539943	1.3857946287635993e-10	2
6283185.307179586	2199.6996996997	2	0.7083406943216013	1.1413917402615936e-10	2
6283185.307179586	1197.897897897898	4	-0.443601335799531	-1.8006983026490621e-09	0
6283185.307179586	1587.4874874874874	3	-0.7873386623285007	5.631893790294484e-10	1
6283185.307179586	1963.1631631631633	4	-0.683389204515431	-6.832287138718664e-10	0
6283185.307179586	2547.5475475475478	2	0.39256822400629865	1.3782095242240138e-09	0
6283185.307179586	3674.574574574575	2	-0.549981341351107	-2.5177992756542944e-10	2
6283185.307179586	1288.3383383383384	2	-1.1193656140891528	7.182557471290313e-10	2
6283185.307179586	1100.5005005005005	3	0.1878282031584484	2.4001721210736415e-10	1
6283185.307179586	1977.077077077077	1	1.3050491008339873	8.875945386310655e-10	2
6283185.307179586	1177.027027027027	3	0.7224245391987227	1.7445528252236504e-09	0
6283185.307179586	1399.6496496496497	1	0.9583895301948919	7.25224165456449e-10	1
6283185.307179586	1476.176176176176	1	1.37121860133497	1.6664632336732913e-09	2
6283185.307179586	1824.0240240240241	2	0.02635498644316514	-5.682419367595392e-10	0
6283185.307179586	1914.4644644644645	2	-1.5079182152266704	-1.0355970005765266e-09	2
6283185.307179586	2366.6666666666665	2	-0.6864335734171295	-8.08104442860182e-10	0
6283185.307179586	1538.788788788789	2	-0.0942556488567472	-8.789880152680231e-10	0
6283185.307179586	1406.6066066066066	4	0.37148830348265527	1.9196375166587275e-09	0
6283185.307179586	1643.143143143143	1	-0.6536512266557396	1.1685414709105409e-09	0
6283185.307179586	2589.289289289289	4	1.059006124854605	-8.675008920971208e-10	0
6283185.307179586	2039.6896896896897	1	0.828709258127232	-5.147304404748776e-10	2
6283185.307179586	1879.6796796796798	2	-1.45660773036958	-1.0196496235456882e-09	2
6283185.307179586	2060.5605605605606	2	1.2268046174303904	1.6341866973001246e-09	0
6283185.307179586	1100.5005005005005	1	-0.4016856304893459	5.50065511397094e-10	0
6283185.307179586	1239.6396396396397	2	-0.8204418521970028	1.3361617548768507e-09	0
6283185.307179586	877.877877877878	2	0.08207283687394407	1.2525972362724914e-09	0
6283185.307179586	571.7717717717718	3	-0.016756657392204888	9.636064172505893e-11	1
6283185.307179586	2137.087087087087	1	-0.9188425270679356	-1.9593140880815417e-09	0
6283185.307179586	961.3613613613613	2	0.8364123818810429	-6.098264658100857e-10	1
6283185.307179586	3222.3723723723724	3	1.0814922223221841	-1.2703390468393144e-10	2
6283185.307179586	481.33133133133134	3	-0.42780774071938565	-3.9837957673225237e-10	2
6283185.307179586	1587.4874874874874	4	-1.5453046021721684	1.0122965150552807e-09	1
6283185.307179586	857.007007007007	3	-0.35768554970558664	5.770828181477432e-10	2
6283185.307179586	620.4704704704704	4	1.5276866948166936	-1.6512411904385843e-09	2
6283185.307179586	2053.603603603604	2	1.409885356416329	-1.22365388651951e-10	2
6283185.307179586	2102.3023023023025	3	0.303350916370686	-1.4493272020889242e-10	1
6283185.307179586	2568.4184184184187	1	-0.16922153728846911	4.549506092261874e-10	0
6283185.307179586	1100.5005005005005	1	-0.21047375032248183	1.5239218051905248e-09	0
6283185.307179586	1740.5405405405406	2	0.6198253481239937	-1.5682376589256562e-09	0
6283185.307179586	509.1591591591592	2	-1.4573766385009872	1.1366093441273507e-09	1
6283185.307179586	1768.3683683683685	4	-0.7331993595977179	1.311433450499075e-09	0
6283185.307179586	989.1891891891892	1	1.0557482665648612	-4.303254185736517e-10	2
6283185.307179586	2443.193193193193	2	0.7000641102166423	3.337850559832803e-10	2
6283185.307179586	495.24524524524526	3	1.2907894628226928	9.640855904199064e-10	2
6283185.307179586	1872.7227227227227	3	1.1300764298487955	1.40383876018797e-09	0
6283185.307179586	2171.871871871872	2	1.2934144402642178	-1.5175895357490452e-09	1
6283185.307179586	2547.5475475475478	1	-0.9219231579933275	-9.013561030863412e-10	0
6283185.307179586	1385.7357357357357	1	-0.5254937068512833	1.2763194521794958e-09	0
6283185.307179586	2985.835835835836	3	-0.6045744419508421	5.251523334542362e-10	0
6283185.307179586	1288.3383383383384	3	-0.8437356798581845	-6.339405910971729e-10	2
6283185.307179586	2102.3023023023025	3	-1.1627148061805672	4.568816690978036e-10	1
6283185.307179586	1441.3913913913914	3	-0.642871046739879	-1.3031048403121544e-09	0
6283185.307179586	745.6956956956957	4	-1.0795548476971648	-3.632340152605319e-10	2
6283185.307179586	1385.7357357357357	2	-1.3959203738494492	1.540070345617242e-09	2
6283185.307179586	2951.051051051051	2	1.510516532015859	4.002198145382411e-10	1
6283185.307179586	996.1461461461462	1	0.36772908367231083	-1.3880449491006043e-09	0
6283185.307179586	2742.3423423423424	2	1.3746556983005642	-3.919323348100612e-10	1
6283185.307179586	1538.788788788789	3	0.2330186212203902	3.813063837158324e-10	2
6283185.307179586	2046.6466466466468	2	1.0581603545833822	1.656587592002771e-10	1
6283185.307179586	2290.1401401401404	1	-0.15940967775221915	-4.421622464626084e-10	1
6283185.307179586	460.46046046046047	1	-1.2633475669568766	-1.882558261879869e-09	2
6283185.307179586	3312.812812812813	2	0.8734410445791951	-1.6201440959861204e-09	0
6283185.307179586	1378.7787787787788	1	-0.5481631523194672	-6.981209118361435e-10	1
6283185.307179586	1664.014014014014	2	1.4986564095842376	-4.5855106850477286e-10	2
6283185.307179586	2373.6236236236236	2	-0.2535306549758243	1.0108930944413601e-10	1
6283185.307179586	1942.2922922922924	1	-0.20094992391792132	-1.53894027997973e-09	0
6283185.307179586	1476.176176176176	4	1.350428568074328	-4.899752983766241e-10	1
6283185.307179586	1872.7227227227227	2	-0.6654752532802176	-1.5646489851349898e-09	0
6283185.307179586	683.0830830830831	2	0.7908686090999821	-1.42982450399798e-09	0
6283185.307179586	2484.934934934935	3	-0.6307514559644902	-2.672038322162412e-10	2
6283185.307179586	1392.6926926926926	1	0.4965424954182738	3.4706100388390967e-10	1
6283185.307179586	2255.3553553553556	2	-0.770968189513635	1.59117917526267e-09	0
6283185.307179586	2672.772772772773	1	-0.3872351489901129	-6.316861665024974e-10	0
6283185.307179586	1427.4774774774776	1	-1.5099100475093379	3.256150585943458e-11	1
6283185.307179586	1239.6396396396397	2	0.06925707957412452	9.905214801662393e-10	0
6283185.307179586	683.0830830830831	3	-0.6724772210792217	-1.0314207846453676e-10	2
6283185.307179586	2505.805805805806	2	-0.3506885133115911	1.0684117708837877e-09	0
6283185.307179586	1420.5205205205204	2	-0.9430011936146269	-6.918757976931986e-10	1
6283185.307179586	1789.2392392392394	1	-0.3795614786567125	-8.422320066929205e-10	0
6283185.307179586	1517.917917917918	3	-0.4994535391846924	-6.473026162803507e-10	0
6283185.307179586	1476.176176176176	4	0.7298759568078741	1.4255584711069804e-09	0
6283185.307179586	891.7917917917919	1	1.189306950636821	1.6979389270431544e-09	0
6283185.307179586	1337.0370370370372	2	-0.6549506495660525	1.8396633806067378e-10	2
6283185.307179586	3020.6206206206207	1	0.544553059379703	1.859547575496288e-09	0
6283185.307179586	1413.5635635635635	2	-0.4934026981051123	-1.5045832765894908e-09	0
6283185.307179586	606.5565565565565	3	1.156424609758338	-1.068058170072824e-09	2
6283185.307179586	1497.047047047047	1	0.9990735371620181	-2.318982804070417e-10	2
6283185.307179586	2429.2792792792793	3	1.3674734473746084	-6.529946417748569e-10	2
6283185.307179586	2241.4414414414414	3	0.4709189992816811	3.872694366761683e-10	2
6283185.307179586	3778.928928928929	2	-1.1340927102472964	-9.995053470993979e-10	0
6283185.307179586	891.7917917917919	2	-0.974830685749314	-1.7364604801021387e-09	0
6283185.307179586	1427.4774774774776	2	0.2836187571307405	-1.0132990354476653e-09	0
6283185.307179586	1204.854854854855	2	0.7885174228219003	1.136436435821417e-09	0
6283185.307179586	3131.931931931932	2	-1.3566054458574004	7.50412555933683e-10	2
6283185.307179586	3062.3623623623625	4	-1.0353129315355838	1.4239474926182066e-09	0
6283185.307179586	2658.858858858859	2	0.9591169251863505	1.0040006627009712e-09	0
6283185.307179586	1705.755755755756	4	0.24752615101486786	-1.5830602188875118e-09	0
6283185.307179586	1747.4974974974975	4	0.8222808946558544	1.8994588315644905e-09	0
6283185.307179586	1469.2192192192192	2	0.3119134412779623	-1.412356531411026e-09	0
6283185.307179586	870.9209209209209	2	-1.0068291960141567	6.049694803422873e-10	1
6283185.307179586	1935.3353353353355	1	-1.3974358332026442	-1.7337734971079054e-09	2
6283185.307179586	1726.6266266266266	1	-0.2208662191359394	-1.983394378188718e-09	0
6283185.307179586	1030.930930930931	4	1.4724947072112573	1.6896654641918925e-09	1
6283185.307179586	975.2752752752752	1	0.8889072319071039	-9.513897907074407e-10	1
6283185.307179586	1385.7357357357357	3	0.22585669756857674	1.3254750948967708e-09	0
6283185.307179586	2352.7527527527527	1	0.16268028076541774	1.8460131848479046e-10	1
6283185.307179586	1392.6926926926926	1	-0.9166157962776674	1.4746701882689857e-09	0
6283185.307179586	891.7917917917919	2	1.0678115667077788	3.3712018965942243e-10	1
6283185.307179586	2283.1831831831832	1	1.4533652671842492	-3.790614572656753e-10	2
6283185.307179586	2964.964964964965	1	-0.8273113428682999	7.156362412135546e-10	0
6283185.307179586	1385.7357357357357	4	0.6535725628644782	-1.4288987665245291e-09	0
6283185.307179586	1170.0700700700702	2	1.1109334310410972	-1.6776320147944461e-09	0
6283185.307179586	2610.16016016016	3	-0.36463220913510797	1.3430502062500513e-09	0
6283185.307179586	1664.014014014014	1	1.404524468503209	3.853783867555489e-10	2
6283185.307179586	2477.977977977978	2	-0.013487366328529538	-6.671568845080648e-10	0
6283185.307179586	1079.6296296296296	1	1.4257552790006178	1.5866650923257173e-09	2
6283185.307179586	2157.957957957958	3	0.8904020292075634	1.2981984873252085e-09	0
6283185.307179586	1817.0670670670672	1	-0.4911460219135464	3.619585260993377e-10	2
6283185.307179586	1775.3253253253254	1	-1.4918443855382968	4.860524000086001e-10	1
6283185.307179586	1079.6296296296296	3	1.2919415287912437	9.199019000741996e-10	2
6283185.307179586	1956.2062062062062	4	-0.2085800016627164	4.4820659702128435e-10	2
6283185.307179586	1149.1991991991993	1	-1.532035681278948	2.1491340160772218e-10	1
6283185.307179586	2178.828828828829	4	0.13861934626786243	1.7615690252745258e-09	0
6283185.307179586	2944.094094094094	4	-1.5034984162456078	4.0967678159348435e-10	2
6283185.307179586	550.900900900901	4	-1.4969437861311605	-6.88102033441528e-10	2
6283185.307179586	2881.4814814814818	2	0.6082412992256723	1.530460649156824e-09	0
6283185.307179586	1267.4674674674675	4	0.9436648503059955	-1.6107581284477588e-09	0
6283185.307179586	1183.983983983984	1	-0.5471176931276656	6.048568192128705e-10	0
6283185.307179586	1023.973973973974	2	-0.5328293791691296	-1.5139312999970637e-09	0
6283185.307179586	1824.0240240240241	4	-0.5442205753645035	-5.006897356399826e-10	0
6283185.307179586	1566.6166166166167	2	-0.4367910680739131	8.987362690879013e-10	0
6283185.307179586	1274.4244244244244	3	-1.2667386613264675	-1.7322415471714227e-09	0
6283185.307179586	1865.7657657657658	3	-1.4862437662831052	-8.334834373583035e-10	2
6283185.307179586	1531.8318318318318	3	0.8387290603062794	-1.3017303722711034e-09	0
6283185.307179586	1253.5535535535537	2	1.413339824893669	1.1661028659289104e-09	1
6283185.307179586	1343.993993993994	1	0.7182092727430311	-4.3998098618487306e-10	1
6283185.307179586	2637.987987987988	4	0.29645840738095464	-1.1146308217404366e-09	0
6283185.307179586	1371.821821821822	1	-0.4588301921484179	1.5616220930257421e-09	0
6283185.307179586	850.0500500500501	3	1.3831201043354797	1.241401982211038e-09	2
6283185.307179586	2151.001001001001	4	-0.25380844492324917	-2.925648628129536e-10	2
6283185.307179586	314.36436436436435	3	-0.17865502275155842	-1.6484017878331017e-09	0
6283185.307179586	1775.3253253253254	1	-0.34518949094303797	-6.404535369029709e-10	0
6283185.307179586	2220.5705705705705	1	-0.6754745904303269	-8.767736408690138e-11	1
6283185.307179586	2491.891891891892	1	0.5441226268511312	1.0857349156231423e-09	0
6283185.307179586	2164.914914914915	3	-0.8639548259592414	1.7124188436461645e-09	0
6283185.307179586	2324.924924924925	2	-1.3415324627441239	2.3310166426337853e-10	2
6283185.307179586	2617.1171171171172	1	-0.00697081990370596	-4.117122268939571e-10	1
6283185.307179586	1775.3253253253254	2	0.6825079988586644	-1.5353599562890136e-09	0
6283185.307179586	1977.077077077077	2	1.1707802701305852	4.4999476335908257e-10	2
6283185.307179586	1510.960960960961	4	-1.1038315346203649	1.607897012837832e-10	1
6283185.307179586	2596.2462462462463	2	-0.4736018498466512	-2.9830899805102007e-10	1
6283185.307179586	2888.4384384384384	2	-0.9209683495360398	-1.7967337342941532e-09	0
6283185.307179586	2895.3953953953956	4	0.3707400306285149	8.740170679668924e-10	0
6283185.307179586	3194.544544544545	1	-0.7357601427394862	1.8621725733256144e-09	0
6283185.307179586	2269.2692692692694	1	-0.12424954061945437	1.4746964997965e-09	0
6283185.307179586	488.2882882882883	3	0.2947549737647144	-1.0807158692723267e-09	0
6283185.307179586	752.6526526526527	2	0.06529678697727137	1.6682664942259156e-09	0
6283185.307179586	1587.4874874874874	1	0.07758114990945986	1.046684742467045e-09	0
6283185.307179586	1712.7127127127128	3	1.2487918758662517	1.98417246725182e-09	0
6283185.307179586	2436.2362362362364	2	0.8859120400994733	-1.7843194390100702e-09	0
6283185.307179586	1851.851851851852	3	0.8851121444239478	-1.4287883914151053e-09	0
6283185.307179586	1698.7987987987988	2	1.4402177093164132	1.3534877980649228e-09	2
6283185.307179586	1295.2952952952953	1	0.12577218202544627	-1.1155909212961195e-09	0
6283185.307179586	1914.4644644644645	2	1.2807898986256223	2.9672942576665156e-10	1
6283185.307179586	773.5235235235235	1	1.0386215060233837	2.500158146141674e-10	2
6283185.307179586	1510.960960960961	4	-1.336092489790112	-1.1739367619315646e-09	2
6283185.307179586	2596.2462462462463	1	-0.6956467915307729	-1.429569455119764e-09	0
6283185.307179586	933.5335335335336	2	-1.3511363415542483	-1.2164540294910645e-09	1
6283185.307179586	1364.864864864865	3	-0.6797727009287767	1.0151938864997255e-09	0
6283185.307179586	1490.0900900900901	2	0.13181519912704398	-1.399395610085365e-09	0
6283185.307179586	2505.805805805806	3	-1.2399011261722785	-8.247703867837761e-10	2
6283185.307179586	1135.2852852852852	1	1.3558477362369397	-1.9564686156075924e-10	2
6283185.307179586	2679.72972972973	3	-0.9502617012978902	-1.9343058869820735e-09	0
6283185.307179586	2394.4944944944946	1	1.2270091212840195	-5.362553893701172e-10	2
6283185.307179586	1684.884884884885	4	-1.0219806566849141	1.336703162715634e-10	2
6283185.307179586	933.5335335335336	1	0.4590736383365117	-5.004953756985584e-10	1
6283185.307179586	1288.3383383383384	3	0.278498750921943	3.674246211758954e-10	1
6283185.307179586	669.1691691691692	3	-0.5951681472686131	7.542515265522437e-10	2
6283185.307179586	1977.077077077077	1	-1.115566721904204	-4.512691157393652e-10	2
6283185.307179586	2867.5675675675675	1	0.3891358067456401	9.33559483484605e-10	0
6283185.307179586	1086.5865865865867	2	-1.1945967111748081	-1.4068177720339971e-09	1
6283185.307179586	2512.762762762763	2	0.19755377071901892	-6.734492473787901e-10	0
6283185.307179586	1545.7457457457458	2	-0.5843393631935913	8.607919714969158e-10	0
6283185.307179586	1107.4574574574574	2	1.1460839097880298	-3.7055194611516913e-10	2
6283185.307179586	1510.960960960961	3	-0.5796755435243977	-2.7794031950824666e-10	1
6283185.307179586	1163.113113113113	1	0.41848215202802574	-6.778453925956903e-10	2
6283185.307179586	3076.2762762762763	4	0.68037468995426	5.023567205834793e-12	2
6283185.307179586	703.9539539539539	1	-0.33955855359924625	-1.7447803852620219e-09	0
6283185.307179586	1789.2392392392394	2	-0.08680906062016347	1.0743663451575114e-09	0
6283185.307179586	2046.6466466466468	3	0.6805541062125786	1.2271930877881224e-09	0
6283185.307179586	1357.9079079079079	2	-0.5341141878943372	3.2739373650462937e-10	1
6283185.307179586	2540.5905905905906	4	-0.44160960895886814	-4.795381180087021e-10	0
6283185.307179586	961.3613613613613	4	1.1493233530432687	1.7642537566595802e-09	0
6283185.307179586	676.1261261261261	1	-0.04938388045118658	-1.8161664304755498e-09	0
6283185.307179586	1844.8948948948948	3	1.4655765043163096	1.1749111330363917e-09	2
6283185.307179586	1956.2062062062062	4	0.7116763661061252	5.116068422963634e-10	2
6283185.307179586	1830.980980980981	4	-0.8290502424546651	-8.429491861522682e-10	0
6283185.307179586	1907.5075075075076	2	0.7658902823860072	6.11528436938059e-10	0
6283185.307179586	2241.4414414414414	3	-0.30672472237676773	-3.934949128449717e-10	1
6283185.307179586	3083.2332332332335	4	-0.20692977804780788	1.650235723288977e-09	0
6283185.307179586	780.4804804804805	2	0.19795562030552127	7.346895071956792e-10	0
6283185.307179586	2916.2662662662665	2	0.641149275553802	5.601330967354998e-10	0
6283185.307179586	1204.854854854855	1	-0.37955448080679566	1.9036983260832954e-09	0
6283185.307179586	530.03003003003	1	0.4284919136785075	1.6126079554590194e-09	0
6283185.307179586	1330.08008008008	4	-0.14986948870192895	-5.865014904458855e-10	0
6283185.307179586	2777.127127127127	4	-0.7559561233411368	1.334449598653694e-10	2
6283185.307179586	662.2122122122122	4	-0.7810402584357549	1.9140968638375757e-09	0
6283185.307179586	1928.3783783783783	4	-0.7356225628696782	-1.4057968831661763e-09	0
6283185.307179586	1608.3583583583584	1	-1.4542418593438955	-1.8560355129242288e-09	2
6283185.307179586	1316.1661661661662	3	-0.7454318758817494	-9.433220979693378e-10	0
6283185.307179586	3771.971971971972	2	-1.2500431484129482	1.7866627317939418e-09	0
6283185.307179586	1824.0240240240241	2	-1.5332904863162373	-1.543562837466623e-09	1
6283185.307179586	863.963963963964	3	1.1061190710747844	1.9870549864271577e-09	0
6283185.307179586	766.5665665665666	3	0.3431351417602979	-3.7938757544884756e-10	2
6283185.307179586	530.03003003003	4	-0.7873724034755027	-1.1364147227270318e-09	0
6283185.307179586	2060.5605605605606	4	0.9615143319001973	8.39609694424718e-10	0
6283185.307179586	2060.5605605605606	1	-0.8615002650770427	-7.71882701931315e-10	0
6283185.307179586	926.5765765765766	1	0.30297381477654883	7.103110978070223e-10	0
6283185.307179586	1469.2192192192192	3	-0.6147212070692555	-3.4287676318454734e-11	2
6283185.307179586	2164.914914914915	1	1.246777385121978	-4.3285686279100103e-10	2
6283185.307179586	2937.1371371371374	4	1.3677732444322883	2.1544782364887393e-10	1
6283185.307179586	1615.3153153153153	3	-0.953397078844053	-5.740098120780406e-10	1
6283185.307179586	2164.914914914915	2	1.2568766093724295	-1.1129460083577311e-11	2
6283185.307179586	1323.1231231231232	3	-0.7600736226974829	-1.2328462311445794e-09	0
6283185.307179586	2624.0740740740744	4	1.4337762011751383	-8.211429510935462e-10	1
6283185.307179586	1149.1991991991993	3	0.36631353195021354	-1.8290780521693823e-10	2
6283185.307179586	2060.5605605605606	3	-1.1630400042549	-7.158047130209033e-11	2
6283185.307179586	453.5035035035035	3	-0.2204393214662037	-1.5072138672523799e-09	0
6283185.307179586	1128.3283283283283	3	0.27895366840535285	-1.5252171920969452e-09	0
6283185.307179586	2067.5175175175173	1	-1.0814674943019316	1.5133329343940494e-09	0
6283185.307179586	2206.6566566566567	1	-0.8379064987571021	-1.372816608314997e-09	0
6283185.307179586	1044.8448448448448	4	-0.1883909949347573	-1.8419638864391064e-09	0
