axial trapping frequency (MHz) 	 velocity(m/s) 	 ion collided with 	 angle(rads) 	 collision offset(m) 	 reorder? (1 is reorder 2 is ejection) 
6283185.307179586	2290.1401401401404	5	-0.2556602452220367	-1.5159090862676687e-10	2
6283185.307179586	2992.792792792793	4	1.0840599910078828	4.092729659247342e-10	2
6283185.307179586	2088.388388388388	4	0.8794356181008265	-6.134454472808431e-10	1
6283185.307179586	1413.5635635635635	5	-1.3731432165534647	-8.444471789324074e-10	2
6283185.307179586	940.4904904904905	1	1.4744811236908686	-5.05955097301996e-10	2
6283185.307179586	863.963963963964	3	-0.7328696548803952	1.8741480606878795e-09	0
6283185.307179586	3173.673673673674	4	0.169354399080758	3.830122717911189e-10	1
6283185.307179586	1490.0900900900901	5	-0.23995727687082025	5.362440096433835e-10	1
6283185.307179586	2672.772772772773	4	0.9758135648015442	1.6005185359635252e-09	0
6283185.307179586	940.4904904904905	4	-0.08944102156763467	-1.5871247605273867e-09	0
6283185.307179586	3298.898898898899	3	-1.4124644772364372	-8.052677024554903e-10	1
6283185.307179586	634.3843843843844	1	1.2442464109629507	5.006856656671541e-10	2
6283185.307179586	2074.474474474475	1	-1.288669771887173	-8.720689459413316e-11	2
6283185.307179586	1441.3913913913914	5	0.9251828623103218	-3.496651147872669e-11	1
6283185.307179586	829.1791791791792	4	1.0738012509330912	6.720373699917284e-10	1
6283185.307179586	2352.7527527527527	2	-0.030790099249905944	3.85672399315625e-10	1
6283185.307179586	863.963963963964	2	-1.0971786683438338	-9.167020494705413e-10	1
6283185.307179586	1740.5405405405406	3	0.15850296719624368	6.576366924281545e-10	0
6283185.307179586	780.4804804804805	3	0.8080223695577073	1.7798719952783151e-09	0
6283185.307179586	2575.3753753753754	3	-1.4823219418664189	-6.670528368954116e-10	1
6283185.307179586	2429.2792792792793	5	-0.8243766219001083	1.0670575533510194e-09	0
6283185.307179586	2860.610610610611	5	1.4832060736624864	2.604013859674327e-10	1
6283185.307179586	1844.8948948948948	5	-1.472002033573379	9.252410152834323e-11	2
6283185.307179586	1469.2192192192192	5	-1.4460681684241232	9.285735551794387e-10	2
6283185.307179586	1323.1231231231232	4	-1.4095648854935752	-3.9165109100015533e-10	2
6283185.307179586	2241.4414414414414	5	-0.06585056337748552	-1.3332525568679997e-09	0
6283185.307179586	724.8248248248249	2	-0.6946972400059983	-1.9684870021763188e-09	0
6283185.307179586	613.5135135135135	2	1.0558850215518167	-1.065045960523332e-09	2
6283185.307179586	2283.1831831831832	3	-1.349044959867192	-1.2599687936208495e-09	2
6283185.307179586	773.5235235235235	3	-1.5687744108934858	6.404921438961536e-10	1
6283185.307179586	815.2652652652653	2	-0.6374987841960476	9.400162147249592e-10	0
6283185.307179586	1733.5835835835837	3	-0.7017434234481161	-1.4290902980499847e-09	0
6283185.307179586	2199.6996996997	5	1.4602370660323611	-1.6175064875559278e-10	1
6283185.307179586	2213.613613613614	2	0.6931265496869039	1.6114977129022128e-09	0
6283185.307179586	2477.977977977978	3	0.4032518738782329	-2.5978468535457654e-10	1
6283185.307179586	1490.0900900900901	2	-0.7765752586733727	-1.138134348732653e-09	0
6283185.307179586	1232.6826826826828	3	1.2835610645383202	-1.5207152154633911e-09	2
6283185.307179586	822.2222222222223	1	-1.1829117237285907	1.6081200617994184e-10	2
6283185.307179586	710.910910910911	1	-0.7043608736634155	-6.744968282012348e-10	1
6283185.307179586	2756.256256256256	3	0.0651547840395712	-5.470732269176227e-10	0
6283185.307179586	3041.4914914914916	3	-1.0884631655784702	-1.0167141852531216e-11	1
6283185.307179586	843.0930930930931	4	-0.4968918801425861	1.6702106540699664e-09	0
6283185.307179586	1754.4544544544544	2	-0.7688634907123383	-1.6497918237486744e-10	1
6283185.307179586	933.5335335335336	4	-0.43731514571313856	-2.2800429721150588e-10	2
6283185.307179586	2366.6666666666665	2	0.13638658900602874	1.2733373824842624e-09	0
6283185.307179586	1399.6496496496497	2	0.754686298104974	2.441491671518584e-10	1
6283185.307179586	1023.973973973974	5	-1.3068883240460853	7.216533232450115e-10	2
6283185.307179586	1323.1231231231232	2	-0.4296182614852375	-1.0720178700061505e-09	0
6283185.307179586	996.1461461461462	5	1.4270227150733619	-2.1545358566743245e-10	1
6283185.307179586	1065.7157157157158	1	-0.9155929537254581	1.9276985789434858e-09	0
6283185.307179586	1504.004004004004	1	-0.7631204526720808	1.3275214679032896e-12	2
6283185.307179586	1810.11011011011	4	-0.5133041304936279	6.441568494583727e-10	0
6283185.307179586	1100.5005005005005	1	-0.8673286103052386	1.470242641684946e-09	0
6283185.307179586	1580.5305305305305	1	-1.3802860309089153	-8.241888047929842e-10	2
6283185.307179586	2944.094094094094	2	-1.1008900266958652	4.9384638868154e-10	1
6283185.307179586	2568.4184184184187	1	-0.43675857151819497	-8.106004129278697e-10	0
6283185.307179586	3104.1041041041044	3	0.5371834430357052	1.1557667433054753e-09	0
6283185.307179586	933.5335335335336	2	0.7662484972644137	1.6365927801018222e-09	0
6283185.307179586	1524.8748748748749	4	-0.7296539997648762	-4.0239334743508304e-10	2
6283185.307179586	1044.8448448448448	4	-0.8304112492720842	1.7962646708085104e-09	0
6283185.307179586	2610.16016016016	4	1.3015734244139763	8.228906357386622e-10	1
6283185.307179586	1775.3253253253254	5	-1.320212188773826	-1.7525811199043783e-09	1
6283185.307179586	1455.3053053053054	5	-0.5186660268065151	3.189876016096546e-10	2
6283185.307179586	1997.947947947948	2	-0.799190317857534	-4.907785487299924e-10	2
6283185.307179586	1872.7227227227227	2	-0.5987280122162981	6.080655183935849e-10	0
6283185.307179586	1942.2922922922924	3	0.5665937281386753	1.6448094446500738e-09	0
6283185.307179586	1928.3783783783783	3	1.321210676296921	2.757478433471031e-10	1
6283185.307179586	2804.954954954955	4	-0.8297789878062902	-1.1113984861234377e-10	1
6283185.307179586	1796.1961961961963	2	0.1585781535893509	-1.5701965199262596e-09	0
6283185.307179586	3159.75975975976	1	1.3408288829483257	7.444378817158344e-10	2
6283185.307179586	1677.927927927928	5	-0.49924536667468145	-7.391282095296289e-12	2
6283185.307179586	2443.193193193193	3	0.6272187281932338	-1.5286533225877169e-09	0
6283185.307179586	3215.4154154154153	3	-0.44952509325863255	-1.1556803878158248e-09	0
6283185.307179586	1420.5205205205204	5	0.7738715530106215	-2.19676147399193e-10	2
6283185.307179586	1288.3383383383384	4	1.0077638615224553	1.0953519695395138e-09	1
6283185.307179586	975.2752752752752	5	0.4940489448410035	-8.124339875679749e-10	0
6283185.307179586	1629.2292292292293	3	0.481519197855663	-3.066617727365561e-10	1
6283185.307179586	1023.973973973974	3	-1.339755494274099	1.2935027098660373e-09	2
6283185.307179586	1761.4114114114116	2	0.42153318915785465	1.504143451243575e-09	0
6283185.307179586	1267.4674674674675	2	1.2448707859995878	7.516462609927804e-10	1
6283185.307179586	1559.6596596596596	2	1.44300697414412	1.4316393996471653e-10	1
6283185.307179586	523.0730730730731	4	-0.19262225915443265	7.791501312605961e-10	1
6283185.307179586	1768.3683683683685	3	-0.13286150466259183	-1.6922879237387712e-09	0
6283185.307179586	1149.1991991991993	4	-0.7418408315619142	-1.547070006257704e-09	0
6283185.307179586	1629.2292292292293	5	-0.8339552436720642	-3.127451211782631e-10	2
6283185.307179586	1281.3813813813815	3	1.4249495751711545	-1.2849424193067014e-09	1
6283185.307179586	1350.950950950951	4	0.09591209540514534	-1.912855499637878e-09	0
6283185.307179586	2297.097097097097	3	-1.4352082687881482	-1.2783012404319454e-09	1
6283185.307179586	1670.970970970971	3	0.1136391670586887	-1.4098256210676513e-09	0
6283185.307179586	1343.993993993994	2	-0.8025140234291266	7.368485934597451e-10	0
6283185.307179586	3041.4914914914916	1	-0.07648063696163865	1.8319649547462526e-09	0
6283185.307179586	3027.577577577578	5	0.6433482540896853	1.46886810321745e-09	0
6283185.307179586	1434.4344344344345	4	0.879896662379982	6.317714896746897e-10	2
6283185.307179586	2985.835835835836	5	0.8298731269411017	-5.518258986670661e-10	1
6283185.307179586	1928.3783783783783	2	-0.7080422546076276	1.5163354050184998e-09	0
6283185.307179586	543.943943943944	5	-1.4006418124070887	1.4480059849257027e-09	1
6283185.307179586	1990.9909909909911	2	-0.33914220195314404	-7.68751666021879e-10	0
6283185.307179586	1872.7227227227227	4	-1.1417974362682406	-8.741365674463918e-10	1
6283185.307179586	1378.7787787787788	5	-1.0929039618855496	-3.8475575417987527e-10	2
6283185.307179586	2171.871871871872	3	0.9513411121291395	1.7618610808894812e-09	0
6283185.307179586	1406.6066066066066	5	1.2265956334065358	-1.359663522749489e-09	1
6283185.307179586	2130.13013013013	4	-1.4637065302154089	1.3094464120791848e-09	1
6283185.307179586	2679.72972972973	3	-0.22130850699574345	-1.1817427182081266e-09	0
6283185.307179586	3368.4684684684685	1	-0.8601704994996388	-1.8184548673371783e-10	2
6283185.307179586	2164.914914914915	1	1.352042360015016	1.5498255666327257e-09	1
6283185.307179586	787.4374374374374	3	-1.1950396246851838	-2.791148395223879e-10	1
6283185.307179586	2811.911911911912	5	0.5507736477637919	2.0883160228633102e-10	2
6283185.307179586	2742.3423423423424	4	1.5572434118901057	-9.63492571818949e-10	1
6283185.307179586	1427.4774774774776	5	-0.9686896826125703	-1.0793212642506142e-09	0
6283185.307179586	2060.5605605605606	5	-1.1764157882534167	-1.416387035430335e-09	0
6283185.307179586	3396.2962962962965	1	0.10193344931744508	-1.4525893585706632e-09	0
6283185.307179586	2185.7857857857857	1	-0.5720130823096696	7.471912265628268e-10	0
6283185.307179586	2707.5575575575576	2	1.346579070216459	1.8211527167308658e-09	1
6283185.307179586	648.2982982982983	5	1.539551907629619	-1.604647696571699e-09	1
6283185.307179586	2185.7857857857857	5	-1.5694714617157624	2.2787800999626804e-10	2
6283185.307179586	1865.7657657657658	1	0.546484315859538	1.0989255983061081e-09	0
6283185.307179586	843.0930930930931	2	0.7090154647667197	-1.9415776392540147e-09	0
6283185.307179586	4669.41941941942	2	-0.3059479947617223	-5.965319627230991e-10	0
6283185.307179586	1559.6596596596596	3	0.18673261764473903	1.2103820428692647e-09	0
6283185.307179586	1072.6726726726727	4	0.0021525148225622903	8.304773698960758e-10	0
6283185.307179586	2290.1401401401404	5	-0.1657028169312671	-3.2599871842923096e-10	1
6283185.307179586	1323.1231231231232	5	0.04852862439816352	1.357412339028492e-09	0
6283185.307179586	1677.927927927928	5	-0.6786176520013282	-1.498883676380673e-09	0
6283185.307179586	1858.8088088088089	4	-0.5801883420859073	1.61160126286555e-09	0
6283185.307179586	1851.851851851852	5	-1.1616268522173792	8.123815955378053e-10	2
6283185.307179586	2394.4944944944946	1	1.4916630403911335	-9.646266371482991e-10	2
6283185.307179586	1844.8948948948948	4	1.3387088086462984	1.2210575797805969e-09	2
6283185.307179586	2157.957957957958	2	0.004740411107826192	1.0447231831655774e-10	2
6283185.307179586	2359.70970970971	2	-0.19307082935200603	-1.7022444952170714e-09	0
6283185.307179586	1844.8948948948948	2	1.568588067859924	1.3241710699267755e-09	2
6283185.307179586	2178.828828828829	3	1.382730553152295	1.7762181931531723e-09	2
6283185.307179586	2178.828828828829	5	1.196142870274294	-1.2814846141634755e-09	0
6283185.307179586	1629.2292292292293	5	1.3339366277875886	-1.904475753938983e-09	1
6283185.307179586	2185.7857857857857	5	-0.06014020157722144	1.6391163022147423e-09	0
6283185.307179586	2067.5175175175173	4	-1.32874891082057	6.492701723454726e-10	2
6283185.307179586	1441.3913913913914	3	-1.3274117421035583	7.370524957522133e-10	1
6283185.307179586	745.6956956956957	1	-0.17652907401422335	-1.1319185976485113e-09	1
6283185.307179586	1504.004004004004	3	0.8935043654183978	1.3110546754511213e-09	0
6283185.307179586	2624.0740740740744	3	0.12941600887373284	1.8791701569276028e-09	0
6283185.307179586	1997.947947947948	1	-1.3356498022392516	-1.6856167241902878e-10	1
6283185.307179586	703.9539539539539	1	0.5638312204128022	-3.630281616617612e-10	2
6283185.307179586	2610.16016016016	3	-0.0806690466263118	-5.379126205872372e-10	0
6283185.307179586	2443.193193193193	1	-0.6123859468355005	1.4913904961717373e-09	0
6283185.307179586	1037.887887887888	3	-0.23635469678020704	1.4614203705675678e-09	0
6283185.307179586	2763.2132132132133	5	-0.04162215959462778	1.0956449570146786e-09	0
6283185.307179586	1434.4344344344345	4	0.3628181418097727	-1.6453775702451537e-09	0
6283185.307179586	2081.4314314314315	3	1.3518563309054925	-7.549151117615982e-10	2
6283185.307179586	2770.1701701701704	3	0.42312467956802036	7.663930799479285e-10	0
6283185.307179586	1761.4114114114116	2	0.4551653249335228	9.093619827803567e-10	0
6283185.307179586	1858.8088088088089	4	0.49692700224762865	3.1607069273646494e-10	1
6283185.307179586	2074.474474474475	1	0.2736414737739896	3.2494040479322714e-10	2
6283185.307179586	641.3413413413414	5	-0.37989523249848367	3.1494418194361156e-10	2
6283185.307179586	230.88088088088088	3	-0.20345648181280906	1.7793871927157163e-09	0
6283185.307179586	1427.4774774774776	5	-0.7876418836015248	-1.5329787653799052e-09	0
6283185.307179586	2436.2362362362364	4	0.6462137252198716	9.374243716767754e-10	0
6283185.307179586	1552.7027027027027	5	-0.5009719840352667	-9.10160870390171e-10	0
6283185.307179586	1754.4544544544544	3	0.8969145537230148	-8.2162368541647e-10	0
6283185.307179586	1086.5865865865867	3	0.7901024251730746	1.6859023336005162e-10	1
6283185.307179586	2568.4184184184187	1	0.4156463429812074	-3.0517040982350246e-11	2
6283185.307179586	1448.3483483483483	5	0.5355845389179921	-2.495145736837192e-11	2
6283185.307179586	2248.3983983983985	5	1.211112379864217	3.056916148648824e-10	2
6283185.307179586	2317.967967967968	1	1.3280070065471592	1.93005596543147e-09	0
6283185.307179586	766.5665665665666	4	-0.537575961955638	6.687273101956148e-11	1
6283185.307179586	1664.014014014014	5	0.1933559358782002	-1.4485573479181326e-09	0
6283185.307179586	2220.5705705705705	4	-0.3933793060518058	1.2106333363810145e-09	0
6283185.307179586	1851.851851851852	5	0.49240342577368734	-4.842072126344742e-10	0
6283185.307179586	4328.528528528529	2	0.43780140568041936	-1.6245428839251917e-09	0
6283185.307179586	3479.77977977978	4	-1.1422775260548108	1.0955025188155475e-09	0
6283185.307179586	1837.937937937938	1	-0.6888458293348286	-1.3625121037858885e-09	0
6283185.307179586	1844.8948948948948	1	1.5571459352346824	1.8139143314232954e-09	1
6283185.307179586	2735.3853853853852	3	-1.1165115198636266	-1.904214353574775e-09	0
6283185.307179586	1037.887887887888	1	-0.05323248665872571	-1.1941270429694369e-09	0
6283185.307179586	1726.6266266266266	2	0.47685142154682447	-6.001977769997939e-10	1
6283185.307179586	1114.4144144144145	4	-0.3572283637687472	-9.488790817663215e-10	0
6283185.307179586	1058.7587587587586	1	-0.7211231327691838	-1.9032856236175353e-09	0
6283185.307179586	1455.3053053053054	2	0.5143016033821524	-1.332906151028706e-09	0
6283185.307179586	1789.2392392392394	2	-1.3169520931533099	-1.3321560586325601e-09	1
6283185.307179586	1580.5305305305305	1	-0.7997690601607019	-4.3391577258721753e-10	2
6283185.307179586	3778.928928928929	3	0.32783993912044784	-1.7741954569863322e-09	0
6283185.307179586	2248.3983983983985	2	-0.2556949586026007	3.817989403805977e-10	1
6283185.307179586	898.7487487487488	2	1.0495673294623162	-1.5604797803219803e-09	0
6283185.307179586	2610.16016016016	1	0.9365729289513203	6.258711085323461e-10	1
6283185.307179586	2429.2792792792793	1	1.1566283976543001	1.9256900709073285e-09	0
6283185.307179586	919.6196196196197	3	-0.8109577944484104	3.253122303916392e-10	1
6283185.307179586	1295.2952952952953	1	-1.1341860906366548	6.965458557814233e-10	2
6283185.307179586	933.5335335335336	4	-0.1652364095262735	6.411905382432221e-10	2
6283185.307179586	2151.001001001001	1	-1.1915614134051404	1.9164281607962613e-09	0
6283185.307179586	2457.1071071071074	3	-0.7727278304701415	1.0474253916803884e-09	0
6283185.307179586	1079.6296296296296	2	-1.0623185984688601	-2.4880023601013965e-10	1
6283185.307179586	1163.113113113113	1	0.2148229346831012	-8.068208631391662e-10	1
6283185.307179586	3291.941941941942	3	-0.6760444848989474	-1.3644271382825446e-09	0
6283185.307179586	3201.5015015015015	2	-0.8004304430157485	1.580571518942363e-09	0
6283185.307179586	2060.5605605605606	3	-0.5344333474495147	5.973742924085347e-10	0
6283185.307179586	1497.047047047047	4	-0.6498661184252499	1.8374379030671935e-09	0
6283185.307179586	2331.881881881882	5	-0.017298895736423514	-6.3377852343478755e-12	1
6283185.307179586	2415.3653653653655	4	0.6302749029971171	-1.5116110386094085e-09	0
6283185.307179586	2123.1731731731734	2	-0.49139598162797493	-2.332981927824873e-10	1
6283185.307179586	2171.871871871872	4	-0.5472929353270266	3.026255379132386e-10	2
6283185.307179586	2345.795795795796	2	-0.8730262445181032	-6.912749765796492e-10	1
6283185.307179586	1343.993993993994	3	-1.3608137454096854	-1.6497409795369548e-09	2
6283185.307179586	356.1061061061061	1	-0.9605488622719371	-8.153862819858758e-12	0
6283185.307179586	2352.7527527527527	3	0.5568696302438076	1.9602207822492148e-09	0
6283185.307179586	940.4904904904905	5	1.012580887515004	1.4814097864283709e-09	0
6283185.307179586	1302.2522522522522	1	0.7876140134722469	-1.0010832903255268e-09	0
6283185.307179586	3333.6836836836837	3	0.08532702452580154	9.616706823952439e-11	1
6283185.307179586	1851.851851851852	5	1.0887671508957184	1.856915722024165e-09	0
6283185.307179586	3806.7567567567567	5	-0.7740240155163095	3.719391002166018e-10	1
6283185.307179586	1670.970970970971	5	0.7880211105809183	1.4604100924106364e-10	1
6283185.307179586	1281.3813813813815	3	-1.2508548819777499	-1.4234878100075275e-09	1
6283185.307179586	1921.4214214214214	4	0.2707710166552304	-1.5151295745942776e-09	0
6283185.307179586	3257.157157157157	5	-0.7516789510802507	1.0761837502071048e-09	0
6283185.307179586	2498.848848848849	2	1.5186858853305845	-1.8657884993304845e-09	1
6283185.307179586	2505.805805805806	5	0.35821528491322097	-1.6299802745739084e-09	0
6283185.307179586	1900.5505505505505	4	0.3092337831869587	2.064332537051631e-10	1
6283185.307179586	961.3613613613613	2	0.9463894537196058	9.264531052282182e-10	0
6283185.307179586	1733.5835835835837	4	-0.375592819871553	2.9273129101441195e-10	1
6283185.307179586	1037.887887887888	1	-1.1181200093998611	1.6354814590742005e-09	0
6283185.307179586	1232.6826826826828	2	0.02145651681811378	-5.801961849263195e-10	2
6283185.307179586	1559.6596596596596	4	1.4942429456800106	5.034440162027196e-10	2
6283185.307179586	2797.997997997998	5	1.0784296322914435	1.7708996566587295e-10	1
6283185.307179586	1309.2092092092093	2	0.8739241393568493	-1.0521120458220028e-09	0
6283185.307179586	1761.4114114114116	5	0.20712339412954917	8.500243925982676e-10	0
6283185.307179586	1497.047047047047	1	0.5545300080925375	6.993968795840667e-10	0
6283185.307179586	2491.891891891892	5	-0.34350002135051794	-1.9340509710521096e-09	0
6283185.307179586	2290.1401401401404	2	0.8918344355717616	-1.3021957111973216e-09	0
6283185.307179586	1810.11011011011	3	-0.8266006729245688	7.313231345843458e-10	0
6283185.307179586	1768.3683683683685	5	0.40603665187997784	1.6983823458751386e-09	0
6283185.307179586	1100.5005005005005	1	0.7241196063611204	-3.90740840352184e-10	2
6283185.307179586	1079.6296296296296	4	-1.0271155617257914	3.315231577657216e-11	1
6283185.307179586	1872.7227227227227	3	-1.0559888814838279	1.843148565977409e-09	0
6283185.307179586	1371.821821821822	1	-1.0022147380599584	-1.8385163564832212e-10	2
6283185.307179586	2338.838838838839	5	0.7361681595716738	-3.3968919166777003e-10	2
6283185.307179586	1455.3053053053054	5	0.28609003375048325	-1.0284553808356543e-09	0
6283185.307179586	2464.064064064064	2	0.16575114981149253	-1.2642606580989677e-10	1
6283185.307179586	1830.980980980981	5	1.212290789924809	-8.741226614405379e-10	2
6283185.307179586	2060.5605605605606	2	1.3267062365178086	-1.810617133626146e-09	1
6283185.307179586	1636.1861861861862	4	0.07663754000343492	-1.889819793028227e-09	0
6283185.307179586	1552.7027027027027	1	1.2430884498472712	1.902167643224698e-09	0
6283185.307179586	1211.8118118118118	5	-0.32613791514856416	-1.4044216564625587e-09	0
6283185.307179586	1803.1531531531532	3	-1.4066490967276473	1.7150656506604766e-09	1
6283185.307179586	724.8248248248249	5	-0.1955857831877461	1.3238617244877913e-09	0
6283185.307179586	1378.7787787787788	1	0.16581693500774275	-1.2501925586946445e-09	0
6283185.307179586	1914.4644644644645	5	-0.6786293765330854	3.204665537414599e-10	1
6283185.307179586	1343.993993993994	2	0.1430750329847692	-5.811037962571084e-10	1
6283185.307179586	759.6096096096096	3	1.391101997150186	-9.781546203190815e-10	1
6283185.307179586	2533.6336336336335	5	-0.24472372398162623	-1.8582178784337247e-09	0
6283185.307179586	1413.5635635635635	4	-0.6111947253070918	-4.744884987533454e-10	1
6283185.307179586	2700.6006006006005	3	-1.2651338034307433	7.398364063637911e-10	2
6283185.307179586	634.3843843843844	1	-1.1083983853511135	-9.501071160330543e-10	2
6283185.307179586	2610.16016016016	5	0.5255514677074018	-8.717655785993776e-10	0
6283185.307179586	502.2022022022022	5	-1.134263385165699	9.447720163015069e-11	2
6283185.307179586	2053.603603603604	4	0.6782401035114525	-1.3580110716145428e-09	0
6283185.307179586	370.02002002002	5	-1.1533858533556534	7.581444900188787e-10	2
6283185.307179586	3104.1041041041044	2	1.0738357301965213	-1.2137083736997015e-09	0
6283185.307179586	1531.8318318318318	1	0.7330400608110006	1.5911855647842698e-09	0
6283185.307179586	1239.6396396396397	2	-0.3485934155355055	-7.935840231153609e-10	0
6283185.307179586	3055.4054054054054	3	-0.10380541300050217	-1.4130432919738973e-09	0
6283185.307179586	1789.2392392392394	5	-0.46636852105928295	1.0090584831796848e-09	0
6283185.307179586	1309.2092092092093	2	-0.47406874099196017	-1.6762453287053864e-09	0
6283185.307179586	2575.3753753753754	3	-0.15962678407226916	-1.126587165512909e-09	0
6283185.307179586	752.6526526526527	5	0.9534978548576518	9.85704166432577e-10	1
6283185.307179586	1350.950950950951	2	0.3226147756134461	-1.4017037392953258e-09	0
6283185.307179586	905.7057057057058	1	0.9814502628766624	-1.3479392816376347e-09	1
6283185.307179586	1907.5075075075076	3	1.2529138262542605	-6.109886635625933e-11	1
6283185.307179586	1420.5205205205204	3	0.796806375078507	1.7920478963326281e-09	0
6283185.307179586	1017.017017017017	3	-0.7099369066593715	-1.8998321161812963e-09	0
6283185.307179586	1949.2492492492493	4	-0.4563404475200412	1.297337527124034e-09	0
6283185.307179586	1817.0670670670672	1	-0.039143736511755955	-1.952433654447459e-09	0
6283185.307179586	1504.004004004004	3	0.19367901509058605	1.2724805692252949e-09	0
6283185.307179586	787.4374374374374	4	0.7046737833385959	-1.3918212290893756e-09	0
6283185.307179586	210.01001001001	1	1.0522793254836662	-5.078359252771168e-10	0
6283185.307179586	2199.6996996997	1	1.4461542510137924	4.665358730664412e-10	2
6283185.307179586	1963.1631631631633	2	0.4334502360130581	2.6736851611069365e-10	2
6283185.307179586	1970.1201201201202	4	-1.2487825523775395	1.083998392904277e-09	2
6283185.307179586	926.5765765765766	4	-1.003400030857661	-1.786334975402221e-09	0
6283185.307179586	1719.6696696696697	3	-1.3141700968668395	-7.278604388129182e-10	2
6283185.307179586	1747.4974974974975	4	-1.146196210855119	-1.281315387042399e-09	0
6283185.307179586	1441.3913913913914	5	-1.4450383243699803	1.9208626818802017e-09	2
6283185.307179586	2811.911911911912	1	1.5444321755029242	-5.328870645455894e-10	2
6283185.307179586	717.8678678678679	2	-0.4217710034702111	1.4658086501933199e-09	0
6283185.307179586	1267.4674674674675	3	0.9538703384476852	1.6314200762609067e-09	0
6283185.307179586	954.4044044044044	3	0.5144904297225725	-1.0958920421354147e-09	0
6283185.307179586	2464.064064064064	5	-1.194749404484756	-1.1521269044251707e-10	2
6283185.307179586	1483.1331331331332	5	-1.2120305134634508	1.0084295936886606e-09	2
6283185.307179586	1657.0570570570571	5	-0.7240965411924427	-1.881293536951305e-09	0
6283185.307179586	1211.8118118118118	5	0.967213031162149	-1.9004126459921863e-09	0
6283185.307179586	2429.2792792792793	4	-0.45810514132041735	-4.4586336317535697e-10	1
6283185.307179586	1504.004004004004	1	-0.49014063293761745	5.0052917085731475e-11	2
6283185.307179586	1058.7587587587586	4	1.1325452350875835	-1.9415934505331137e-09	0
6283185.307179586	536.986986986987	5	0.9381601498895877	7.165892236001441e-10	1
6283185.307179586	2672.772772772773	4	1.5565067762231695	9.042583872929853e-10	1
6283185.307179586	2575.3753753753754	4	-1.0257270095479905	1.7650274893976329e-09	0
6283185.307179586	1984.034034034034	2	-0.36035244331854344	-1.0506010761554938e-09	0
6283185.307179586	1789.2392392392394	5	1.2757781314257794	-1.7279541276761755e-09	0
6283185.307179586	1921.4214214214214	2	1.447345045811832	5.744066014254051e-10	1
6283185.307179586	1684.884884884885	4	-1.3734690394355689	4.985708406258249e-10	2
6283185.307179586	1907.5075075075076	2	-1.3766024798225516	-1.7852189101630349e-09	1
6283185.307179586	2519.7197197197197	5	-0.37580748898829985	-4.1089326408365116e-10	1
6283185.307179586	2144.0440440440443	2	-1.4176495605046964	-1.3558056793321694e-09	2
6283185.307179586	1837.937937937938	4	1.3800423735678802	1.1260461584685947e-09	2
6283185.307179586	1330.08008008008	5	0.7010145605975353	5.811997503647399e-10	2
6283185.307179586	1406.6066066066066	1	-1.3524536599068369	1.2048343303911542e-09	2
6283185.307179586	961.3613613613613	3	-0.7395437550502042	-8.32803676940094e-11	1
6283185.307179586	1316.1661661661662	1	1.376705762382484	5.547025176323876e-10	2
6283185.307179586	1253.5535535535537	5	1.089058780216257	-1.7827750898693743e-09	0
6283185.307179586	2818.868868868869	3	-0.00934763029959118	8.923367346060369e-10	0
6283185.307179586	2728.4284284284286	1	0.906247897135875	5.883515459588319e-10	1
6283185.307179586	1810.11011011011	5	-0.2658525841284336	-1.3730554920474575e-09	0
6283185.307179586	1253.5535535535537	4	-1.1502941723999742	9.71439358410655e-10	1
6283185.307179586	2255.3553553553556	5	-0.26665365397553287	-1.5938670234189934e-09	0
6283185.307179586	1079.6296296296296	2	-1.5041168866167447	1.2027590798494524e-09	2
6283185.307179586	2491.891891891892	5	0.6910944461032829	8.020758781994016e-10	0
6283185.307179586	627.4274274274275	5	0.6870262511150376	-4.893061054168303e-10	0
6283185.307179586	1858.8088088088089	5	0.8295289890525277	3.3319383549633937e-10	1
6283185.307179586	2060.5605605605606	4	1.0947980350474729	1.0672208740641988e-09	0
6283185.307179586	2457.1071071071074	4	-1.4811060404242802	-8.643255965177831e-10	2
6283185.307179586	2401.4514514514517	4	0.667919585801847	-7.269969735430309e-10	0
6283185.307179586	3834.5845845845847	2	0.18566748618077544	-1.435862987940393e-10	1
6283185.307179586	2791.041041041041	4	0.252676348280211	-5.061680588924781e-10	0
6283185.307179586	2046.6466466466468	3	0.8324158006836027	7.153339697980471e-10	0
6283185.307179586	1935.3353353353355	5	1.168067543612859	-5.989160625834363e-10	2
6283185.307179586	3834.5845845845847	5	-1.0319144891183207	1.1635269652144462e-09	0
6283185.307179586	1726.6266266266266	4	0.8801220314332698	-1.5068128188233106e-09	0
6283185.307179586	2707.5575575575576	1	1.5436732200909828	7.947379310123179e-10	2
6283185.307179586	2763.2132132132133	5	-0.45731947587504895	-3.50906821737318e-10	1
6283185.307179586	717.8678678678679	1	-0.06656516208790775	-9.841981187976542e-10	2
6283185.307179586	1163.113113113113	2	-1.3866853649240796	1.3686612682780327e-09	2
6283185.307179586	1239.6396396396397	3	-1.3286654349155353	-4.5494852875602565e-10	1
6283185.307179586	1566.6166166166167	5	0.8888455550225429	1.5614976127852597e-09	0
6283185.307179586	1170.0700700700702	1	-1.4687049621113728	-7.046626305977189e-10	1
6283185.307179586	1211.8118118118118	4	-0.33309050885886005	3.935611112730163e-10	2
6283185.307179586	1267.4674674674675	1	-0.8333507365005574	1.3900250325925474e-09	0
6283185.307179586	2443.193193193193	4	1.4299170466171072	1.7845713094135397e-09	2
6283185.307179586	1274.4244244244244	1	1.137298205575279	-8.311041336930477e-10	2
6283185.307179586	2317.967967967968	5	0.5799116934482145	9.585473457420768e-10	0
6283185.307179586	1469.2192192192192	5	-0.9381255372911114	7.57474044810789e-10	1
6283185.307179586	2631.031031031031	1	-1.2181179859185323	3.96157653685397e-10	1
6283185.307179586	1427.4774774774776	4	-0.735948544676129	1.2640514966727818e-09	0
6283185.307179586	1657.0570570570571	4	-0.7591264055796657	-1.1960947083699104e-09	0
6283185.307179586	432.63263263263264	4	1.5002492187688374	-1.1973485469284883e-09	2
6283185.307179586	1357.9079079079079	2	0.14956106565370608	-3.4291776936774893e-10	2
6283185.307179586	2477.977977977978	1	1.4060094895691777	1.0367581978228481e-09	2
6283185.307179586	1810.11011011011	3	-0.7075657829022353	-9.801613307946848e-11	1
6283185.307179586	1490.0900900900901	1	0.6893461013323061	-1.0639738355284828e-09	0
6283185.307179586	1455.3053053053054	3	0.5827958528352646	1.914529731721472e-09	0
6283185.307179586	2436.2362362362364	2	-0.8969405255645695	1.4613156470360344e-09	0
6283185.307179586	1893.5935935935936	1	-0.8068611866754303	9.724262109267061e-10	0
6283185.307179586	1517.917917917918	4	0.5922039439939635	6.059718326710462e-10	2
6283185.307179586	4613.763763763764	1	-0.32307704403497506	-5.107491081926092e-10	0
6283185.307179586	2457.1071071071074	1	0.7672406895483075	1.3171009767339081e-09	0
6283185.307179586	2338.838838838839	3	0.06974186912672908	-4.5635865593418983e-10	0
6283185.307179586	863.963963963964	5	0.026081236985115552	-1.9160207139367575e-09	0
6283185.307179586	1538.788788788789	3	0.5641493608650121	-1.389834434847931e-09	0
6283185.307179586	3250.2002002002005	4	-1.473413540967726	1.085668743317703e-09	1
6283185.307179586	2004.904904904905	1	0.3985238404693128	-1.9622019632205187e-10	1
6283185.307179586	940.4904904904905	5	-0.6946266881580226	-1.2629325721102936e-09	0
6283185.307179586	641.3413413413414	4	1.0463617564678565	-1.948809335298215e-09	0
6283185.307179586	1851.851851851852	4	1.2848846089000294	-3.8949209520063947e-10	2
6283185.307179586	2373.6236236236236	2	0.8222966053042335	-8.724695846714955e-10	0
6283185.307179586	1677.927927927928	4	-0.8152804476161277	-2.0805362009071392e-10	1
6283185.307179586	1274.4244244244244	2	1.0238290343426497	-1.332937030890987e-09	0
6283185.307179586	1768.3683683683685	4	0.18561925056418715	-8.83203312213139e-10	0
6283185.307179586	3695.4454454454453	2	1.1028025562086063	1.0291371591529127e-09	0
6283185.307179586	1330.08008008008	3	-1.0518808658793075	5.015020099694303e-10	2
6283185.307179586	1086.5865865865867	4	0.3982957172030115	-7.508243226478263e-10	0
6283185.307179586	1455.3053053053054	3	-0.9840320402746042	-1.263028911747012e-09	0
6283185.307179586	1197.897897897898	4	0.3790890485964462	1.2698557072171259e-09	0
6283185.307179586	1441.3913913913914	5	-0.9139401442436899	4.5254141633745093e-10	2
6283185.307179586	2589.289289289289	2	-1.516362158217257	1.979968968428785e-09	1
6283185.307179586	1079.6296296296296	2	-1.44156954088921	1.2164596790549242e-09	2
6283185.307179586	1893.5935935935936	3	-1.1604619988094238	-1.0555941381860908e-09	1
6283185.307179586	2241.4414414414414	5	0.9894961785091057	-1.8811788731135017e-09	0
6283185.307179586	2331.881881881882	3	0.7070356208539255	7.381204264878531e-10	0
6283185.307179586	2331.881881881882	1	1.3256939164839756	4.2514015553988053e-10	2
6283185.307179586	1886.6366366366367	4	1.4140593733803732	5.569745943008164e-10	1
6283185.307179586	2227.5275275275276	5	0.7124710016607918	-8.564635088011126e-10	0
6283185.307179586	968.3183183183183	1	-1.4763017033904688	1.5925787664012358e-09	2
6283185.307179586	1037.887887887888	3	1.3613057278361853	1.6247674553732465e-09	1
6283185.307179586	1796.1961961961963	4	1.0864435652636693	-1.254221682057736e-09	0
6283185.307179586	1810.11011011011	2	0.9433769334357427	1.7550253503661764e-09	0
6283185.307179586	2366.6666666666665	2	1.040134354483571	9.54189224360992e-10	0
6283185.307179586	2255.3553553553556	5	1.0605759769396421	1.8621710506675653e-09	0
6283185.307179586	1371.821821821822	1	-0.3387467814419711	9.469346546415197e-10	0
6283185.307179586	2533.6336336336335	2	-0.35712460667083445	4.986737425363885e-10	0
6283185.307179586	696.996996996997	5	0.6907991612768805	1.0680678569950489e-10	2
6283185.307179586	1629.2292292292293	3	-0.9678936707498473	1.6143700250686772e-09	0
6283185.307179586	2651.901901901902	4	0.7119759121997418	6.161383662548842e-10	0
6283185.307179586	2269.2692692692694	3	-0.5061077316130094	-1.5292264693733146e-09	0
6283185.307179586	1030.930930930931	1	0.9070389233502412	-1.8397487013889094e-09	0
6283185.307179586	1594.4444444444446	3	1.2259855827281432	-1.6233609176944107e-09	0
6283185.307179586	2519.7197197197197	5	0.5911565484764725	8.131021992416754e-12	1
6283185.307179586	2060.5605605605606	4	1.0367857942856178	-1.919527464452925e-09	0
6283185.307179586	363.06306306306305	2	0.6921755694331	-4.4881181659866565e-10	1
6283185.307179586	1879.6796796796798	4	-0.5836544164737872	-1.7906590017128729e-09	0
6283185.307179586	989.1891891891892	1	1.1961487408163993	-1.5195625572658226e-09	2
6283185.307179586	376.97697697697697	3	-0.45763175150908575	-4.2494491615868633e-10	1
6283185.307179586	543.943943943944	2	-0.6468415204193607	-1.868202119758595e-09	0
6283185.307179586	2144.0440440440443	3	-0.9836849233015033	-1.8471841825625557e-09	0
6283185.307179586	857.007007007007	5	0.4102000916481805	1.3963974479499456e-09	0
6283185.307179586	933.5335335335336	5	0.7850108688643522	-1.9158030918715837e-09	0
6283185.307179586	1622.2722722722724	2	-1.2564808389935105	1.785787130714786e-09	0
6283185.307179586	1107.4574574574574	3	1.3562544234021527	-1.7917653079661712e-09	1
6283185.307179586	1149.1991991991993	5	-0.33656559051648105	-1.4938732388430172e-09	0
6283185.307179586	1796.1961961961963	5	1.0815383416028768	1.7247195558656127e-09	0
6283185.307179586	1051.801801801802	3	-0.09192728394322458	-6.515626271293941e-10	0
6283185.307179586	3611.961961961962	2	-0.7783686298797647	-2.164005841026505e-10	1
6283185.307179586	2540.5905905905906	3	-0.23821868890739295	7.51123888525687e-10	0
6283185.307179586	1907.5075075075076	5	-1.54342546203549	1.7074057804282651e-09	2
6283185.307179586	557.8578578578579	3	-0.44352712582137443	-5.177385649603144e-12	2
6283185.307179586	4050.2502502502502	2	-0.7512241545938442	-1.0239400856227197e-10	2
6283185.307179586	1135.2852852852852	2	0.6857389291052769	1.6548277949209351e-09	0
6283185.307179586	787.4374374374374	4	-0.8557855096236942	1.1509757416252984e-09	1
6283185.307179586	1601.4014014014015	3	-0.722858929411087	-1.8002526209683278e-10	2
6283185.307179586	836.1361361361362	5	0.6516560395214825	7.524674015376435e-10	1
6283185.307179586	1051.801801801802	4	-0.7606642918239831	1.0809369414557082e-09	0
6283185.307179586	119.56956956956957	5	-0.12652415565706066	-8.756231658264753e-10	0
6283185.307179586	731.7817817817818	4	1.5320156538665008	-3.045912579075415e-10	1
6283185.307179586	1970.1201201201202	2	-0.9814090535983454	1.0786528606414088e-09	0
6283185.307179586	1170.0700700700702	3	0.5341500831461321	-3.1072305495016216e-10	1
6283185.307179586	3138.888888888889	4	-1.1906433322426067	1.4948365751687998e-09	0
6283185.307179586	1698.7987987987988	2	-1.1315190830687136	-5.158962422336933e-10	2
6283185.307179586	620.4704704704704	2	-1.019117752228848	1.6905369059985129e-09	0
6283185.307179586	2032.7327327327328	2	-0.9580520769988671	-1.4836946212366373e-09	0
6283185.307179586	1984.034034034034	3	-0.0787256134467702	-1.6318619718385047e-09	0
6283185.307179586	905.7057057057058	2	-0.5977909339148842	-1.3524716199792373e-09	0
6283185.307179586	1921.4214214214214	2	0.6497000021310146	-6.571555926539584e-10	0
6283185.307179586	627.4274274274275	3	1.534285439107356	1.6106764830758278e-09	2
6283185.307179586	1030.930930930931	2	-0.0744706780617046	-1.6633078346691837e-09	0
6283185.307179586	850.0500500500501	2	1.2837106026918184	8.447950934970732e-10	1
6283185.307179586	2018.818818818819	1	0.210745556283354	1.243390475652396e-09	0
6283185.307179586	2498.848848848849	4	1.463153162996675	3.637706842906206e-10	2
6283185.307179586	1441.3913913913914	4	1.3158745383847559	1.3355045499092736e-10	1
6283185.307179586	1504.004004004004	4	-0.6195921521229709	5.887133138039371e-10	1
6283185.307179586	2109.259259259259	1	-0.4456934308653844	-5.926566705210853e-10	0
6283185.307179586	1956.2062062062062	2	-0.24888196442468824	1.2099847445972362e-09	0
6283185.307179586	1956.2062062062062	3	-0.5535788512789535	-1.2034864049320034e-09	0
6283185.307179586	926.5765765765766	1	0.14232693856481138	-4.209986484630491e-10	1
6283185.307179586	1879.6796796796798	1	1.526014287385582	1.23990806897607e-09	2
6283185.307179586	2304.054054054054	4	0.2906746344859914	-7.509721998473565e-10	0
6283185.307179586	1497.047047047047	5	-1.3168145627793653	-9.551798770835536e-10	2
6283185.307179586	1232.6826826826828	3	-0.6806579080847549	1.2023972450078242e-09	0
6283185.307179586	2394.4944944944946	5	-0.8459896636238923	4.882910261941193e-10	1
6283185.307179586	954.4044044044044	5	-1.2497317964298231	-1.3487960514099324e-09	1
6283185.307179586	961.3613613613613	4	-0.010412512883198444	-6.556966188916019e-10	0
6283185.307179586	1775.3253253253254	3	-1.4971349241353438	1.9404594977266124e-09	2
6283185.307179586	877.877877877878	1	-1.416941145555772	-1.775952894826304e-09	1
6283185.307179586	2422.322322322322	2	0.2610616789579765	1.386894973106461e-09	0
6283185.307179586	1462.2622622622623	3	1.0439515436960263	-1.6601566468674608e-09	0
6283185.307179586	530.03003003003	2	1.0668970872269083	1.8132389740927635e-09	0
6283185.307179586	1608.3583583583584	5	1.0545163488711409	-1.0727245304543543e-09	0
6283185.307179586	996.1461461461462	2	-1.536749489988409	1.8689636171905515e-09	1
6283185.307179586	1705.755755755756	1	1.4560254193843134	8.452467580315908e-10	2
6283185.307179586	1476.176176176176	2	1.4106728321808215	-1.2320633113553413e-10	1
6283185.307179586	2665.8158158158158	5	0.5550622849573341	1.1943121443373792e-09	0
6283185.307179586	1517.917917917918	1	0.7092509815654706	1.6090150602310272e-09	0
6283185.307179586	870.9209209209209	4	-0.2591840373759249	1.0806211266046715e-09	0
6283185.307179586	1935.3353353353355	2	-0.605866362466929	1.351948856625927e-09	0
6283185.307179586	1963.1631631631633	1	1.3309098198362985	-7.092314097523526e-10	2
6283185.307179586	2554.5045045045044	5	-1.399927491276593	1.81328620369782e-09	2
6283185.307179586	1768.3683683683685	5	0.8152776182771335	6.074810302767687e-10	2
6283185.307179586	1065.7157157157158	5	0.28380753705945083	1.4654048030638739e-09	0
6283185.307179586	1170.0700700700702	2	0.6436225348481792	-9.598638860978778e-11	1
6283185.307179586	439.5895895895896	1	-0.40766947298866807	5.587574943496073e-10	0
6283185.307179586	2937.1371371371374	3	1.5184303110142339	-1.9943125514714975e-10	2
6283185.307179586	1984.034034034034	4	0.5932695896650326	-1.3204924509792725e-09	0
6283185.307179586	1907.5075075075076	5	1.5351427593213676	-1.33711688426542e-09	2
6283185.307179586	1531.8318318318318	2	0.3259623796193627	1.88079605555149e-09	0
6283185.307179586	1963.1631631631633	1	0.05647207620819117	8.340224065285845e-10	0
6283185.307179586	2088.388388388388	5	0.27920476591974075	1.8426620998321044e-09	0
6283185.307179586	2123.1731731731734	5	-0.5996399077408953	6.515476431050215e-10	0
6283185.307179586	898.7487487487488	2	-0.48030916780415933	-1.0811839248328307e-09	0
6283185.307179586	1670.970970970971	2	-0.6471678514254035	-7.249755828773509e-10	0
6283185.307179586	2053.603603603604	5	-1.5599726911851792	-1.2428373235894517e-10	2
6283185.307179586	696.996996996997	5	1.3334058087734988	1.3382707686785534e-10	2
6283185.307179586	2784.084084084084	2	-1.4827573506915461	1.948587162860863e-09	2
6283185.307179586	1483.1331331331332	4	-0.8844808993127471	4.816836761711313e-10	1
6283185.307179586	2359.70970970971	5	-1.38102211219701	-1.4360887349857983e-09	1
6283185.307179586	1455.3053053053054	5	-1.3283607428263093	1.1989791630269367e-09	2
6283185.307179586	2436.2362362362364	3	-1.5255804898079168	9.581788461360476e-10	1
6283185.307179586	2512.762762762763	1	-1.1984173851108857	-6.05057094449431e-10	1
6283185.307179586	2686.6866866866867	3	-0.7740483632038492	1.4294880251228318e-09	0
6283185.307179586	2763.2132132132133	2	-0.14898518826839835	-1.329878349032189e-09	0
6283185.307179586	2060.5605605605606	3	0.8380354662135066	8.905987495126254e-10	0
6283185.307179586	2408.4084084084084	2	-0.17238154636319747	1.943245035230664e-09	0
6283185.307179586	1100.5005005005005	5	-1.4356287053706303	8.232032055281159e-10	2
6283185.307179586	2512.762762762763	4	0.11276632818633026	8.155545637391419e-10	0
6283185.307179586	787.4374374374374	3	0.13477578917875355	-7.814732687505504e-10	0
6283185.307179586	954.4044044044044	1	0.6122541218503885	1.6538804242787128e-09	0
6283185.307179586	1462.2622622622623	4	-0.6474612325490211	8.079921460007224e-10	0
6283185.307179586	940.4904904904905	3	-0.9936125960441419	-1.1665728959163203e-09	0
6283185.307179586	1204.854854854855	1	-0.15996052445327624	1.4268747896385222e-09	0
6283185.307179586	1288.3383383383384	2	0.2547655840033012	4.994947676557402e-10	0
6283185.307179586	1371.821821821822	1	-1.4115251063200227	-1.5749265424511108e-09	1
6283185.307179586	676.1261261261261	1	1.067951115400723	-1.8449769062977597e-09	1
6283185.307179586	2839.73973973974	4	-1.0955232246742272	8.05420023778451e-10	1
6283185.307179586	1476.176176176176	3	-1.41310749188938	-1.8524819897580064e-09	1
6283185.307179586	2665.8158158158158	2	1.3529075138359494	1.193036818539231e-09	1
6283185.307179586	2457.1071071071074	2	-1.0451153868972463	-1.1432892008118826e-09	0
6283185.307179586	1058.7587587587586	3	-0.665007100301952	-4.175280559238158e-10	2
6283185.307179586	1357.9079079079079	5	-0.3287837761964776	-5.436009886189638e-10	0
6283185.307179586	3319.76976976977	4	0.9500974103847026	3.138641313848149e-10	2
6283185.307179586	1844.8948948948948	4	-0.2953911922394381	1.1974407937321764e-09	0
6283185.307179586	2311.011011011011	4	-1.4462188342147047	-7.313873954569008e-10	1
6283185.307179586	1044.8448448448448	2	0.04882104696455891	-1.1618065897206595e-09	0
6283185.307179586	2338.838838838839	4	-0.537746477975106	-8.681252738865259e-10	0
6283185.307179586	1156.1561561561562	5	-1.0011149606617802	3.5188497166525255e-10	2
6283185.307179586	947.4474474474474	5	-1.414394791617569	-4.034966835507313e-10	2
6283185.307179586	1260.5105105105106	2	-1.555035725291694	3.308762398932356e-10	2
6283185.307179586	1295.2952952952953	3	-0.7901590661893553	-6.249173477344265e-10	1
6283185.307179586	1274.4244244244244	1	-0.5499686849573622	-1.473846497380135e-09	0
6283185.307179586	5309.45945945946	5	0.1323793063790859	-1.7840742035918888e-09	0
6283185.307179586	1761.4114114114116	4	-0.6524866681050143	-1.829866899187378e-09	0
6283185.307179586	2234.4844844844847	3	1.5439189291950002	-4.86185635947773e-10	1
6283185.307179586	1733.5835835835837	2	1.0121171625381629	9.22838871882823e-10	0
6283185.307179586	1302.2522522522522	3	-1.270661883746397	-8.137876327475891e-10	2
6283185.307179586	2561.4614614614616	3	0.14968514423502488	-5.62203958786104e-10	0
6283185.307179586	1942.2922922922924	4	0.1727387441205266	-1.4281946342908145e-09	0
6283185.307179586	1705.755755755756	4	-0.26311356306949607	1.7421895852303291e-09	0
6283185.307179586	3083.2332332332335	3	-0.20582677698664842	-1.2958043645140741e-09	0
6283185.307179586	1997.947947947948	2	0.0073837810194883335	2.210208260055108e-10	2
6283185.307179586	2631.031031031031	5	0.8706514881064673	5.862444444356656e-11	2
6283185.307179586	2916.2662662662665	4	1.1753085942529564	1.918443310492536e-09	0
6283185.307179586	2004.904904904905	2	-0.36830394580209225	1.102044136734529e-09	0
6283185.307179586	1441.3913913913914	5	1.1684325754023863	1.4930559344954765e-09	0
6283185.307179586	2018.818818818819	4	-0.42563844755664126	1.5869112934721183e-09	0
6283185.307179586	1023.973973973974	4	-0.977436870606691	-1.7392276590542806e-09	0
6283185.307179586	1121.3713713713714	3	1.1443451682084524	-9.466300629123014e-10	1
6283185.307179586	1177.027027027027	3	-0.5554428068112605	-1.085574128244539e-09	0
6283185.307179586	2658.858858858859	4	-0.8779823032728012	9.860648920063082e-10	0
6283185.307179586	2526.676676676677	4	0.16736429349946547	9.679059317069592e-10	0
6283185.307179586	1796.1961961961963	1	0.695357825656735	3.61005309597492e-10	2
6283185.307179586	1288.3383383383384	2	1.549039154125754	-1.1295169745776899e-10	1
6283185.307179586	884.8348348348349	3	0.42596268421529815	1.3740262304054397e-09	0
6283185.307179586	1872.7227227227227	5	-0.748927832690329	9.421968008177616e-10	0
6283185.307179586	2269.2692692692694	1	1.1347154658650203	-8.905083115047844e-10	2
6283185.307179586	1636.1861861861862	1	0.347760548582023	1.8358362944534068e-09	0
6283185.307179586	2832.7827827827828	2	-1.0555997601243625	-7.138720685763689e-10	1
6283185.307179586	1705.755755755756	1	-0.019490885529407143	1.0511981064388517e-10	2
6283185.307179586	1309.2092092092093	5	-0.03241528871123345	-5.111148641114217e-10	0
6283185.307179586	2637.987987987988	2	-0.4968676447750482	-6.801513658593858e-10	0
6283185.307179586	1163.113113113113	4	-0.39180603238685396	-2.1166987966061859e-10	1
6283185.307179586	516.1161161161161	5	0.23595035618677263	-6.534746949441069e-10	0
6283185.307179586	724.8248248248249	3	-0.7710831692641209	-1.0773251042388574e-09	0
6283185.307179586	1865.7657657657658	1	-0.24865159930339087	1.0509717719414504e-09	0
6283185.307179586	1698.7987987987988	3	0.21596465299174028	-1.5245133993113723e-09	0
6283185.307179586	2533.6336336336335	1	-1.1381925592162183	-1.890473890484646e-10	2
6283185.307179586	1274.4244244244244	4	1.0707319129276716	1.993684548986464e-09	0
6283185.307179586	1900.5505505505505	2	0.06272030831982978	-6.372829076805889e-10	0
6283185.307179586	1935.3353353353355	5	-0.16951223569988527	-9.078091074790066e-10	0
6283185.307179586	1552.7027027027027	4	-0.628725418433451	-8.945268512323935e-10	0
6283185.307179586	857.007007007007	5	-0.7467255937614168	-3.5084332775220156e-10	1
6283185.307179586	2930.1801801801803	5	-1.0315899252632066	5.157708689296338e-10	2
6283185.307179586	1636.1861861861862	3	-0.5074923910544675	-1.081660265897361e-09	0
6283185.307179586	1455.3053053053054	4	-0.38400698099348785	1.8237777794828836e-09	0
6283185.307179586	1545.7457457457458	3	-0.018166768302576575	4.587456754915055e-10	1
6283185.307179586	1942.2922922922924	4	1.3975044089911535	1.6294313971731424e-09	2
6283185.307179586	1726.6266266266266	4	-0.9574500237760084	6.817779793166886e-10	2
6283185.307179586	1448.3483483483483	2	-1.2411385220270081	1.2657626274860483e-09	1
6283185.307179586	1907.5075075075076	1	1.4341779740049128	-1.6150708122017866e-09	2
6283185.307179586	1051.801801801802	5	-0.7980204601742699	-7.188382477443089e-10	0
6283185.307179586	2380.5805805805808	4	-0.27402176331223016	-1.0858082566043722e-09	0
6283185.307179586	1156.1561561561562	4	-0.21616141544091372	4.47114536158764e-10	1
6283185.307179586	2276.226226226226	2	-0.34772834309363776	-7.170775876418679e-10	0
6283185.307179586	634.3843843843844	3	-0.46226537400426415	7.613584946066462e-11	1
6283185.307179586	3118.018018018018	2	1.520484112055017	-2.4872429716476408e-11	2
6283185.307179586	787.4374374374374	1	-1.4057517989336004	1.3819822331832756e-09	1
6283185.307179586	1726.6266266266266	4	-0.9280219511333052	1.6487802396624441e-10	1
6283185.307179586	3104.1041041041044	3	-0.5712850562392011	7.651980920961888e-10	0
6283185.307179586	1128.3283283283283	1	1.429040263165676	-1.664192850389704e-09	2
6283185.307179586	1587.4874874874874	1	-1.3911620733521697	-1.5270708217535188e-09	2
6283185.307179586	606.5565565565565	4	-0.5541062789545559	-1.8315700333068007e-09	0
6283185.307179586	1872.7227227227227	4	1.1823631993257306	-1.2708063372555652e-09	0
6283185.307179586	272.62262262262266	3	0.6360988493142776	-6.862643201549817e-10	1
6283185.307179586	2380.5805805805808	5	0.37326251670212396	1.6278875234500615e-09	0
6283185.307179586	1872.7227227227227	5	-1.035210842633592	-7.046809038749914e-10	2
6283185.307179586	787.4374374374374	3	1.1376164519228347	-4.0909324604543156e-10	1
6283185.307179586	2053.603603603604	2	0.2073092662853242	-1.3035134585852931e-09	0
6283185.307179586	2498.848848848849	3	-1.397056332523988	5.149225524123218e-10	2
6283185.307179586	2763.2132132132133	2	0.6974602820364937	-2.7050987171871853e-12	1
6283185.307179586	1316.1661661661662	5	-0.05635801274676866	1.6814160414176386e-09	0
6283185.307179586	1357.9079079079079	1	-0.49614950251864354	3.54178871895746e-10	2
6283185.307179586	2791.041041041041	1	-0.5270882888407871	8.28550737091451e-10	0
6283185.307179586	2985.835835835836	3	-0.10752028204343733	-1.8818140771940877e-09	0
6283185.307179586	1037.887887887888	3	0.5319145811766863	1.916129290644774e-09	0
6283185.307179586	1455.3053053053054	1	-0.17846000843532672	-9.225083561947224e-10	0
6283185.307179586	1531.8318318318318	2	0.03409680461173559	-8.008389812950988e-10	0
6283185.307179586	2617.1171171171172	2	1.5583567169831167	-4.9492237321351e-11	1
6283185.307179586	1907.5075075075076	3	1.4005190386137722	-6.827078616882347e-11	1
6283185.307179586	1615.3153153153153	4	0.6399873550419266	8.597311139069582e-10	0
6283185.307179586	1434.4344344344345	2	0.2974461340597838	-4.506820827378025e-10	1
6283185.307179586	2498.848848848849	3	1.4330840446374542	1.0086129449406391e-09	1
6283185.307179586	1364.864864864865	2	0.3106648923139388	-1.6316658960750565e-09	0
6283185.307179586	2095.3453453453453	5	-0.6110105433439925	-8.310609854514423e-10	0
6283185.307179586	1990.9909909909911	3	-1.5352266094944205	1.498213921264253e-09	1
6283185.307179586	2519.7197197197197	2	0.7529315857220458	1.6865086981698267e-09	0
6283185.307179586	662.2122122122122	2	-0.1899689433218208	-1.9772037387195007e-09	0
6283185.307179586	1879.6796796796798	4	0.07965502020736492	5.602517972120673e-10	0
6283185.307179586	2401.4514514514517	1	1.4624937356325098	3.1541540364302286e-10	2
6283185.307179586	1719.6696696696697	2	0.8866244154282348	-1.0480931100987081e-09	0
6283185.307179586	1371.821821821822	5	-1.3842377342193448	4.891322953045893e-10	2
6283185.307179586	1288.3383383383384	4	1.5403119633825244	1.7268641250558562e-09	1
6283185.307179586	2074.474474474475	5	-0.7050877790970429	-1.7338413643343804e-09	0
6283185.307179586	3159.75975975976	5	0.028819837431935058	1.6696334354702508e-09	0
6283185.307179586	1309.2092092092093	5	-1.4049777362881237	-3.3603579664801447e-10	2
6283185.307179586	1427.4774774774776	4	0.31541203342998503	1.9195507928106113e-09	0
6283185.307179586	1977.077077077077	5	0.38110684815130647	-1.7999722619614074e-10	2
6283185.307179586	1754.4544544544544	4	1.19900579081171	9.692518548257766e-10	1
6283185.307179586	1719.6696696696697	4	-0.7223715123342583	6.409998790100046e-10	1
6283185.307179586	1984.034034034034	1	-0.01854000811428147	3.7669561342258824e-10	1
6283185.307179586	1065.7157157157158	1	0.36853459818696055	3.13113542355348e-10	1
6283185.307179586	926.5765765765766	3	1.0985789954311596	-1.9457563518800473e-09	0
6283185.307179586	1497.047047047047	2	0.2861283958245151	3.8380339611432125e-10	2
6283185.307179586	1316.1661661661662	1	1.1511845600979829	-1.830382482328822e-09	0
6283185.307179586	1406.6066066066066	3	-1.1901259473222359	1.3167064518756575e-09	1
6283185.307179586	2032.7327327327328	4	-0.41288834940391417	3.0560816532563633e-10	1
6283185.307179586	954.4044044044044	5	0.15491014548246662	1.9343022380475463e-09	0
6283185.307179586	1594.4444444444446	1	-0.46484263713897755	-1.490346934158346e-09	0
6283185.307179586	2596.2462462462463	5	-1.08010112981031	1.413105641773103e-10	2
6283185.307179586	2324.924924924925	5	-0.3657385945601235	1.721380895569707e-09	0
6283185.307179586	1177.027027027027	3	1.340597910804521	4.5995242931740034e-10	1
6283185.307179586	1670.970970970971	5	-1.3548386115385707	-5.721172797342132e-10	2
6283185.307179586	2589.289289289289	3	0.6908803739660057	-5.610303861189965e-10	0
6283185.307179586	1295.2952952952953	4	0.18975689618393354	-7.637091599915237e-10	0
6283185.307179586	1434.4344344344345	5	-0.9443189783087962	8.72840782521164e-10	2
6283185.307179586	2297.097097097097	5	-1.3317478331935066	-1.3256478973256823e-09	2
6283185.307179586	2317.967967967968	2	1.2460514140887051	9.920009881676985e-10	1
6283185.307179586	1149.1991991991993	5	-0.6516002178402778	-7.483714600826091e-11	2
6283185.307179586	1309.2092092092093	3	0.6108728920565847	1.5644490989684917e-09	0
6283185.307179586	1775.3253253253254	4	0.40079545791122895	-1.8115171005829153e-09	0
6283185.307179586	1309.2092092092093	5	-0.5727161567815054	6.121760011936318e-10	1
6283185.307179586	1497.047047047047	4	0.09894573413744356	-5.467824387213415e-10	0
6283185.307179586	2338.838838838839	5	0.969591220583657	1.440748553701601e-09	0
6283185.307179586	1378.7787787787788	5	0.506636791332415	1.896021432836899e-09	0
6283185.307179586	1462.2622622622623	5	-0.4736089339834293	4.856633470129395e-10	2
6283185.307179586	1907.5075075075076	5	-1.2185639941997555	1.9824214555593427e-09	0
6283185.307179586	1343.993993993994	1	0.42524186060070335	-3.7009381301836895e-10	1
6283185.307179586	3194.544544544545	4	-0.35637872701005113	-1.7820367611487016e-09	0
6283185.307179586	523.0730730730731	4	1.005523185527641	-4.201612311792405e-11	1
6283185.307179586	1281.3813813813815	2	1.1493627084944382	3.8979111620861206e-10	2
6283185.307179586	1636.1861861861862	3	-1.3472586235865216	-1.3871186095192615e-09	2
6283185.307179586	996.1461461461462	4	0.6173617136871301	7.527436880381295e-10	2
6283185.307179586	1448.3483483483483	4	-0.38162206119007025	-7.766519364037936e-11	2
6283185.307179586	3500.6506506506507	3	-1.2980395806302552	3.198337575826816e-10	2
6283185.307179586	1343.993993993994	3	-0.8544131834224922	1.3879685754229892e-09	0
6283185.307179586	2366.6666666666665	5	1.384337877456824	-1.597413805356874e-10	1
6283185.307179586	2283.1831831831832	3	0.4416799001873737	8.505953901552571e-10	0
6283185.307179586	1573.5735735735736	5	1.5352531389465391	2.7692473806307174e-10	1
6283185.307179586	2262.3123123123123	4	1.3190897051542008	6.312542693528992e-10	1
6283185.307179586	1587.4874874874874	3	-0.06899514488644853	-4.1884699991735094e-10	2
6283185.307179586	1594.4444444444446	4	-0.2479127856797667	-9.518578334421398e-10	0
6283185.307179586	1156.1561561561562	1	1.3463542942269977	1.9054625605556304e-09	1
6283185.307179586	1058.7587587587586	1	0.4608921028336508	-1.8077851485670658e-09	0
6283185.307179586	1434.4344344344345	5	0.8643740380561673	-1.1026200289828677e-09	0
6283185.307179586	1789.2392392392394	5	-1.4520566369746564	4.5478477021100086e-11	2
6283185.307179586	829.1791791791792	3	0.39439355096723006	-8.119141990939957e-10	0
6283185.307179586	1956.2062062062062	5	1.012648285657633	-1.7110411069290243e-09	0
6283185.307179586	690.04004004004	1	-1.229885787415521	-1.8044855385070513e-10	2
6283185.307179586	1441.3913913913914	5	-1.526133854436806	1.7898973403892591e-10	2
6283185.307179586	1107.4574574574574	1	-0.13364192770732908	3.98685531762454e-10	0
6283185.307179586	210.01001001001	4	0.06218686270536389	-1.1510751413512957e-09	0
6283185.307179586	1037.887887887888	5	-0.9294947140162689	6.451349651311366e-10	2
6283185.307179586	1420.5205205205204	5	0.59111059157182	-1.8252809073782259e-09	0
6283185.307179586	1350.950950950951	4	1.5100306788947373	1.7222527016608417e-09	1
6283185.307179586	2206.6566566566567	4	0.2100922275301853	3.650979414463764e-10	2
6283185.307179586	2359.70970970971	1	1.5295113431258458	-2.1028148100386411e-10	2
6283185.307179586	3382.3823823823823	3	-0.407867119966548	-1.5146206098250603e-09	0
6283185.307179586	3667.6176176176177	3	-1.3328450566683387	9.83369222612128e-10	1
6283185.307179586	2123.1731731731734	5	0.5093234327760743	-6.816716982779952e-10	0
6283185.307179586	961.3613613613613	2	-0.38897523442809456	-1.7843085954714868e-10	1
6283185.307179586	822.2222222222223	4	-0.6279030723271521	1.94309937762853e-09	0
6283185.307179586	2192.742742742743	4	-0.3877008969981981	1.5001211245914372e-09	0
6283185.307179586	1559.6596596596596	2	1.3196807055229653	9.087447672881565e-11	1
6283185.307179586	2025.7757757757759	2	1.1438703039045963	-1.4275944408793997e-09	0
6283185.307179586	2505.805805805806	2	1.4133381701283314	-1.1656960813330337e-09	2
6283185.307179586	898.7487487487488	3	1.1039418043577864	-1.5429847608782678e-10	1
6283185.307179586	2408.4084084084084	5	-1.188881923366619	1.1231817635620815e-09	1
6283185.307179586	2109.259259259259	2	-1.0391495842317569	1.741911412372747e-09	0
6283185.307179586	1121.3713713713714	2	0.6873050784048464	-1.830844515450922e-09	0
6283185.307179586	495.24524524524526	3	0.9977383306195913	-1.7371843974456108e-09	0
6283185.307179586	2784.084084084084	2	-0.28950400715016933	1.726092844101185e-09	0
6283185.307179586	1330.08008008008	2	1.3049964657611377	9.34057318922161e-10	1
6283185.307179586	1177.027027027027	2	0.32833359396834894	5.45032016174233e-10	0
6283185.307179586	815.2652652652653	1	-0.17369133734853737	9.066432376355072e-10	0
6283185.307179586	2192.742742742743	3	0.7994340670481859	1.2221424746881215e-09	0
6283185.307179586	982.2322322322323	2	0.25145866861515453	1.8511795689786277e-09	0
6283185.307179586	1246.5965965965966	3	-1.2459197183619162	-7.637149009555362e-10	1
6283185.307179586	1469.2192192192192	3	-1.239216275429854	3.003403803446521e-10	2
6283185.307179586	1357.9079079079079	2	-0.02907472223862051	6.70902634985967e-10	0
6283185.307179586	1343.993993993994	2	0.12634135199257313	-1.8508502965198797e-10	1
6283185.307179586	1392.6926926926926	5	0.03438990130944708	9.108489345848351e-10	0
6283185.307179586	1698.7987987987988	5	0.007357676842621785	1.023693555163455e-09	0
6283185.307179586	2046.6466466466468	3	-0.3192125121080722	7.131036101609967e-10	0
6283185.307179586	2359.70970970971	4	0.7784190988978072	-1.0511730450273902e-09	0
6283185.307179586	2937.1371371371374	5	1.5700029344692488	-1.3869554519465319e-09	2
6283185.307179586	1281.3813813813815	3	0.314897933914956	8.460413140854082e-10	0
6283185.307179586	1893.5935935935936	4	1.352588271899609	-1.4664823482375265e-09	2
6283185.307179586	425.6756756756757	3	-1.1059106931392126	-1.083700737337105e-09	1
6283185.307179586	808.3083083083084	5	1.0101402406514275	4.200750556262072e-10	1
6283185.307179586	2269.2692692692694	1	-0.6024117698594005	-8.923411481982685e-10	0
6283185.307179586	2811.911911911912	4	1.468108634987979	3.54474811588746e-10	2
6283185.307179586	891.7917917917919	3	1.1203375214221802	3.1798487086181193e-10	2
6283185.307179586	3987.637637637638	5	-0.74713451225263	-1.3222936416305863e-09	0
6283185.307179586	2464.064064064064	5	-0.018056056990638725	1.87959769899321e-09	0
6283185.307179586	1594.4444444444446	4	0.013982295511371978	-1.1843185656363478e-09	0
6283185.307179586	634.3843843843844	4	0.17593853313588093	1.1312297967353038e-09	1
6283185.307179586	2088.388388388388	3	0.347618812535315	9.824577833842783e-10	0
6283185.307179586	1726.6266266266266	1	-0.05216601281311117	7.15448955815804e-10	0
6283185.307179586	1246.5965965965966	1	-0.6105809020544943	9.394701625607718e-11	2
6283185.307179586	627.4274274274275	5	1.336308850670627	-1.2342101921882644e-09	2
6283185.307179586	1650.1001001001002	4	0.03136848964925565	1.6988435936470939e-09	0
6283185.307179586	655.2552552552553	1	0.9350957842167915	2.7330485492038107e-10	1
6283185.307179586	1997.947947947948	1	-1.4074582840629541	-9.79728651400722e-10	2
6283185.307179586	1406.6066066066066	1	-1.0054969706092278	-1.0151625847293406e-09	2
6283185.307179586	2053.603603603604	2	0.3108233980965376	4.979970896912439e-10	0
6283185.307179586	1768.3683683683685	1	1.4054451152444498	-1.8591723152777982e-09	1
6283185.307179586	2331.881881881882	2	-0.8335309960259268	1.1786096891538195e-09	0
6283185.307179586	1921.4214214214214	4	-1.4032309394857863	9.801674125337115e-10	1
6283185.307179586	1121.3713713713714	2	0.22818522790329454	-2.2896248645598223e-10	1
6283185.307179586	1197.897897897898	4	-0.8057286565892992	9.128783371237895e-10	0
6283185.307179586	1218.7687687687687	3	0.1791937241344066	-9.067311318589231e-10	0
6283185.307179586	780.4804804804805	3	-0.6632291756017376	-4.2948226099605924e-10	1
6283185.307179586	996.1461461461462	4	-0.17002227715198837	-8.416032938393551e-10	0
6283185.307179586	370.02002002002	3	0.23590967843341915	1.2838720374521878e-10	2
6283185.307179586	1594.4444444444446	3	-0.11254891766718211	1.1283762070311008e-10	1
6283185.307179586	1455.3053053053054	3	-0.43965049283323077	-8.877881762176685e-10	0
6283185.307179586	1810.11011011011	3	0.37051453427530956	-1.0521471391571656e-09	0
6283185.307179586	1030.930930930931	4	0.4398680258638956	-1.1035123220871914e-09	0
6283185.307179586	870.9209209209209	4	1.5365346559967947	1.6253507679863677e-09	1
6283185.307179586	2039.6896896896897	4	-0.8424660396246171	1.124096630211955e-09	0
6283185.307179586	196.0960960960961	4	-0.44270554904508574	-3.9557288872549186e-10	0
6283185.307179586	1316.1661661661662	2	-1.0493761052322803	-1.3606741302971833e-10	1
6283185.307179586	2415.3653653653655	5	-1.1430664821316672	-3.0261368269747993e-10	2
6283185.307179586	1837.937937937938	4	0.10619545557980681	1.9409732233218e-09	0
6283185.307179586	2130.13013013013	3	1.5123199370222626	1.8113320676947516e-09	2
6283185.307179586	926.5765765765766	4	-0.8514016375621578	1.8216952112288847e-09	0
6283185.307179586	1218.7687687687687	1	0.04334088059418795	-1.0640354153741401e-09	0
6283185.307179586	1163.113113113113	2	-1.5201712752687784	-3.167842604913736e-10	1
6283185.307179586	2860.610610610611	1	0.4036193382923432	-3.8010821356664205e-10	2
6283185.307179586	1462.2622622622623	2	0.7912191388930943	-9.017808997087638e-11	2
6283185.307179586	1796.1961961961963	5	-1.5283301852867803	1.7425977367086757e-09	2
6283185.307179586	1796.1961961961963	5	0.6683944424359853	-4.853148003168682e-10	1
6283185.307179586	2867.5675675675675	1	0.7643257404230908	-1.9774700824932453e-10	2
6283185.307179586	738.7387387387388	3	0.16301878527873348	1.856112582627729e-09	0
6283185.307179586	801.3513513513514	3	0.9588928600964417	1.6087351795438566e-09	0
6283185.307179586	1754.4544544544544	2	1.3574773647410683	-8.1724341209631e-10	1
6283185.307179586	2060.5605605605606	2	-0.6514257699493259	5.123723117662491e-11	2
6283185.307179586	2937.1371371371374	1	-0.6540664126902402	-7.820189992011022e-10	0
6283185.307179586	710.910910910911	1	0.24413127496309905	1.7507633237058793e-09	0
6283185.307179586	2164.914914914915	5	0.3000893312197441	-9.74425428443639e-10	0
6283185.307179586	2164.914914914915	1	0.3185094245039235	-8.854625947588467e-11	2
6283185.307179586	905.7057057057058	1	0.9159510891103535	1.0019431541206777e-09	0
6283185.307179586	4064.164164164164	4	-1.5381705790960032	5.678893487995136e-10	2
6283185.307179586	1545.7457457457458	1	0.18409489507136323	-8.852783255052607e-10	0
6283185.307179586	1239.6396396396397	3	0.13952354850235826	-4.390556408397136e-10	1
6283185.307179586	1664.014014014014	4	0.9327149954778111	1.3770924087506628e-09	0
6283185.307179586	738.7387387387388	4	1.169839593735544	8.010568275596553e-10	2
6283185.307179586	1037.887887887888	5	0.6405467488552863	-5.942977792199461e-10	0
6283185.307179586	1413.5635635635635	4	0.9426135023448619	-3.8733441158755124e-10	1
6283185.307179586	1114.4144144144145	3	-0.16461996520919953	1.3054632819117086e-09	0
6283185.307179586	2227.5275275275276	1	1.4494453368960745	-1.3952384594511131e-09	2
6283185.307179586	1733.5835835835837	3	0.6832466646414757	7.048476767812493e-10	0
6283185.307179586	1796.1961961961963	2	1.4736934935325237	-1.7275684752344432e-09	1
6283185.307179586	2610.16016016016	5	0.2925831576182323	-1.293830822327688e-10	2
6283185.307179586	1225.7257257257259	5	0.11672842290899088	1.8097706856151714e-09	0
6283185.307179586	1970.1201201201202	4	1.253618165488163	1.2561058547638387e-09	1
6283185.307179586	2533.6336336336335	1	0.30270172485705427	-1.4101880177790874e-09	0
6283185.307179586	780.4804804804805	3	-1.3904366337226777	-2.463497954517253e-10	1
6283185.307179586	2311.011011011011	3	0.5587029857422916	-1.4069951595617007e-09	0
6283185.307179586	272.62262262262266	4	-0.19547030795212894	-1.92141030477764e-09	0
6283185.307179586	2540.5905905905906	2	1.2696464059476762	1.5225797802312662e-09	0
6283185.307179586	2025.7757757757759	5	-1.3188324055428788	1.1932023406358865e-09	1
6283185.307179586	2053.603603603604	1	-1.4405729973676435	1.105162289268714e-09	2
6283185.307179586	2234.4844844844847	3	0.3689791208469193	-6.185366105660304e-10	0
6283185.307179586	488.2882882882883	4	-0.8900109090680992	-8.452566160209116e-10	0
6283185.307179586	1893.5935935935936	2	-0.30380049517743135	-1.9258513716079697e-09	0
6283185.307179586	2589.289289289289	4	0.07182772287452321	-1.5216201599885012e-09	0
6283185.307179586	1684.884884884885	3	-1.231906707241481	1.6625122672839502e-10	2
6283185.307179586	2032.7327327327328	5	-0.4254686732943247	-9.053413100432981e-10	0
6283185.307179586	1476.176176176176	3	-1.4288129087789203	5.777317281869312e-10	1
6283185.307179586	1003.1031031031031	2	-0.2671774188564391	-1.7423026455876981e-09	0
6283185.307179586	1253.5535535535537	2	0.7317379993233177	2.248801401648922e-10	2
6283185.307179586	2164.914914914915	5	-1.0834651777756097	4.696657275565787e-10	2
6283185.307179586	1594.4444444444446	1	0.12787966260130346	-2.431760536960299e-10	2
6283185.307179586	947.4474474474474	3	-0.1623847834234171	1.2432982396562192e-09	0
6283185.307179586	669.1691691691692	1	-1.3202154895123055	1.8859434051231787e-09	2
6283185.307179586	1601.4014014014015	5	-0.4305725257173907	9.032189213079606e-10	0
6283185.307179586	1851.851851851852	4	1.3850534530534961	-1.6618719422318838e-09	2
6283185.307179586	1865.7657657657658	3	0.9611024745606844	-8.54459880362069e-10	0
6283185.307179586	2603.2032032032034	1	-0.1932281889670886	-1.3720002524307107e-10	1
6283185.307179586	2791.041041041041	5	-1.3303594887602512	5.98293684625945e-10	2
6283185.307179586	3020.6206206206207	5	-0.9055561434947662	3.2341909622585634e-10	1
6283185.307179586	1865.7657657657658	5	1.3502898642136598	-5.505816882590322e-10	1
6283185.307179586	2157.957957957958	1	-1.3012540922085738	1.9160008953076884e-09	0
6283185.307179586	2714.5145145145148	3	1.4455660090989024	1.9216405251593697e-09	2
6283185.307179586	1531.8318318318318	3	-0.8974646088782832	-8.450505964080458e-10	0
6283185.307179586	2498.848848848849	4	0.032573262322515895	1.0552829490477553e-09	0
6283185.307179586	1420.5205205205204	1	0.4443633738095758	3.0575935705030457e-10	2
6283185.307179586	724.8248248248249	3	1.5481634835745335	-1.2113741126215554e-09	2
6283185.307179586	1893.5935935935936	4	0.39560506320039734	4.61663751507773e-10	2
6283185.307179586	2721.4714714714714	4	1.0368435063826915	7.562886919467702e-11	1
6283185.307179586	1385.7357357357357	2	-1.1639701892375947	6.435403529483837e-10	1
6283185.307179586	3298.898898898899	1	0.8063409524669019	-2.154619402307817e-10	2
6283185.307179586	996.1461461461462	4	-0.0023741293694727883	1.8090883935626012e-09	0
6283185.307179586	2074.474474474475	1	1.031703632354111	-1.6224435767315272e-09	0
6283185.307179586	1385.7357357357357	3	-0.2169547538637946	-7.081890099662057e-10	0
6283185.307179586	1601.4014014014015	4	0.8692611844014384	-8.43843695599889e-10	0
6283185.307179586	857.007007007007	2	-0.34740745682156127	-1.9960574238167564e-10	1
6283185.307179586	2735.3853853853852	2	-1.4029342178354227	5.635776371022271e-10	1
6283185.307179586	2359.70970970971	4	-0.06962598790211305	-1.1647613142648083e-09	0
6283185.307179586	905.7057057057058	1	-1.3360698630415364	6.683546755154645e-10	2
6283185.307179586	1337.0370370370372	5	-0.9122234563972328	1.01079860767793e-09	1
6283185.307179586	2276.226226226226	1	0.8883842529322492	7.837564418994681e-10	0
6283185.307179586	2422.322322322322	5	0.3676773677288647	8.781358187191526e-10	0
6283185.307179586	1740.5405405405406	2	-0.6532147803982531	-9.940813296951433e-10	0
6283185.307179586	1650.1001001001002	3	0.396950995257892	-3.351844021603836e-10	1
6283185.307179586	2464.064064064064	4	0.11573327247013565	-7.345169437336746e-10	0
6283185.307179586	2178.828828828829	2	0.48476102440798163	-2.3179892860532112e-10	1
6283185.307179586	3048.4484484484487	5	0.968937834304334	4.169998304322457e-10	1
6283185.307179586	3208.4584584584586	3	-1.3234785998755934	-8.175431235726968e-10	1
6283185.307179586	1636.1861861861862	2	-0.4099082326127568	-4.780862936478743e-10	2
6283185.307179586	1942.2922922922924	5	0.4486744719893583	-7.753018759347432e-10	0
6283185.307179586	1733.5835835835837	2	0.544445098780876	2.056779646499843e-10	1
6283185.307179586	2018.818818818819	3	1.4048268648812599	1.8402749874976173e-09	1
6283185.307179586	1239.6396396396397	3	-0.30438452296626495	-9.841837565077572e-10	0
6283185.307179586	2624.0740740740744	4	1.1649376683179273	2.339597412646549e-10	1
6283185.307179586	2589.289289289289	2	0.3315614225389121	-1.3339318563447195e-09	0
6283185.307179586	2471.021021021021	4	-0.5515967001944433	9.279324121950721e-10	0
6283185.307179586	1830.980980980981	1	-0.9806921071494842	-1.7710512013761131e-09	0
6283185.307179586	2665.8158158158158	2	0.4863316096282362	1.890876737598857e-09	0
6283185.307179586	1733.5835835835837	1	0.06061501786647705	6.335286813586308e-10	0
6283185.307179586	2547.5475475475478	4	1.4475042158624194	1.1131982772616372e-09	1
6283185.307179586	2526.676676676677	3	0.6948086609284019	-7.959441785580485e-10	0
6283185.307179586	2756.256256256256	5	1.3231213983235732	-1.5770097283301303e-09	1
6283185.307179586	2735.3853853853852	3	0.9773265185708571	-5.285205474264305e-11	2
6283185.307179586	3243.2432432432433	5	1.0450019827973338	-1.5538845793561836e-09	0
6283185.307179586	2116.2162162162163	5	1.4990346361532847	1.3853550169766243e-09	1
6283185.307179586	1997.947947947948	4	-0.4981811645939138	4.955050681942513e-10	1
6283185.307179586	1246.5965965965966	4	-0.05808565354014794	-1.6596277562777263e-09	0
6283185.307179586	1677.927927927928	1	-0.9279780053252754	-1.988971778701327e-09	0
6283185.307179586	2554.5045045045044	4	0.8797275575212344	-4.616482219437366e-10	2
6283185.307179586	3034.5345345345345	3	-1.100369771856512	-6.852653892261068e-10	2
6283185.307179586	1427.4774774774776	1	1.1806115943271216	-5.929685235853338e-10	2
6283185.307179586	2345.795795795796	4	1.0861463489063157	2.1966785163627416e-10	2
6283185.307179586	1524.8748748748749	2	0.4467898325030797	3.608621613312616e-10	2
6283185.307179586	1385.7357357357357	5	0.08592804141264643	1.7000821691866024e-09	0
6283185.307179586	1963.1631631631633	2	-0.06884808150122801	9.465018076072283e-10	0
6283185.307179586	592.6426426426426	3	-0.7923221524014807	1.4284887060707074e-09	0
6283185.307179586	1858.8088088088089	4	1.0633429936165117	-1.3086946010294575e-09	0
6283185.307179586	822.2222222222223	1	-0.7822232400193428	1.6871148816614032e-09	0
6283185.307179586	2137.087087087087	4	0.9074264874408855	3.35456724878336e-10	2
6283185.307179586	1357.9079079079079	1	0.630486452307403	1.9724119432694444e-09	0
6283185.307179586	1963.1631631631633	4	-0.9733763035593547	-6.574599401209459e-10	1
6283185.307179586	3194.544544544545	1	1.4821747924118704	9.500524698642895e-10	2
6283185.307179586	2665.8158158158158	2	-0.292947854739138	-1.1198013318640293e-10	1
6283185.307179586	1559.6596596596596	3	0.5560843409292562	7.114315155609895e-10	0
6283185.307179586	2060.5605605605606	3	-0.4101771391557718	1.7782824269068483e-09	0
6283185.307179586	1650.1001001001002	2	-1.5176847471383033	1.0687937892661544e-09	1
6283185.307179586	1232.6826826826828	2	-0.6630328015554078	-1.574333912510828e-09	0
6283185.307179586	189.13913913913913	3	-1.3138049654522135	-1.5762863554705288e-09	2
6283185.307179586	2255.3553553553556	1	-0.32667493095423716	1.4012352393727062e-11	2
6283185.307179586	1406.6066066066066	5	-1.0204986788595014	-1.230956944195051e-09	0
6283185.307179586	1343.993993993994	4	1.4222799475307832	1.3756606160843657e-09	2
6283185.307179586	1942.2922922922924	2	0.2792847139560719	8.09916687213657e-10	0
6283185.307179586	1782.2822822822823	5	1.1313126444865875	1.8614312094198086e-09	0
6283185.307179586	863.963963963964	2	0.9866668290604759	-1.6164286798496478e-09	0
6283185.307179586	3048.4484484484487	2	-0.48449110346846713	-1.8900478187693222e-09	0
6283185.307179586	891.7917917917919	2	-1.188587391523677	1.3575681551341154e-09	2
6283185.307179586	1928.3783783783783	2	-1.0773250377476367	-7.737736478645024e-10	1
6283185.307179586	822.2222222222223	4	0.9858453721973222	3.877498866621138e-10	2
6283185.307179586	2978.878878878879	2	-1.5271981341310463	-1.2857573448325544e-09	2
6283185.307179586	1552.7027027027027	2	0.9723745247562854	1.5587615747239394e-09	0
6283185.307179586	1545.7457457457458	3	-1.4521456335024416	1.382616372226745e-09	2
6283185.307179586	3034.5345345345345	4	-0.027469594384211815	8.438824370742315e-10	0
6283185.307179586	2637.987987987988	2	1.483329770159389	1.0761137576697095e-09	2
6283185.307179586	2617.1171171171172	5	0.6734536419200201	-1.6163173183152392e-09	0
6283185.307179586	961.3613613613613	3	1.0911789206643867	8.270492037477503e-10	1
6283185.307179586	1149.1991991991993	3	-1.2064381691154662	1.5774771334616897e-09	1
6283185.307179586	1170.0700700700702	1	0.6813012896466843	1.3555677899743413e-09	0
6283185.307179586	2617.1171171171172	3	-0.07749953981406943	-8.669485724805145e-10	0
6283185.307179586	2269.2692692692694	4	-1.3148558760043112	4.458267792471544e-10	2
6283185.307179586	641.3413413413414	5	1.3577127199407908	1.4832245897400702e-09	2
6283185.307179586	1260.5105105105106	2	1.475180196255208	-1.3008308327119279e-09	1
6283185.307179586	1309.2092092092093	2	1.5418422169122685	6.214199429292751e-12	1
6283185.307179586	2109.259259259259	3	0.19097562254179956	1.8335167665222564e-09	0
6283185.307179586	2888.4384384384384	3	-1.515309058177977	-1.0289311224594951e-09	2
6283185.307179586	1121.3713713713714	1	0.2038579626448347	1.420765333147066e-09	0
6283185.307179586	1093.5435435435436	2	-0.15501361013456805	-8.495819027688805e-11	2
6283185.307179586	2415.3653653653655	1	-1.2662324321713436	-1.8035999055723595e-10	2
6283185.307179586	1893.5935935935936	4	-1.1846312235709129	1.9948792293061974e-09	0
6283185.307179586	3159.75975975976	2	0.9389245354625717	-3.4346986561587254e-10	2
6283185.307179586	2930.1801801801803	5	0.17402395250804803	1.115100960326329e-09	0
6283185.307179586	1824.0240240240241	5	0.030703322746780115	5.656621757496773e-10	1
6283185.307179586	2262.3123123123123	2	-0.6666462324244148	-3.903460530978902e-10	1
6283185.307179586	1093.5435435435436	1	-0.1440782990292886	-9.424803714390635e-11	2
6283185.307179586	1580.5305305305305	1	0.1671093399786434	7.063514176258517e-10	0
6283185.307179586	2540.5905905905906	4	-0.7817714273349275	-4.9303414704453576e-11	1
6283185.307179586	1629.2292292292293	1	-0.02225221258706167	1.237177716641216e-09	0
6283185.307179586	2596.2462462462463	5	1.1732305576508582	-1.4494037439045548e-09	0
6283185.307179586	1211.8118118118118	4	0.8651586967208149	-2.7994011337065495e-10	2
6283185.307179586	2324.924924924925	5	-0.05695408089468068	-1.984279409364303e-09	0
6283185.307179586	1490.0900900900901	2	1.3806211862827595	-2.669957652328367e-10	1
6283185.307179586	1893.5935935935936	5	-0.8881262506933952	8.689259208250426e-10	0
6283185.307179586	2561.4614614614616	2	-0.534782078708163	-1.4285195319085161e-09	0
6283185.307179586	1434.4344344344345	4	0.45062044402654866	1.878214169314283e-09	0
6283185.307179586	3298.898898898899	2	1.0777298546212126	-1.2208447727921122e-10	2
6283185.307179586	1128.3283283283283	2	1.376160845122938	-1.0030301446106954e-10	1
6283185.307179586	905.7057057057058	5	-1.3046525014640429	1.4771652072962309e-09	2
6283185.307179586	717.8678678678679	2	0.20766557585115208	1.6063130597738596e-09	0
6283185.307179586	1239.6396396396397	5	-0.3353479373560615	8.056601926761205e-10	0
6283185.307179586	1086.5865865865867	5	-0.018265328702261385	-1.363339935214643e-09	0
6283185.307179586	968.3183183183183	5	-0.7494226229399638	4.69324829159113e-10	2
6283185.307179586	2192.742742742743	4	1.0457672193818972	-9.638704154021376e-10	0
6283185.307179586	1636.1861861861862	4	0.5182630641917045	-5.1190101104881416e-11	2
6283185.307179586	314.36436436436435	3	1.1751265110607774	-3.83942702848819e-10	2
6283185.307179586	1462.2622622622623	2	1.4711523949822745	1.7159624342363668e-09	1
6283185.307179586	1079.6296296296296	2	-0.47171761850026894	-1.1394527223194293e-09	0
6283185.307179586	1844.8948948948948	2	0.27449740556268454	-1.7241414143843985e-10	2
6283185.307179586	1963.1631631631633	3	-1.379380857962324	-7.654430438130393e-10	1
6283185.307179586	2804.954954954955	1	0.03526472860376617	-1.691017340302614e-09	0
6283185.307179586	1017.017017017017	5	-0.5358860038419351	-2.3122785156843947e-10	2
6283185.307179586	1552.7027027027027	2	0.6520756466918058	6.683069966827336e-11	1
6283185.307179586	2004.904904904905	3	0.9648932784733568	1.264837857788633e-09	0
6283185.307179586	2199.6996996997	2	1.3028434644642264	1.6229005644600895e-09	1
6283185.307179586	1107.4574574574574	1	0.6552965869024465	1.788006334818851e-09	0
6283185.307179586	370.02002002002	4	0.5581092285855753	-1.3123459359608455e-09	0
6283185.307179586	2888.4384384384384	3	-0.2091690004151079	-1.981177116536693e-09	0
6283185.307179586	836.1361361361362	5	-1.3783968626838985	8.441114062627568e-10	2
6283185.307179586	641.3413413413414	4	1.3257234977708343	1.88893579092323e-09	1
6283185.307179586	794.3943943943945	3	-0.7603658947417892	1.257675744588086e-09	0
6283185.307179586	2637.987987987988	5	-0.8657814258807762	-5.113175782045394e-10	1
6283185.307179586	1691.8418418418419	4	0.6965743799497259	-1.3505130607939905e-09	0
6283185.307179586	1587.4874874874874	1	0.9176272738847056	5.239763229692552e-10	1
6283185.307179586	3124.974974974975	4	-0.46037044368362734	-8.444778065185034e-10	0
6283185.307179586	307.4074074074074	1	0.8643785887168138	1.754148574714131e-09	0
6283185.307179586	1323.1231231231232	5	-0.8458627424690088	1.7456425630551486e-09	0
6283185.307179586	690.04004004004	5	-1.209794855908838	-1.9654593689963464e-09	0
6283185.307179586	1712.7127127127128	3	1.0680254993536091	-8.860288728224571e-10	2
6283185.307179586	1462.2622622622623	1	1.5658438596442945	1.9795359253399285e-09	2
6283185.307179586	2658.858858858859	5	0.021385886200506077	-7.705777474608082e-10	0
6283185.307179586	1719.6696696696697	3	-0.023319091902491484	-1.6163088269869036e-09	0
6283185.307179586	1072.6726726726727	5	-0.9800429923347382	1.273443668049608e-09	1
6283185.307179586	2387.5375375375374	4	-0.6287274656547465	1.7450955328181206e-09	0
6283185.307179586	3048.4484484484487	2	0.369551018443558	2.316828590917504e-11	2
6283185.307179586	1232.6826826826828	4	-0.7531004375240916	1.5248599994652245e-09	0
6283185.307179586	1100.5005005005005	1	1.1825975331124754	1.8206839284107117e-09	0
6283185.307179586	1281.3813813813815	3	-0.3923971020708963	-7.83737136948906e-10	0
6283185.307179586	1030.930930930931	1	-0.6786053916107125	3.7619916017499914e-10	2
6283185.307179586	676.1261261261261	1	0.1105169537586963	8.678502074753393e-10	0
6283185.307179586	2345.795795795796	1	1.428021537420939	-5.220804302960978e-10	2
6283185.307179586	2276.226226226226	3	-0.09238860032667051	8.974898049224599e-10	0
6283185.307179586	1357.9079079079079	5	-0.8024738931271077	-2.384643587430234e-10	2
6283185.307179586	787.4374374374374	4	0.8037656595094576	-7.872737396146437e-10	0
6283185.307179586	2004.904904904905	4	-0.6123001612279874	1.7733247650329812e-09	0
6283185.307179586	1935.3353353353355	3	0.10872066542731873	-7.119910934999255e-10	0
6283185.307179586	425.6756756756757	1	-0.3452726261601129	-1.1249510523804834e-09	2
6283185.307179586	3500.6506506506507	5	1.0905578892996517	1.1343811777647982e-09	0
6283185.307179586	1684.884884884885	1	0.5263468650467109	-1.6525006296492501e-09	0
6283185.307179586	1183.983983983984	5	-0.30603338408038194	3.720885219538855e-10	2
6283185.307179586	1629.2292292292293	4	-0.7316751553389466	1.2555306999137556e-09	0
6283185.307179586	1643.143143143143	5	-1.359532865518773	-1.3988473955424804e-10	1
6283185.307179586	3124.974974974975	2	-0.9793905166139859	1.2366841380806657e-10	2
6283185.307179586	1754.4544544544544	4	-0.9522495615065022	-1.1230021081626462e-09	0
6283185.307179586	863.963963963964	5	-0.01890215161638653	-1.5374137678812067e-09	0
6283185.307179586	1650.1001001001002	5	1.042461643051991	6.573094923869985e-10	1
6283185.307179586	912.6626626626627	4	0.8909262389881158	-1.3056596625175785e-09	0
6283185.307179586	2151.001001001001	1	-0.4079164695846462	5.88600363515311e-10	0
6283185.307179586	2770.1701701701704	3	0.015421157008205233	-1.206540377178185e-09	0
6283185.307179586	599.5995995995996	2	0.9980241097237657	1.8840347649399874e-09	0
6283185.307179586	2728.4284284284286	4	-0.6255366944501862	1.2817054397860089e-09	0
6283185.307179586	2255.3553553553556	1	-0.920998733694794	1.6663933304352718e-09	0
6283185.307179586	1343.993993993994	4	-0.8879002756366553	-1.1136828786999155e-09	0
6283185.307179586	2964.964964964965	1	0.8323076956147246	-2.972099482644498e-10	2
6283185.307179586	627.4274274274275	1	-1.2378642376141613	-9.486267190706172e-10	2
6283185.307179586	1865.7657657657658	3	-0.05499629675203188	-1.2964241444968386e-09	0
6283185.307179586	1490.0900900900901	5	0.5453706709438699	-6.147676066432957e-10	0
6283185.307179586	1935.3353353353355	3	1.440211589615954	2.9017105483965382e-11	1
6283185.307179586	3048.4484484484487	1	-0.9480573636630065	-1.163274721894465e-09	0
6283185.307179586	1170.0700700700702	2	-1.3457644075261337	3.847127997123695e-10	2
6283185.307179586	2923.223223223223	4	-1.3005337447185443	2.0139790991166884e-10	1
6283185.307179586	3730.2302302302305	2	-1.4039047072026332	-1.7226444320029676e-09	2
6283185.307179586	404.8048048048048	2	-0.6584574883453032	-1.6295435777444453e-09	2
6283185.307179586	390.8908908908909	4	-0.8015189858787075	6.051612787147263e-10	2
6283185.307179586	1017.017017017017	2	0.9695421907210693	-9.380874396072617e-10	1
6283185.307179586	1879.6796796796798	5	1.4318894114017495	1.7716426303263875e-09	2
6283185.307179586	2290.1401401401404	3	-0.016346640496964326	-1.4890781636497002e-09	0
6283185.307179586	2269.2692692692694	1	-0.17402738596816003	-1.0939172706915965e-09	0
6283185.307179586	1921.4214214214214	1	-1.002308308556115	3.0514038783281567e-10	2
6283185.307179586	1177.027027027027	1	-0.36024802855088334	-1.735286679838374e-09	0
6283185.307179586	2324.924924924925	3	0.22614435362749075	-1.962475015560823e-11	1
6283185.307179586	2401.4514514514517	5	-0.9810803513679087	1.9787240251717976e-09	0
6283185.307179586	1984.034034034034	5	1.3796901601738383	-8.871791792186931e-10	1
6283185.307179586	1907.5075075075076	3	0.4850744479770146	1.3041503937680688e-09	0
6283185.307179586	690.04004004004	5	-1.0278106716171758	-1.3289077933789199e-09	0
6283185.307179586	1594.4444444444446	1	-1.5425626131214158	-1.5763343402097277e-09	1
6283185.307179586	1538.788788788789	5	1.5458181172281487	1.6013690537995606e-09	2
6283185.307179586	1330.08008008008	3	1.4529368642925449	1.670656010186187e-09	1
6283185.307179586	1357.9079079079079	2	1.0525793191290513	3.17370519526298e-10	1
6283185.307179586	836.1361361361362	5	1.2729138477997677	-6.606689530697213e-10	1
6283185.307179586	676.1261261261261	1	-1.1065992525100166	-1.0853867453521126e-09	1
6283185.307179586	2519.7197197197197	5	-1.3777465484048816	8.589023111324063e-10	2
