axial trapping frequency (MHz) 	 velocity(m/s) 	 ion collided with 	 angle(rads) 	 collision offset(m) 	 reorder? (1 is reorder 2 is ejection) 
6283185.307179586	2345.795795795796	2	0.9224190811940565	9.497654313728297e-11	2
6283185.307179586	1956.2062062062062	5	-1.164910625140647	4.86092942971479e-10	2
6283185.307179586	1754.4544544544544	3	-1.5550928322436124	-1.3364345264431683e-09	1
6283185.307179586	1580.5305305305305	3	-1.2777079885913658	-1.8690916432103836e-09	0
6283185.307179586	3987.637637637638	4	-0.41318028802827533	8.754888644998391e-10	0
6283185.307179586	710.910910910911	3	0.013209367242331238	-1.9036755122110247e-09	0
6283185.307179586	2290.1401401401404	3	-0.35125144654808316	1.3276625837376734e-09	0
6283185.307179586	1566.6166166166167	3	1.4674974626116843	-1.0208591494628064e-09	1
6283185.307179586	1309.2092092092093	1	-0.005525493974904538	1.2051792184718885e-09	0
6283185.307179586	1490.0900900900901	1	-0.10411262214755768	-7.534643146367781e-10	0
6283185.307179586	2408.4084084084084	4	0.7618005270991293	-8.576243569623795e-10	0
6283185.307179586	696.996996996997	3	-0.1326735479140373	1.9920489265981514e-09	0
6283185.307179586	1163.113113113113	4	1.4048605904710856	3.181096742313372e-10	1
6283185.307179586	1003.1031031031031	1	0.44077777122217077	1.3199563581120028e-09	0
6283185.307179586	1782.2822822822823	1	0.9434884920396254	8.298007547514123e-10	0
6283185.307179586	2046.6466466466468	2	1.5671033651049955	1.0188479753068863e-09	1
6283185.307179586	1761.4114114114116	3	0.09418855077886334	-6.483300865377917e-10	0
6283185.307179586	1267.4674674674675	3	-1.141148357877273	-7.549398792823383e-11	1
6283185.307179586	613.5135135135135	1	-0.5650014022465533	-8.154761206096919e-10	2
6283185.307179586	2227.5275275275276	5	-1.1722980446828664	-3.127917925912777e-10	2
6283185.307179586	3598.0480480480483	1	0.949985491698019	-5.107634203208548e-10	2
6283185.307179586	3034.5345345345345	4	-0.33700942185454164	1.0435790701697081e-09	0
6283185.307179586	1218.7687687687687	3	-0.6713476136806449	1.3180017204376013e-09	0
6283185.307179586	2178.828828828829	2	0.1267575314329059	2.860342297786991e-10	2
6283185.307179586	1935.3353353353355	2	1.0496979994350375	4.5375320240620574e-10	1
6283185.307179586	3396.2962962962965	1	1.4344808656729953	-7.734403845173256e-10	2
6283185.307179586	1385.7357357357357	1	-1.2135564101993312	8.358517749786669e-10	2
6283185.307179586	1476.176176176176	3	-0.22716029884932376	1.2498630561832874e-09	0
6283185.307179586	1928.3783783783783	3	-0.27363813792159597	1.10287999284999e-09	0
6283185.307179586	585.6856856856857	3	0.32955997702163287	-1.1539972689547545e-09	0
6283185.307179586	926.5765765765766	3	1.232514502460622	1.7958613735779318e-10	1
6283185.307179586	1608.3583583583584	3	0.9790137456095476	8.83355809223621e-10	0
6283185.307179586	794.3943943943945	3	-0.3228017967424577	-9.359543188800924e-10	0
6283185.307179586	2401.4514514514517	3	-1.555780906177136	2.1092472274032474e-10	1
6283185.307179586	1003.1031031031031	1	0.004393937642920731	-1.8282389414347288e-09	0
6283185.307179586	1810.11011011011	1	0.8044929344290583	1.4474929733403027e-09	0
6283185.307179586	1295.2952952952953	2	1.0747601310522743	6.751086612101396e-10	2
6283185.307179586	863.963963963964	4	-1.061796002349083	-1.40189944934306e-09	0
6283185.307179586	1629.2292292292293	4	-1.2574617503284724	-1.897897982825686e-09	0
6283185.307179586	2171.871871871872	3	0.08985758939050736	-8.680244481955765e-10	0
6283185.307179586	1664.014014014014	1	1.2985663411285864	4.94747674750595e-10	2
6283185.307179586	1997.947947947948	3	-0.40423058818744173	-1.9252676450216685e-09	0
6283185.307179586	2693.643643643644	5	1.3450396598459031	-2.805936719040676e-10	2
6283185.307179586	1135.2852852852852	1	0.72276452252909	-6.60404799846758e-10	2
6283185.307179586	1886.6366366366367	1	0.5457573141933079	-5.308769487116511e-10	2
6283185.307179586	599.5995995995996	3	-0.8226772070899614	-1.0576884708129423e-10	2
6283185.307179586	1559.6596596596596	4	-0.6894302165262008	5.63921300856109e-10	2
6283185.307179586	1135.2852852852852	3	1.094155003253404	-1.7190229907895762e-09	0
6283185.307179586	1566.6166166166167	4	-1.262145031202387	-1.794991825075918e-09	0
6283185.307179586	1566.6166166166167	2	1.352706486904308	-1.0140450466495028e-09	1
6283185.307179586	2248.3983983983985	3	-0.2103092906962074	-1.213831753539828e-09	0
6283185.307179586	3340.640640640641	1	0.017224440377469286	-3.202965130583872e-10	2
6283185.307179586	2311.011011011011	5	-0.6224467186747841	1.3112277171557949e-09	0
6283185.307179586	1601.4014014014015	1	-0.36838205389832246	-2.1589292563239454e-10	1
6283185.307179586	780.4804804804805	5	-0.24396836284065349	-1.671013754032465e-09	0
6283185.307179586	2311.011011011011	2	0.9135652218902632	1.477912343894739e-10	2
6283185.307179586	1128.3283283283283	2	0.7933395648343282	1.4038210113278308e-09	0
6283185.307179586	1079.6296296296296	4	1.4513812432615976	-5.009086201751405e-10	2
6283185.307179586	2220.5705705705705	1	-1.3577443537392977	1.2287135928291244e-09	2
6283185.307179586	2610.16016016016	1	1.0589648113013372	-1.7711708532338869e-09	0
6283185.307179586	2011.8618618618618	4	0.9133509896085661	-1.0212112478312886e-09	0
6283185.307179586	2617.1171171171172	3	-0.8668298553164662	-9.719989920692074e-10	0
6283185.307179586	3034.5345345345345	3	0.005676415823177683	1.1948177947331669e-09	0
6283185.307179586	1023.973973973974	4	-1.444122179077782	-5.720591762816189e-10	2
6283185.307179586	523.0730730730731	5	0.653516690487217	1.2814614059312104e-09	1
6283185.307179586	2192.742742742743	5	1.4181970413598561	5.951348785913681e-10	1
6283185.307179586	1622.2722722722724	2	0.10965034664034246	-1.6061374112533772e-09	0
6283185.307179586	676.1261261261261	5	0.9938573295861786	-1.1613046229992086e-09	0
6283185.307179586	1622.2722722722724	1	0.817046315027377	-4.474403221622843e-10	1
6283185.307179586	1274.4244244244244	3	0.518382394834763	-4.129188319661163e-10	1
6283185.307179586	1371.821821821822	2	-0.5238579149565836	-1.8339962820646429e-09	0
6283185.307179586	1837.937937937938	5	-0.2455751748276327	-1.5120474078683219e-09	0
6283185.307179586	1935.3353353353355	3	-0.38892392742127835	1.795009741087214e-09	0
6283185.307179586	592.6426426426426	5	0.33807687438752887	1.6394094414404186e-09	2
6283185.307179586	585.6856856856857	1	0.6132574003775146	-1.147092722091642e-09	2
6283185.307179586	1100.5005005005005	2	-0.17478495847819864	-1.453226569476038e-09	0
6283185.307179586	2380.5805805805808	3	0.19176473024801854	-3.421469860179448e-10	2
6283185.307179586	1163.113113113113	1	0.005205895507689018	-3.8296534014854705e-10	1
6283185.307179586	1170.0700700700702	5	1.1481953478513156	-1.0653213842923164e-10	2
6283185.307179586	759.6096096096096	5	0.13290397851860303	-1.6542151268075147e-10	0
6283185.307179586	2004.904904904905	2	0.418133608414037	-1.8469008880526544e-09	0
6283185.307179586	1350.950950950951	1	-0.7388266098985586	-2.704120392741452e-10	2
6283185.307179586	1629.2292292292293	5	1.196754573083303	1.8319662209308432e-09	0
6283185.307179586	1893.5935935935936	5	-0.8218458715558978	-1.0184752418962912e-09	0
6283185.307179586	870.9209209209209	5	0.9091582258854687	8.432222997102674e-10	2
6283185.307179586	3264.1141141141143	4	0.6128723347695839	8.006163738926742e-10	0
6283185.307179586	947.4474474474474	1	1.4646036139001817	2.6325400756008166e-10	2
6283185.307179586	1371.821821821822	4	1.4086666562572852	-1.871861319527465e-09	2
6283185.307179586	620.4704704704704	1	0.1307604981107915	1.3211584323686104e-09	0
6283185.307179586	363.06306306306305	5	-0.29951336050542765	-1.0850120161779248e-09	0
6283185.307179586	1149.1991991991993	3	0.1338109572301034	6.261356744073978e-10	0
6283185.307179586	2756.256256256256	1	-1.051264408336119	1.5199797795934802e-09	0
6283185.307179586	1775.3253253253254	4	-1.1453332312518059	1.3338146617861225e-09	0
6283185.307179586	2025.7757757757759	2	0.661154980824938	6.983211620010917e-11	2
6283185.307179586	2700.6006006006005	1	0.8202255344121689	1.592980830641121e-09	0
6283185.307179586	2401.4514514514517	1	0.49726174281767976	-2.5657561323854946e-10	2
6283185.307179586	2345.795795795796	2	1.45767180057189	-1.5738188178204339e-09	2
6283185.307179586	3166.7167167167167	1	0.9868648749149651	-1.5172578644821774e-09	0
6283185.307179586	1107.4574574574574	5	-1.0856411619406283	-1.9369966030060393e-09	0
6283185.307179586	1865.7657657657658	1	-0.20724512804956063	-1.034137981872727e-09	0
6283185.307179586	1253.5535535535537	2	1.3113992265225822	-7.389861496242993e-11	2
6283185.307179586	1684.884884884885	1	0.5487849587331914	-7.174182237993213e-10	0
6283185.307179586	1316.1661661661662	5	-1.486525657054595	-1.2606289771648563e-09	2
6283185.307179586	1065.7157157157158	2	1.4747528192702286	1.0473308855421276e-09	2
6283185.307179586	641.3413413413414	2	-0.905693942761999	6.553368665880378e-10	2
6283185.307179586	1448.3483483483483	2	-0.918263401207204	1.1075864103131005e-10	1
6283185.307179586	550.900900900901	3	1.5069390259765578	-6.448171457133825e-10	1
6283185.307179586	3180.6306306306305	2	1.3853147631790335	2.170197199586502e-10	1
6283185.307179586	738.7387387387388	3	0.29142410867938495	1.6495172255296564e-09	0
6283185.307179586	2151.001001001001	3	-0.2818983832101305	-4.521736376365566e-10	1
6283185.307179586	1190.940940940941	3	-0.6652586592278393	-1.0267653752233536e-09	0
6283185.307179586	1434.4344344344345	3	-1.2570949872221682	1.3400888780092894e-09	1
6283185.307179586	2331.881881881882	3	0.954927103098421	1.5298117747075621e-09	0
6283185.307179586	1114.4144144144145	3	0.7972222416403527	1.3493808947953296e-09	0
6283185.307179586	1177.027027027027	4	-0.8684577187620269	4.821103788540585e-10	2
6283185.307179586	2429.2792792792793	2	-0.11518012298754177	-1.9428651736089523e-09	0
6283185.307179586	1636.1861861861862	5	0.7883972891254767	6.877037063396908e-10	2
6283185.307179586	2262.3123123123123	2	-0.21150299558569619	1.4316996092038143e-09	0
6283185.307179586	237.83783783783784	3	1.5425783017781551	-6.034029281391057e-10	1
6283185.307179586	933.5335335335336	1	-0.513512906511469	-1.6087006600361865e-09	0
6283185.307179586	1587.4874874874874	5	-1.2212836543113383	-3.822832904561291e-10	2
6283185.307179586	1893.5935935935936	5	-1.368408829149746	1.6862952752951935e-09	2
6283185.307179586	1156.1561561561562	4	-0.7581194874671132	-6.032044245418934e-10	1
6283185.307179586	1677.927927927928	3	0.37014105338687786	-1.7840629306523522e-09	0
6283185.307179586	2185.7857857857857	5	0.6677708076791955	1.5296833709778449e-09	0
6283185.307179586	2227.5275275275276	3	1.2730461263971478	7.907089583507259e-10	2
6283185.307179586	947.4474474474474	2	-1.548711207746522	-4.800998678168508e-10	2
6283185.307179586	1142.2422422422424	4	-0.3402009207303647	-1.8346137592573958e-09	0
6283185.307179586	1107.4574574574574	1	-0.09032060722984947	1.384445938879159e-09	0
6283185.307179586	432.63263263263264	5	0.38502383966454934	1.0750590854288433e-09	2
6283185.307179586	1142.2422422422424	4	-0.01860269341119891	6.11879421083165e-11	2
6283185.307179586	1427.4774774774776	4	0.6592998307565177	7.342849294675872e-10	1
6283185.307179586	1789.2392392392394	2	1.0202729701176634	5.023076111576178e-10	1
6283185.307179586	1928.3783783783783	4	0.2759802888963474	8.789211974653412e-10	0
6283185.307179586	2074.474474474475	1	0.9471299656514218	1.2482183675705243e-09	0
6283185.307179586	2220.5705705705705	2	0.05718344840469958	-1.857960491049698e-10	1
6283185.307179586	564.8148148148148	5	-0.14057112318548048	-7.528658486048933e-10	0
6283185.307179586	1712.7127127127128	4	0.5731011812614955	2.0308808850899654e-10	1
6283185.307179586	1712.7127127127128	1	-0.17429547318620608	1.7399708725784238e-09	0
6283185.307179586	3841.541541541542	4	0.007444920898320939	-8.929892967788456e-10	0
6283185.307179586	3305.855855855856	4	1.5294328982608838	-1.5825063075184702e-09	1
6283185.307179586	1337.0370370370372	1	-0.29129717481536055	-6.798537667467071e-10	2
6283185.307179586	2116.2162162162163	3	0.23334236786564366	5.847126674925755e-10	0
6283185.307179586	1371.821821821822	2	0.9782686865624606	1.4502426220110322e-09	0
6283185.307179586	884.8348348348349	5	-0.00504726637299302	-9.303704359648325e-11	2
6283185.307179586	738.7387387387388	4	-0.051946021060648384	-1.4706151415911416e-09	0
6283185.307179586	905.7057057057058	3	-0.6407413188787604	7.612177487150983e-10	1
6283185.307179586	1594.4444444444446	2	0.17391588738148123	-1.1503899834781596e-09	0
6283185.307179586	1657.0570570570571	5	-1.0560287480494615	3.486862410292151e-10	2
6283185.307179586	2415.3653653653655	4	1.455135346117527	-8.755316110314042e-10	2
6283185.307179586	1357.9079079079079	1	0.33694781005096996	-2.1259704798124727e-11	2
6283185.307179586	2025.7757757757759	3	1.1084182444642154	-4.2803665435975186e-10	1
6283185.307179586	1824.0240240240241	2	-1.1458893698462675	-1.0905339185685516e-09	1
6283185.307179586	801.3513513513514	3	1.094557991938454	1.9617207772403392e-09	0
6283185.307179586	1566.6166166166167	2	0.5776468456726449	-1.9168297980166436e-10	2
6283185.307179586	1281.3813813813815	4	-1.1046041046802888	2.0409178306996083e-10	1
6283185.307179586	1740.5405405405406	4	0.6669236276430639	-7.835638418758255e-10	0
6283185.307179586	2269.2692692692694	2	1.4696647550920625	-1.7602535457069989e-09	1
6283185.307179586	2373.6236236236236	4	-0.25022860420121873	-7.546935028249209e-10	0
6283185.307179586	1629.2292292292293	1	0.0014758131513703532	8.362175132580788e-10	0
6283185.307179586	1260.5105105105106	2	-0.013780301587428712	1.1597270398198692e-09	0
6283185.307179586	1434.4344344344345	2	0.00546622346216008	1.7265155278250978e-09	0
6283185.307179586	1476.176176176176	3	-0.9909026739826114	1.6524816712598e-09	0
6283185.307179586	2053.603603603604	4	1.4803920009127505	-8.427227160559396e-10	2
6283185.307179586	759.6096096096096	5	-0.9027436248849183	1.88337107465785e-09	0
6283185.307179586	940.4904904904905	5	-0.23176074433710503	1.1767355128918762e-09	0
6283185.307179586	1051.801801801802	4	-0.6666154574163972	-8.852869682789346e-10	0
6283185.307179586	2144.0440440440443	3	-0.8954688296285205	3.68908790002601e-10	2
6283185.307179586	3361.511511511512	1	-0.9753015843888692	-1.4997298082271025e-09	0
6283185.307179586	2999.7497497497498	1	-1.4207726941723122	1.1917044600965803e-09	2
6283185.307179586	1218.7687687687687	1	-1.4548046834245902	1.9350635036128846e-09	2
6283185.307179586	2053.603603603604	2	0.1694700219506422	-6.901347146466566e-10	0
6283185.307179586	1789.2392392392394	4	-1.2859167367217075	1.3113664240296595e-09	1
6283185.307179586	1177.027027027027	4	1.1033680013704603	1.5519938643837648e-09	0
6283185.307179586	1350.950950950951	5	0.14444929324773081	-1.6256311753564582e-09	0
6283185.307179586	404.8048048048048	3	-1.5625148020324027	-1.03542998665294e-09	1
6283185.307179586	1302.2522522522522	3	-1.284875145100642	-1.3574122646028787e-10	2
6283185.307179586	2818.868868868869	5	-0.12336282551010891	-1.2510154082864516e-09	0
6283185.307179586	2102.3023023023025	3	-1.0247939264008084	1.5803621924227307e-09	0
6283185.307179586	2498.848848848849	5	0.8749852342882036	-8.948966435144073e-10	0
6283185.307179586	1698.7987987987988	5	-0.6440233525877813	3.7177108303520536e-10	1
6283185.307179586	2352.7527527527527	3	-1.2352962806370247	-4.921067389110242e-10	1
6283185.307179586	1079.6296296296296	3	-0.04515317696971821	-1.888082741161721e-09	0
6283185.307179586	1316.1661661661662	3	0.16829805998818226	-1.655861349628525e-09	0
6283185.307179586	2596.2462462462463	2	-0.4446627954896709	1.7934680035739378e-09	0
6283185.307179586	1977.077077077077	3	1.1389598227490105	-1.4541727837429002e-09	0
6283185.307179586	2011.8618618618618	2	-0.1010254930203478	8.266436201734415e-10	0
6283185.307179586	1497.047047047047	3	0.1628616944552721	-1.688779100563248e-09	0
6283185.307179586	2784.084084084084	5	0.1030106972832261	8.290363674124136e-10	0
6283185.307179586	933.5335335335336	4	0.10044543391227378	7.33473621341543e-11	1
6283185.307179586	1608.3583583583584	1	-1.2348217794764798	-2.8903417577066605e-10	2
6283185.307179586	1197.897897897898	5	1.3103605455869465	-1.9342287509871837e-09	1
6283185.307179586	731.7817817817818	2	-0.8529649951962129	3.7672885542133413e-10	2
6283185.307179586	4050.2502502502502	5	0.536922617516526	3.0603417641129473e-10	2
6283185.307179586	717.8678678678679	5	-0.6753631052904955	3.689553285232088e-11	2
6283185.307179586	599.5995995995996	2	0.6708296664169358	-1.1495496962062452e-09	2
6283185.307179586	1670.970970970971	5	0.7458389437199022	-4.180237800917292e-10	2
6283185.307179586	1177.027027027027	3	0.11363666788370597	4.5405286672614183e-10	2
6283185.307179586	1844.8948948948948	1	-1.4100157971776373	1.63139967624834e-10	1
6283185.307179586	1956.2062062062062	5	-0.2944332601679909	-1.6486662081879708e-09	0
6283185.307179586	1385.7357357357357	1	-0.44572197081605247	2.4017234775842774e-10	2
6283185.307179586	2700.6006006006005	4	1.013304986011458	-6.960155400055967e-10	1
6283185.307179586	1733.5835835835837	3	-1.3036718181868292	1.2927633106572447e-09	2
6283185.307179586	2192.742742742743	2	-1.0312519421048525	8.237768091111062e-10	0
6283185.307179586	543.943943943944	1	1.4995342716604236	1.727846513195814e-09	2
6283185.307179586	2394.4944944944946	1	1.1440503638457304	-1.4543112541169376e-09	0
6283185.307179586	1044.8448448448448	5	-0.6208743421415578	1.660763569815025e-09	0
6283185.307179586	620.4704704704704	2	-0.8836614553516811	-3.494431840545791e-10	2
6283185.307179586	585.6856856856857	3	0.08358243235007579	1.564064098150983e-09	0
6283185.307179586	2958.008008008008	5	1.332958470585261	4.802763568710134e-10	1
6283185.307179586	3013.6636636636636	3	0.8505249586484136	1.9196489083939453e-09	0
6283185.307179586	1761.4114114114116	3	0.12293996389574957	1.6110368314858194e-09	0
6283185.307179586	676.1261261261261	1	-0.4380357354821873	5.21911361666643e-10	0
6283185.307179586	2283.1831831831832	4	-1.354881410103631	-3.427896923664441e-10	2
6283185.307179586	2992.792792792793	3	0.5090911099142126	-1.8181828986370176e-09	0
6283185.307179586	884.8348348348349	2	0.8267118965715592	1.9946866049447265e-09	0
6283185.307179586	2401.4514514514517	1	1.5055709300181848	-1.8366959561034816e-09	2
6283185.307179586	1636.1861861861862	5	-0.39954246664422777	-2.7545095106664114e-10	2
6283185.307179586	1796.1961961961963	4	-0.4637917322770131	9.646647298276776e-11	1
6283185.307179586	1497.047047047047	3	-1.0278894403912213	-7.933707573219753e-10	2
6283185.307179586	2477.977977977978	1	1.4586145791952876	1.9311846443472013e-09	2
6283185.307179586	2505.805805805806	4	1.1592240908644489	8.379785929961373e-10	2
6283185.307179586	1399.6496496496497	3	-0.2132360478315396	-5.487796676994678e-10	1
6283185.307179586	1343.993993993994	5	-1.2336401328695836	1.4743069070968266e-10	2
6283185.307179586	1963.1631631631633	5	0.2844003315136956	-2.671459805278032e-10	2
6283185.307179586	2665.8158158158158	5	0.15769370265061844	1.6936182035697563e-09	0
6283185.307179586	1476.176176176176	1	-0.23084107223472894	9.98111822468356e-10	0
6283185.307179586	1232.6826826826828	3	-1.3706958194936067	2.43130408762533e-10	2
6283185.307179586	2784.084084084084	4	0.3682875747839234	8.008175041407249e-10	0
6283185.307179586	3020.6206206206207	4	0.5858824994415772	-1.1043218229393408e-09	0
6283185.307179586	1886.6366366366367	2	-0.05267025924256652	-1.331623391339265e-09	0
6283185.307179586	3076.2762762762763	3	0.5018296739134418	-1.2692110843989724e-11	1
6283185.307179586	2631.031031031031	4	-0.4119174427855925	-7.667321541048806e-10	0
6283185.307179586	2505.805805805806	5	-0.5026515110319818	1.0235198473590912e-09	0
6283185.307179586	1851.851851851852	4	0.34333529499977056	-2.491888100072237e-10	2
6283185.307179586	794.3943943943945	4	-1.2202813690474703	1.0238756055792197e-09	1
6283185.307179586	2067.5175175175173	5	-1.045161189631287	-1.046276602558708e-09	0
6283185.307179586	2443.193193193193	3	-1.4330943668826088	3.455521280305459e-10	1
6283185.307179586	1003.1031031031031	2	0.8506433097892008	-8.412285449015054e-10	2
6283185.307179586	1517.917917917918	5	-1.5227996195095819	-4.970164405228227e-10	2
6283185.307179586	829.1791791791792	5	-0.9624776767431823	1.1606156457861289e-09	1
6283185.307179586	2199.6996996997	3	-1.1596121594950626	-8.298788004080108e-10	2
6283185.307179586	1323.1231231231232	3	0.4764602809449183	8.340064506483303e-10	0
6283185.307179586	2804.954954954955	3	1.195404448981658	-1.3027433484935211e-09	0
6283185.307179586	1677.927927927928	5	1.3828028482054089	-4.2633300621897653e-10	1
6283185.307179586	1664.014014014014	5	-0.8643750612932748	1.7354097784517852e-09	0
6283185.307179586	1531.8318318318318	3	-0.6518858175668537	-5.044443623258705e-10	2
6283185.307179586	1970.1201201201202	4	-0.45161801381119604	-9.547498113530311e-10	0
6283185.307179586	1441.3913913913914	4	-0.20761727295152954	2.1659559990667717e-10	1
6283185.307179586	2637.987987987988	1	-0.24167146085408242	1.936958508732774e-09	0
6283185.307179586	961.3613613613613	2	0.6319695422433931	1.2344749985263853e-09	0
6283185.307179586	2512.762762762763	2	0.6176445517902476	1.849332484412009e-09	0
6283185.307179586	446.54654654654655	2	-0.3069249436967747	-1.9907595497934515e-09	0
6283185.307179586	2596.2462462462463	4	-0.6546422883318065	7.550851439979483e-10	0
6283185.307179586	1483.1331331331332	3	-0.9090788830220088	1.6783416975100535e-09	0
6283185.307179586	1399.6496496496497	3	-0.4887387765573523	-1.2293756930438772e-09	0
6283185.307179586	2144.0440440440443	2	-1.0639275887912856	2.3720850786843955e-10	1
6283185.307179586	1469.2192192192192	4	-1.085190022479781	-1.9823868541804704e-09	0
6283185.307179586	1483.1331331331332	2	0.7587806435646876	-6.685963246411354e-10	2
6283185.307179586	1949.2492492492493	1	-0.5007977676801236	-1.1519805782317785e-09	0
6283185.307179586	1190.940940940941	2	0.7138383148406016	8.637744745419653e-10	0
6283185.307179586	1531.8318318318318	3	-1.213504929391473	-2.778011914937992e-10	1
6283185.307179586	1629.2292292292293	1	1.528097994515381	1.172533479355968e-09	2
6283185.307179586	1100.5005005005005	1	-0.461979817323134	-1.7611101517484375e-09	0
6283185.307179586	1392.6926926926926	4	-1.5100901121850672	1.6240792246148893e-09	2
6283185.307179586	1434.4344344344345	3	-0.6341161343054309	-8.125715903507685e-10	0
6283185.307179586	2088.388388388388	5	1.1382985633464622	-1.8180246254203617e-09	0
6283185.307179586	1121.3713713713714	2	0.09450041292253686	-1.1811929559006075e-09	0
6283185.307179586	1476.176176176176	1	1.0776495226571945	-1.4215367947805497e-09	0
6283185.307179586	1406.6066066066066	3	-0.7807455428147608	8.906142373655157e-10	0
6283185.307179586	1921.4214214214214	5	-0.8291696422372897	-1.8870314495914384e-09	0
6283185.307179586	1990.9909909909911	4	0.5877528789057989	-1.4382298144403532e-09	0
6283185.307179586	1893.5935935935936	3	-0.4223666745636254	-7.274902952099836e-10	0
6283185.307179586	599.5995995995996	1	1.4025445378378039	-1.0362916530829214e-09	2
6283185.307179586	1003.1031031031031	3	0.6270548599635912	-8.078345259740237e-10	0
6283185.307179586	1469.2192192192192	4	-1.1863931702116866	-1.9190326333868845e-09	0
6283185.307179586	1232.6826826826828	4	-0.8012368994860818	-1.7431333060473142e-09	0
6283185.307179586	1072.6726726726727	5	-0.2800852460963208	9.674050869897912e-11	2
6283185.307179586	3417.1671671671675	4	0.016737475452288875	-1.158940564351517e-09	0
6283185.307179586	1726.6266266266266	1	0.26672382922598503	1.199040717454101e-09	0
6283185.307179586	1900.5505505505505	3	-0.42579415199246373	1.144250957721027e-09	0
6283185.307179586	898.7487487487488	1	-1.4926574424289938	2.8052705929968924e-10	1
6283185.307179586	502.2022022022022	3	1.5608307723316495	-1.6483618374510446e-09	2
6283185.307179586	1879.6796796796798	4	-0.7092994180863762	1.6295618887753614e-09	0
6283185.307179586	1135.2852852852852	2	0.7976856967379997	1.0597859609079328e-10	1
6283185.307179586	947.4474474474474	5	0.44941550729503676	1.2080202115586168e-09	0
6283185.307179586	724.8248248248249	3	0.5360131891068822	-1.969597743291034e-09	0
6283185.307179586	1274.4244244244244	3	-1.2137342169311442	7.102147397072978e-10	2
6283185.307179586	2144.0440440440443	3	-0.483646166235155	-1.3258616992692165e-09	0
6283185.307179586	1378.7787787787788	5	1.1496237206946405	-7.345603756636848e-11	2
6283185.307179586	1775.3253253253254	5	-0.16974147540120454	1.9571189226052505e-09	0
6283185.307179586	1810.11011011011	4	-1.0551247041645113	-9.995022550304782e-10	0
6283185.307179586	1997.947947947948	5	0.24313246722939974	-7.301545310093518e-10	0
6283185.307179586	2999.7497497497498	1	1.5234230427318263	4.666395480278366e-10	2
6283185.307179586	1754.4544544544544	2	0.6243350919183088	1.0983598513967762e-10	1
6283185.307179586	1650.1001001001002	2	-1.469726735538447	-1.5619779855683383e-09	2
6283185.307179586	836.1361361361362	4	0.4370583078532957	-1.7479134641221037e-10	1
6283185.307179586	884.8348348348349	5	-0.18667547704795173	-7.701627113799803e-10	0
6283185.307179586	1399.6496496496497	5	-0.535867357244687	-4.115287132948744e-10	1
6283185.307179586	474.3743743743744	2	1.1841861271066438	-1.5201503797476863e-09	1
6283185.307179586	2032.7327327327328	4	1.0266398572747888	-1.276597969814311e-09	0
6283185.307179586	550.900900900901	3	0.5459323288038238	-6.781915315556417e-10	1
6283185.307179586	1977.077077077077	5	-1.442629171929706	-1.3864763303830642e-09	2
6283185.307179586	2415.3653653653655	3	-0.5259943104899187	-7.223206222735046e-10	0
6283185.307179586	2039.6896896896897	4	0.6237735265323883	-2.526166374585329e-10	1
6283185.307179586	1441.3913913913914	2	-1.278253524721245	7.707208872025281e-10	1
6283185.307179586	752.6526526526527	3	-0.8407335147412764	1.4959453044183833e-10	2
6283185.307179586	383.93393393393393	3	0.5280272331569447	1.2196773665132221e-09	0
6283185.307179586	397.84784784784785	5	-0.6287295487588637	-1.893284313166008e-09	0
6283185.307179586	1942.2922922922924	1	-0.11028701901180793	1.4252197683533131e-09	0
6283185.307179586	2109.259259259259	4	-1.2970072856194197	-1.540332460757302e-10	1
6283185.307179586	349.14914914914914	1	-1.307692946919301	8.34095096512484e-10	2
6283185.307179586	3034.5345345345345	3	0.12251344620241511	-4.2536249890440077e-10	0
6283185.307179586	1601.4014014014015	2	-0.9650051695300984	1.1052071622018658e-09	0
6283185.307179586	1044.8448448448448	1	0.5479311802733537	-1.4277520353244188e-09	0
6283185.307179586	1253.5535535535537	5	1.4526520384962938	4.1953274086578834e-11	2
6283185.307179586	1156.1561561561562	2	-1.276415424934111	-1.0994906948335884e-09	1
6283185.307179586	1121.3713713713714	3	-0.4996236191002539	-1.3268467590526233e-09	0
6283185.307179586	2422.322322322322	4	-0.4428468527622176	-1.5793079215064996e-09	0
6283185.307179586	2011.8618618618618	1	-0.7166865084996233	-1.7870171768839165e-09	0
6283185.307179586	1587.4874874874874	1	-0.11907417799734188	1.4828529951870114e-09	0
6283185.307179586	1726.6266266266266	1	-0.8428371827402559	-4.0340531192984665e-10	1
6283185.307179586	724.8248248248249	4	0.7581176123662527	-1.0186855711909306e-09	0
6283185.307179586	1385.7357357357357	3	-1.0125739214635554	1.536112869332685e-09	0
6283185.307179586	1712.7127127127128	5	-1.2082767155455176	1.6958098623320558e-09	0
6283185.307179586	1504.004004004004	1	1.1235544916892426	7.892244621533607e-10	1
6283185.307179586	1810.11011011011	3	0.1433408072750395	9.800090820047932e-11	1
6283185.307179586	912.6626626626627	5	0.5476806193628634	-1.5662870006666313e-09	0
6283185.307179586	2519.7197197197197	1	-1.459508534704492	1.4503028198110198e-10	2
6283185.307179586	1225.7257257257259	2	-0.6476535953903911	1.5330368570574394e-11	1
6283185.307179586	2109.259259259259	3	-1.4404033972347217	1.1312617782060212e-09	1
6283185.307179586	3284.984984984985	1	-0.9244186120105088	-1.1598848712158334e-10	2
6283185.307179586	2011.8618618618618	1	-0.2626684387800007	1.6512243433920943e-09	0
6283185.307179586	2624.0740740740744	1	-0.7722074022773665	1.3962946695107866e-09	0
6283185.307179586	2464.064064064064	5	-1.5452974193435962	1.3872459137421927e-09	2
6283185.307179586	3027.577577577578	2	0.5088465035828009	1.754990816830192e-09	0
6283185.307179586	2067.5175175175173	5	0.6828952655626699	-1.2677415661100363e-09	0
6283185.307179586	1399.6496496496497	3	-0.5460433085112104	-1.5121010779374703e-09	0
6283185.307179586	3305.855855855856	2	-0.10028722021721137	1.0368672964288892e-09	0
6283185.307179586	1858.8088088088089	4	-0.894461941781265	-6.974793450610197e-10	0
6283185.307179586	1476.176176176176	5	1.4469202399211927	1.8341375420931146e-10	2
6283185.307179586	2610.16016016016	5	0.40795169370073014	-1.6310755356125758e-09	0
6283185.307179586	1733.5835835835837	1	-0.6952208848364906	2.606598787182407e-10	2
6283185.307179586	2255.3553553553556	5	0.16855824192650526	-4.68573919017471e-11	2
6283185.307179586	1970.1201201201202	2	0.272815413677556	-9.299169219309154e-11	2
6283185.307179586	989.1891891891892	5	0.09364125443521054	-4.3370908195876553e-10	0
6283185.307179586	3771.971971971972	5	1.5195250883593254	-1.6005204916021652e-09	1
6283185.307179586	1830.980980980981	2	-0.05347538015813713	4.338261122596984e-10	1
6283185.307179586	731.7817817817818	3	0.05850385352738652	3.676743909148714e-10	2
6283185.307179586	1232.6826826826828	2	-0.5541516224273353	-6.108329943890124e-11	2
6283185.307179586	2394.4944944944946	5	-0.03616284564463368	1.7175676939953416e-09	0
6283185.307179586	2039.6896896896897	2	0.2959909297545653	5.386518284921284e-11	2
6283185.307179586	1921.4214214214214	5	1.1320722898405964	1.067564283632826e-09	1
6283185.307179586	2241.4414414414414	3	-0.5688737761736355	-4.91204028700507e-10	1
6283185.307179586	2408.4084084084084	3	-0.11626035630144393	-1.1366200441878011e-09	0
6283185.307179586	1044.8448448448448	1	-1.3439266383842	-1.735526508314004e-09	2
6283185.307179586	1156.1561561561562	2	-0.6633332884064235	-1.4584778199900078e-09	0
6283185.307179586	1197.897897897898	4	0.216919094627815	5.888838936989378e-10	1
6283185.307179586	1239.6396396396397	3	0.9906844230811203	-9.256581892441549e-10	1
6283185.307179586	1698.7987987987988	4	-1.2067488577502528	4.5892527057521313e-11	2
6283185.307179586	1170.0700700700702	5	1.5700579549726577	-3.049218148047034e-10	0
6283185.307179586	1211.8118118118118	2	0.28799119788996075	1.2457634575710848e-09	0
6283185.307179586	1337.0370370370372	4	0.29410085092960103	-1.265497984284259e-09	0
6283185.307179586	2394.4944944944946	5	-0.5992223238321942	1.1327717255138828e-09	0
6283185.307179586	2429.2792792792793	4	-0.9140624883511722	4.912590916168871e-10	1
6283185.307179586	2561.4614614614616	1	0.5372619181754641	4.1387479517731557e-10	1
6283185.307179586	1385.7357357357357	2	1.1244090568881688	-2.9470772239151407e-10	1
6283185.307179586	1559.6596596596596	2	0.6717352459898991	-8.564677413230803e-10	0
6283185.307179586	1622.2722722722724	4	-0.5167955781774163	-1.3733637443873664e-09	0
6283185.307179586	2290.1401401401404	2	1.041278365464886	1.8088381663092628e-09	0
6283185.307179586	1510.960960960961	1	-1.3182710689882187	9.480757903563399e-10	2
6283185.307179586	3479.77977977978	1	-0.8058021959382996	-9.013919662140367e-10	0
6283185.307179586	2004.904904904905	1	-0.7525518262905865	5.912117086368329e-10	0
6283185.307179586	3688.4884884884887	5	-0.7669553782627901	-1.9310409370306115e-09	0
6283185.307179586	1636.1861861861862	4	-1.1560950202907927	1.850335371557591e-10	2
6283185.307179586	1594.4444444444446	3	0.15505488976709625	1.0429224778651058e-09	0
6283185.307179586	1420.5205205205204	3	-0.3913971472598161	-6.482921207824895e-10	0
6283185.307179586	1705.755755755756	1	-1.02328346557619	-5.141174256165086e-10	2
6283185.307179586	2644.944944944945	3	0.5359198126450124	-1.8600600064373053e-09	0
6283185.307179586	1733.5835835835837	2	0.6794877753913897	-4.5495332267323667e-10	2
6283185.307179586	2672.772772772773	3	-1.5127631504721246	1.8130648250324472e-09	2
6283185.307179586	2290.1401401401404	1	-1.011364651960148	-1.0812971258667512e-09	0
6283185.307179586	1218.7687687687687	3	0.8954151241409729	1.5189617624236498e-09	0
6283185.307179586	1657.0570570570571	5	0.40994288896734066	1.6876441483249153e-09	0
6283185.307179586	1427.4774774774776	1	-1.3889446483253067	-1.4776930071479177e-09	1
6283185.307179586	2053.603603603604	5	-0.6538776976780164	1.5329877352936334e-10	2
6283185.307179586	2491.891891891892	2	0.40771778439628914	1.2488047036340397e-09	0
6283185.307179586	905.7057057057058	1	-1.4750241584322215	-1.5137859955231252e-09	2
6283185.307179586	1824.0240240240241	2	-0.4208409008839522	1.1295405218592791e-10	1
6283185.307179586	3020.6206206206207	4	0.3228396691512532	5.768983562093895e-10	0
6283185.307179586	1531.8318318318318	4	0.142533384717642	8.11597267826487e-10	0
6283185.307179586	2060.5605605605606	4	-0.6276324477286477	1.6819154367592708e-09	0
6283185.307179586	1984.034034034034	1	-0.9624221880530177	-3.7918758006032854e-10	2
6283185.307179586	2373.6236236236236	4	-0.934333175086247	-2.78193791701288e-10	1
6283185.307179586	1615.3153153153153	5	-0.7390302409326492	3.34578420230593e-10	2
6283185.307179586	2018.818818818819	4	-1.2578041963812396	-1.5844567944701722e-09	0
6283185.307179586	1580.5305305305305	2	1.1441824569981462	4.1906959141837437e-10	1
6283185.307179586	1942.2922922922924	3	-0.7087115550750432	1.7578861013886779e-09	0
6283185.307179586	982.2322322322323	2	0.10654785212044171	1.1431992871726713e-09	0
6283185.307179586	1357.9079079079079	4	1.4952615118762105	1.0469601241510483e-09	2
6283185.307179586	592.6426426426426	2	-1.1844000881437342	-1.4203543463161616e-09	2
6283185.307179586	1392.6926926926926	1	0.7159552627930532	5.071048043944453e-10	1
6283185.307179586	2116.2162162162163	2	-1.556123143974961	-1.1063265628226424e-09	1
6283185.307179586	1573.5735735735736	4	-0.6156539353263133	-1.7701398187577572e-09	0
6283185.307179586	1587.4874874874874	1	0.8394980877758029	1.5273694892028682e-10	2
6283185.307179586	2902.352352352352	3	0.8709789178267395	-4.5222266057174783e-10	1
6283185.307179586	1427.4774774774776	3	-0.606724508024786	-6.542111131887429e-10	0
6283185.307179586	3737.187187187187	2	-0.26393900114511903	3.96459537967473e-10	0
6283185.307179586	1712.7127127127128	4	-1.4679377268917118	1.0963830951986364e-09	1
6283185.307179586	1281.3813813813815	3	-1.1873407975476296	2.611566239659706e-10	2
6283185.307179586	1552.7027027027027	4	1.5456637608643464	-1.0489872868450887e-10	2
6283185.307179586	905.7057057057058	1	-1.257123332855837	9.058236347075439e-11	2
6283185.307179586	1399.6496496496497	3	-0.3512751761203847	-2.304023862652467e-10	1
6283185.307179586	2004.904904904905	4	0.07145532720308778	4.922774211244308e-10	1
6283185.307179586	2032.7327327327328	4	0.9963436404400938	1.9841306048116662e-09	0
6283185.307179586	1483.1331331331332	1	0.6038298113007725	9.994968703777445e-10	0
6283185.307179586	2881.4814814814818	1	-0.364838832400598	-1.5790577347116073e-09	0
6283185.307179586	2283.1831831831832	5	-0.8331796868583897	6.960757501182817e-10	1
6283185.307179586	1044.8448448448448	3	1.5537515853724337	-1.4470485984826276e-09	1
6283185.307179586	2693.643643643644	5	-0.947581436436276	6.481857296208388e-10	1
6283185.307179586	1691.8418418418419	4	1.5399715911954375	1.3913079521171878e-09	1
6283185.307179586	2206.6566566566567	3	1.0582676549239904	2.7798716608863408e-11	1
6283185.307179586	1670.970970970971	5	0.9260377885094524	1.9681996792038996e-09	0
6283185.307179586	1698.7987987987988	4	-0.6748373044104855	-6.410805306544437e-10	0
6283185.307179586	1371.821821821822	1	0.6313042504065045	-1.174560413263702e-09	0
6283185.307179586	2575.3753753753754	1	1.0340623485283853	7.126238945187588e-10	1
6283185.307179586	2352.7527527527527	5	-0.060027261486802486	4.648095613346533e-10	1
6283185.307179586	1378.7787787787788	5	-0.5583490723826028	4.1246201402332554e-10	1
6283185.307179586	1893.5935935935936	3	1.257825104985307	1.886263672723785e-09	0
6283185.307179586	2951.051051051051	4	-0.303425040164532	-1.174728221674246e-09	0
6283185.307179586	1844.8948948948948	5	-0.4014293110892746	-1.1778385379642902e-09	0
6283185.307179586	1204.854854854855	5	1.0014314679456917	-3.3210912397564655e-11	2
6283185.307179586	683.0830830830831	1	-0.5727043955430783	2.1022055142778931e-10	0
6283185.307179586	1156.1561561561562	2	-1.5426839665259167	1.4533427361461325e-09	1
6283185.307179586	3716.3163163163163	2	-1.4771069352260038	-8.307710411509462e-10	1
6283185.307179586	2735.3853853853852	2	-1.3444123065520055	-7.002833871669841e-10	2
6283185.307179586	2505.805805805806	4	1.510860934620836	-4.15179653080989e-10	2
6283185.307179586	3465.865865865866	4	-0.9665704590361067	1.6695105029603844e-09	0
6283185.307179586	2276.226226226226	4	-1.372263956052635	-1.8487666383570919e-10	1
6283185.307179586	1371.821821821822	1	-0.18032779992348535	-9.585473248162759e-10	0
6283185.307179586	1225.7257257257259	3	0.5173140060133159	-7.741968032177548e-12	1
6283185.307179586	2491.891891891892	2	-0.992355146224075	-1.898575932365507e-09	0
6283185.307179586	1114.4144144144145	5	1.1877453218328045	1.214586446258369e-09	2
6283185.307179586	1865.7657657657658	3	-1.1092938627405768	-1.7771704680972147e-09	0
6283185.307179586	1837.937937937938	5	1.3552017140202555	1.3189353456742654e-09	2
6283185.307179586	342.1921921921922	3	-0.6774411696739364	1.2421827688640172e-09	0
6283185.307179586	1956.2062062062062	4	0.1270580190897188	1.796949342058015e-09	0
6283185.307179586	1886.6366366366367	3	-1.06382656206552	-1.0561600202730605e-09	0
6283185.307179586	1510.960960960961	4	0.2531810418500793	1.3884379950885696e-09	0
6283185.307179586	2923.223223223223	1	-0.9676516383663992	1.4537222029299714e-09	0
6283185.307179586	1803.1531531531532	2	1.4637605925842316	1.7220330496412636e-09	1
6283185.307179586	2707.5575575575576	1	0.31730716451050833	-6.261551874168495e-10	0
6283185.307179586	1343.993993993994	4	0.2577557361854206	1.979298729426851e-10	1
6283185.307179586	2707.5575575575576	5	-0.3674289062944289	3.3818047811458803e-10	1
6283185.307179586	2220.5705705705705	5	1.1628127051911727	1.0839353256560825e-09	1
6283185.307179586	3131.931931931932	2	-0.18256514152144687	1.0496645284523281e-09	0
6283185.307179586	2359.70970970971	2	0.612003412018296	5.691513637544232e-12	1
6283185.307179586	1942.2922922922924	1	-1.3747932354116357	-1.3148731010277481e-09	2
6283185.307179586	2512.762762762763	4	1.0137101748510604	-1.6775423830180386e-09	0
6283185.307179586	1531.8318318318318	3	-0.7923273525687129	-1.928462264323889e-09	0
6283185.307179586	1559.6596596596596	5	-0.9999158528415268	-1.0423745397581886e-09	0
6283185.307179586	1837.937937937938	4	0.20804519900612317	-1.8066402498300882e-09	0
6283185.307179586	3076.2762762762763	1	-0.5429010901255034	-7.83403513710114e-11	1
6283185.307179586	2116.2162162162163	3	0.1940755551129345	2.501890269847765e-10	2
6283185.307179586	2046.6466466466468	4	-0.7388128540664387	1.2579058943341025e-09	0
6283185.307179586	2477.977977977978	1	-0.4986498311220948	9.064979694855185e-10	0
6283185.307179586	1719.6696696696697	5	1.0298820156837407	9.576944232615654e-10	1
6283185.307179586	1413.5635635635635	2	-0.6553308102285632	-1.6567775695853772e-09	0
6283185.307179586	1413.5635635635635	4	-1.0923429144747079	-1.9212997940530775e-09	0
6283185.307179586	2804.954954954955	3	1.5317635179775553	-1.4293670350030905e-09	1
6283185.307179586	1775.3253253253254	4	-0.9047942913618967	6.990244381426551e-11	2
6283185.307179586	557.8578578578579	1	0.3858034555430372	1.7208015929702988e-09	0
6283185.307179586	2846.6966966966966	2	0.24562552731981313	-4.2922332855584237e-10	1
6283185.307179586	1538.788788788789	1	0.26378868261809596	-6.557814847439682e-10	1
6283185.307179586	1573.5735735735736	1	0.5828627550385597	-5.50015944504184e-11	2
6283185.307179586	3187.5875875875877	4	0.2914915667930784	1.383000973269377e-09	0
6283185.307179586	2297.097097097097	3	0.27699433048798916	9.842872824533743e-10	0
6283185.307179586	933.5335335335336	4	0.6728798099293938	-5.498050307053935e-10	1
6283185.307179586	1149.1991991991993	5	1.5698334301027779	9.747040617788406e-10	0
6283185.307179586	1670.970970970971	2	0.5302151931179115	1.192966461557949e-09	0
6283185.307179586	1350.950950950951	2	0.9487741957874145	1.990708900632399e-09	0
6283185.307179586	2505.805805805806	1	0.7139964078262202	1.1814667463224326e-09	0
6283185.307179586	1587.4874874874874	5	-1.0270394052139062	5.095688296733181e-10	2
6283185.307179586	1886.6366366366367	3	-1.4086345425152595	1.1176086828255585e-09	1
6283185.307179586	1552.7027027027027	4	0.4928706970478727	1.8287351154488517e-09	0
6283185.307179586	2164.914914914915	4	0.41939973029833566	9.44266113269596e-10	0
6283185.307179586	3758.058058058058	4	-0.5253222830545625	-1.2308665492651613e-09	0
6283185.307179586	1997.947947947948	1	-0.13377976698144378	-7.917617548626756e-10	0
6283185.307179586	1065.7157157157158	3	-1.5048870421896927	-1.973094022781956e-09	1
6283185.307179586	2060.5605605605606	2	0.12211615984000512	8.712403105700001e-10	0
6283185.307179586	710.910910910911	1	0.5016752075069753	1.898091538095475e-09	0
6283185.307179586	2436.2362362362364	5	1.4434984574420824	1.1042683261478089e-09	2
6283185.307179586	2088.388388388388	2	0.7388464714127787	-1.099864964811037e-09	0
6283185.307179586	1538.788788788789	3	-1.5658232480348153	-1.8301281881704938e-09	1
6283185.307179586	1566.6166166166167	4	0.32071357257338207	-2.2599804428241309e-10	1
6283185.307179586	2888.4384384384384	3	-0.2765873680722155	-1.7086508391430391e-09	0
6283185.307179586	1197.897897897898	4	0.5884485288911541	-1.3457499137806557e-09	0
6283185.307179586	1211.8118118118118	2	1.285780272283643	-1.7258046396231175e-09	1
6283185.307179586	787.4374374374374	4	-0.7107459504460054	-8.118148416479762e-12	2
6283185.307179586	1462.2622622622623	3	-0.20037313197880247	-2.4018246013009803e-10	2
6283185.307179586	1490.0900900900901	4	-1.088667953708978	-1.0125658743471676e-09	1
6283185.307179586	1232.6826826826828	3	-0.9809342157967076	-1.2349802804412918e-09	0
6283185.307179586	2617.1171171171172	3	-1.5634334857021621	-2.170137482060475e-10	1
6283185.307179586	2679.72972972973	5	0.5549535442233187	-1.7668670258095644e-09	0
6283185.307179586	1712.7127127127128	3	1.2052750532315981	1.6791000722032566e-10	1
6283185.307179586	3479.77977977978	1	-1.4161720810365175	1.5832965073349941e-09	2
6283185.307179586	1636.1861861861862	2	-0.08534064670847363	-7.512256429469196e-10	0
6283185.307179586	578.7287287287287	4	0.7916065689926075	-7.030172209294951e-10	0
6283185.307179586	2297.097097097097	1	-0.2620177362110405	9.829562287697868e-10	0
6283185.307179586	2958.008008008008	3	0.11032905619800037	1.6649483117875264e-09	0
6283185.307179586	2039.6896896896897	5	1.2282672402167485	-1.860110300715098e-09	0
6283185.307179586	884.8348348348349	2	-1.1033815037009425	-1.5964063127062254e-09	0
6283185.307179586	2540.5905905905906	2	0.5605462203582343	1.8471716094058985e-09	0
6283185.307179586	1434.4344344344345	2	1.1728637243259268	-8.993069539605343e-10	2
6283185.307179586	2818.868868868869	1	-0.05691495169348326	1.6293387561604972e-09	0
6283185.307179586	571.7717717717718	1	1.3071279949919457	3.6516192997339717e-10	2
6283185.307179586	2067.5175175175173	2	0.2608790525314195	-1.9655146872172347e-09	0
6283185.307179586	1316.1661661661662	2	-0.5462097523805725	1.547171503543857e-09	0
6283185.307179586	2909.3093093093094	3	-0.8532519428155945	4.5072641677006395e-10	1
6283185.307179586	2283.1831831831832	2	-0.36059812401562197	-1.5679474899872125e-09	0
6283185.307179586	641.3413413413414	1	-0.7708132496070867	1.0781660959865894e-09	0
6283185.307179586	2290.1401401401404	2	0.5085843801569392	1.3066580629528815e-09	0
6283185.307179586	961.3613613613613	3	-1.1296718086376851	-1.1971792369265103e-09	2
6283185.307179586	2032.7327327327328	1	0.12306417687824944	-3.0190246602516307e-10	2
6283185.307179586	1086.5865865865867	1	1.1553717807925294	1.7049884384094367e-09	0
6283185.307179586	1587.4874874874874	1	-1.1889243589502174	1.9242477728947864e-09	0
6283185.307179586	1997.947947947948	3	-1.023290906252803	-7.632573077388974e-10	1
6283185.307179586	975.2752752752752	4	-1.3088334083929138	-7.031791291785514e-10	2
6283185.307179586	2457.1071071071074	2	-0.2766178672050372	-9.39799257435788e-10	0
6283185.307179586	752.6526526526527	2	-1.4925277317010284	9.653933466847213e-10	2
6283185.307179586	1281.3813813813815	4	-0.6378908334348771	-1.2883006263997145e-09	0
6283185.307179586	1524.8748748748749	4	-1.3675010394978304	4.926410285904432e-10	2
6283185.307179586	1545.7457457457458	5	-1.073066490774988	1.6489402192081938e-09	0
6283185.307179586	3104.1041041041044	5	-0.3337900561476552	-1.6780062887681286e-09	0
6283185.307179586	3758.058058058058	4	-0.011158810102259276	6.088909094034788e-10	0
6283185.307179586	773.5235235235235	1	-0.6819259417377408	-1.3161378530154788e-09	2
6283185.307179586	2060.5605605605606	4	0.4576544606703652	1.9902837284166573e-09	0
6283185.307179586	2916.2662662662665	3	-0.28618575697302284	1.6255466555301646e-09	0
6283185.307179586	2533.6336336336335	3	-0.1661008844748204	-1.071461962740832e-09	0
6283185.307179586	1698.7987987987988	3	0.4340516218412094	1.046869322106066e-09	0
6283185.307179586	1684.884884884885	1	0.5010125338318345	-3.2445176825549685e-10	1
6283185.307179586	1580.5305305305305	3	1.3258657999822545	-1.6088302825912573e-09	1
6283185.307179586	954.4044044044044	3	-0.5410410592108219	4.995969840802669e-10	1
6283185.307179586	536.986986986987	5	-0.8566012765925691	-2.8087377316016136e-10	0
6283185.307179586	2157.957957957958	5	-0.24332648362947285	1.4062476186613806e-09	0
6283185.307179586	877.877877877878	5	-1.061417713450666	-6.887584871969268e-10	2
6283185.307179586	1538.788788788789	2	1.468096227558156	-1.0078938201465216e-09	2
6283185.307179586	1643.143143143143	2	0.7091076057971462	2.80964003617879e-10	2
6283185.307179586	2116.2162162162163	3	-0.769533517218881	-1.4984699509421567e-09	0
6283185.307179586	1023.973973973974	5	1.566750097657029	-5.407042490083024e-10	1
6283185.307179586	648.2982982982983	5	0.41490022503710833	-1.3245943045083837e-09	0
6283185.307179586	989.1891891891892	4	0.5192342773877288	9.310554814862814e-10	0
6283185.307179586	634.3843843843844	4	0.2890513441720348	3.0880111157982004e-10	1
6283185.307179586	523.0730730730731	3	-1.3852505796388623	-1.910964435353577e-10	2
6283185.307179586	954.4044044044044	5	-0.8004710046295123	3.077783877878246e-11	2
6283185.307179586	1323.1231231231232	1	-0.08647269398762591	-1.4267506614972725e-09	0
6283185.307179586	1851.851851851852	4	-1.2476365992673144	-9.63000653485206e-10	1
6283185.307179586	2192.742742742743	2	-0.8003183027807482	-1.472047217791153e-09	0
6283185.307179586	1817.0670670670672	2	0.7977730527099189	-4.645977695776501e-10	2
6283185.307179586	2151.001001001001	1	-0.9273259435020518	-6.814579514922496e-10	2
6283185.307179586	1128.3283283283283	4	-0.4948058225641414	1.987423706081143e-09	0
6283185.307179586	2324.924924924925	4	0.27323777098378943	1.768095439921126e-09	0
6283185.307179586	2839.73973973974	2	-1.458947374680752	2.2390186919511302e-10	2
6283185.307179586	822.2222222222223	5	0.5666464782811866	6.040293262098061e-10	2
6283185.307179586	787.4374374374374	5	-0.4259229332718797	9.060498892326927e-10	2
6283185.307179586	2276.226226226226	4	-1.5400878250007202	-5.164734566113377e-10	2
6283185.307179586	1246.5965965965966	3	0.11413742896082257	-9.08354743909162e-10	0
6283185.307179586	1281.3813813813815	3	1.391077904962926	1.008973452062883e-09	2
6283185.307179586	717.8678678678679	4	0.6453330681693656	-1.8764336450240055e-09	0
6283185.307179586	1782.2822822822823	4	-1.4317040204410443	-3.981209428744879e-10	2
6283185.307179586	1469.2192192192192	5	0.6417611343870213	-1.8901408788006163e-09	0
6283185.307179586	2644.944944944945	3	-0.027889934227730562	-1.9585059374364322e-09	0
6283185.307179586	1385.7357357357357	4	1.1602413819606872	1.28472557371353e-09	1
6283185.307179586	2220.5705705705705	4	-1.1328575702670112	4.685665475034216e-10	2
6283185.307179586	1886.6366366366367	3	0.5886532581161972	1.105282038654889e-10	1
6283185.307179586	1469.2192192192192	1	0.1383994662047665	-4.389732491600574e-10	1
6283185.307179586	2985.835835835836	2	1.0963562839305099	5.371055028658208e-11	2
6283185.307179586	2290.1401401401404	4	0.556009303526483	1.2375199471446652e-09	0
6283185.307179586	1100.5005005005005	2	-0.8469695965379938	-1.5917037724119075e-10	1
6283185.307179586	2902.352352352352	4	0.2647968311502964	1.3605835517793298e-09	0
6283185.307179586	1879.6796796796798	5	0.4706501476545317	-1.954080263220866e-09	0
6283185.307179586	1490.0900900900901	1	0.3783131311422616	-9.059688031576695e-10	0
6283185.307179586	2227.5275275275276	2	-0.6601037473659562	-4.809780900470911e-10	1
6283185.307179586	2505.805805805806	3	0.7860631333668118	-1.9998510952841935e-09	0
6283185.307179586	2505.805805805806	1	1.2034697063093467	1.7618334060067207e-09	0
6283185.307179586	1719.6696696696697	5	0.9642179725142004	4.511743446935867e-10	1
6283185.307179586	1531.8318318318318	5	-0.3923020409645912	1.0253226362608207e-10	2
6283185.307179586	1093.5435435435436	1	-1.4350515680131277	2.0693981582711425e-10	2
6283185.307179586	1761.4114114114116	4	1.1196454480856768	1.8296168627690005e-09	0
6283185.307179586	2644.944944944945	2	-0.3551621355347845	-6.599392731618155e-10	0
6283185.307179586	592.6426426426426	1	-0.2732423692141346	8.069090628041592e-10	0
6283185.307179586	2443.193193193193	5	-0.6885672054723544	4.4966712525439616e-11	1
6283185.307179586	3243.2432432432433	2	-0.31553842369601814	1.9576738642907064e-09	0
6283185.307179586	1371.821821821822	5	1.407382654607499	-1.7965738290283256e-09	2
6283185.307179586	1817.0670670670672	1	1.33065151872932	-1.1159529503074115e-09	1
6283185.307179586	836.1361361361362	3	-1.4260382083143799	3.663488883082476e-10	2
6283185.307179586	1601.4014014014015	5	0.7775462875968122	2.0736866993092747e-10	2
6283185.307179586	1399.6496496496497	1	-1.3598694408571133	-1.1702615658146706e-09	2
6283185.307179586	787.4374374374374	5	-0.8191141430199727	-1.8117521819359964e-09	0
6283185.307179586	1497.047047047047	1	1.2603265551127976	4.3478293214465107e-10	2
6283185.307179586	1761.4114114114116	3	-0.17882040795467602	-1.7949548363282097e-09	0
6283185.307179586	2171.871871871872	3	-1.2493379152646615	2.362760960655071e-10	2
6283185.307179586	954.4044044044044	2	0.37231590652708446	1.9455374007247813e-09	0
6283185.307179586	2032.7327327327328	1	1.4263712454567665	-1.6188308438508524e-09	2
6283185.307179586	1378.7787787787788	1	-0.1812078161834183	-5.172960507121052e-10	2
6283185.307179586	2213.613613613614	2	-0.20945247774722175	-1.7079293663693345e-09	0
6283185.307179586	1580.5305305305305	5	-0.6687308904898023	3.4230492558432934e-10	2
6283185.307179586	1448.3483483483483	5	1.1902747886571547	-1.2619080246879246e-09	0
6283185.307179586	425.6756756756757	1	0.8301216274440457	1.682901528560585e-09	0
6283185.307179586	1650.1001001001002	3	1.2896709934955841	-3.0677144006970813e-10	1
6283185.307179586	1455.3053053053054	1	0.38045911167605984	-1.59450230681143e-09	0
6283185.307179586	982.2322322322323	3	1.247121936051708	1.609826365974855e-09	1
6283185.307179586	1023.973973973974	5	-0.8304192944004394	-2.659301834706192e-10	1
6283185.307179586	1928.3783783783783	4	1.5049136929547808	1.5054704399601734e-09	2
6283185.307179586	3834.5845845845847	1	-1.558857267173566	1.2698137652865018e-09	1
6283185.307179586	1754.4544544544544	2	-1.3298828659654225	-1.8315423940219483e-09	1
6283185.307179586	1538.788788788789	5	-0.18727783872267478	-1.553019844905697e-09	0
6283185.307179586	1851.851851851852	3	-1.4637908548441179	6.050039574451676e-10	1
6283185.307179586	2401.4514514514517	4	-1.497949494873406	-1.7569323144357505e-09	2
6283185.307179586	2401.4514514514517	5	-0.31044091842491794	-2.668368613867029e-11	2
6283185.307179586	2964.964964964965	5	1.2059019770861696	7.972085060117584e-10	2
6283185.307179586	1211.8118118118118	1	1.2786785815775863	-1.6901033299973887e-09	2
6283185.307179586	1782.2822822822823	5	0.716421514624539	1.206335282203415e-09	0
6283185.307179586	3271.071071071071	4	-1.11949591137238	-1.3254642114427606e-09	0
6283185.307179586	1935.3353353353355	4	-0.6061136837218811	-6.459273049199795e-10	0
6283185.307179586	2450.1501501501502	2	0.10785027924199997	-8.408072512516346e-10	0
6283185.307179586	1726.6266266266266	1	-1.3342112309223715	-2.6024576697564506e-10	1
6283185.307179586	1204.854854854855	3	-1.3747835218791555	-1.956706299870688e-09	1
6283185.307179586	1587.4874874874874	2	-0.29175720026981056	-3.2819516034221756e-11	1
6283185.307179586	2401.4514514514517	2	0.069313033015731	-3.6916289366058135e-10	1
6283185.307179586	3918.068068068068	1	-1.2096615688241432	5.878365216875081e-10	2
6283185.307179586	627.4274274274275	5	0.6311004548767842	-4.801551660325855e-10	0
6283185.307179586	3111.061061061061	5	0.8036222455870172	-1.4161200931445067e-09	0
6283185.307179586	2554.5045045045044	5	-0.5495135618834794	1.002589603504377e-09	0
6283185.307179586	2269.2692692692694	2	-1.2018156870528276	-1.3814252833774842e-09	0
6283185.307179586	1497.047047047047	4	1.3431269049884498	6.472233656635082e-10	2
6283185.307179586	550.900900900901	1	-0.3216994715699406	5.234283899725146e-10	0
6283185.307179586	1900.5505505505505	5	1.5695445949403268	3.387893903262576e-10	1
6283185.307179586	1204.854854854855	1	-0.7446495350320526	6.588332303033391e-10	0
6283185.307179586	1872.7227227227227	1	1.5273897490392234	-1.6958047865866273e-09	2
6283185.307179586	1163.113113113113	1	-0.14360212103340086	1.3231660031794412e-09	0
6283185.307179586	2742.3423423423424	5	-0.6394715919194359	-9.691061812339937e-10	0
6283185.307179586	1719.6696696696697	1	-0.9839681421301154	7.652767605918553e-10	0
6283185.307179586	3034.5345345345345	1	-1.0397855964064133	6.772878500445391e-10	1
6283185.307179586	1796.1961961961963	1	-0.5343886756824989	-1.344513804220706e-11	1
6283185.307179586	884.8348348348349	1	1.2948871100174304	8.766038225368431e-10	2
6283185.307179586	2269.2692692692694	2	1.1924477965277949	8.612027208074689e-10	2
6283185.307179586	1156.1561561561562	5	0.033616856519226745	-8.408392004519211e-10	0
6283185.307179586	2283.1831831831832	2	0.14745774665539613	9.31443429373943e-10	0
6283185.307179586	2964.964964964965	3	0.06047850705675639	-1.196441008713449e-10	2
6283185.307179586	1907.5075075075076	3	-0.06270444615674631	1.0105067448826912e-09	0
6283185.307179586	2248.3983983983985	5	1.2872728616110125	-1.5703801115090142e-09	0
6283185.307179586	1921.4214214214214	3	1.093145376724777	1.4956800143989955e-09	0
6283185.307179586	2971.921921921922	2	1.0312950343302751	-5.85184897181406e-10	1
6283185.307179586	1830.980980980981	5	-0.01564933313976158	-2.8473889038574514e-10	2
6283185.307179586	1163.113113113113	5	0.1822019528272083	9.134706121067965e-10	0
6283185.307179586	1942.2922922922924	3	0.5566376475977912	2.6732948124373544e-10	1
6283185.307179586	1413.5635635635635	5	0.002137665132217803	9.466069073838291e-10	0
6283185.307179586	2081.4314314314315	3	1.1829905885191203	5.419624632968068e-10	1
6283185.307179586	1594.4444444444446	2	-0.22550111596581068	-1.140160795764505e-09	0
6283185.307179586	2631.031031031031	2	0.3332565286962912	-6.648315786776613e-10	0
6283185.307179586	794.3943943943945	4	-0.8581087654940868	1.3552677575660491e-09	0
6283185.307179586	2575.3753753753754	3	0.6582860404696587	-1.5411865946619898e-09	0
6283185.307179586	933.5335335335336	3	-1.458166173408716	3.498976653523248e-10	2
6283185.307179586	961.3613613613613	2	-1.2801634913157243	-5.771175483259823e-10	1
6283185.307179586	2067.5175175175173	4	0.5178641078992228	-1.994472605607368e-10	1
6283185.307179586	1650.1001001001002	2	1.4631854447680093	1.6470160551561815e-09	2
6283185.307179586	1399.6496496496497	1	1.3358175136533896	-1.6390297082295328e-09	1
6283185.307179586	3090.19019019019	1	-1.0204897024289912	-1.2066913249309198e-10	1
6283185.307179586	2888.4384384384384	5	0.887155377083992	-7.243836584092979e-10	0
6283185.307179586	2311.011011011011	3	0.266571211967644	-5.833624646003881e-10	0
6283185.307179586	502.2022022022022	2	1.5574034123910474	-6.384806534057376e-10	2
6283185.307179586	2262.3123123123123	3	-1.0478043402406154	-1.3174970153478622e-09	0
6283185.307179586	1935.3353353353355	2	1.1560244662598462	-1.1764673946469281e-09	1
6283185.307179586	1893.5935935935936	5	0.6696855310447232	2.7317147977469355e-10	1
6283185.307179586	2032.7327327327328	4	0.3026139577665936	1.8360680879110478e-09	0
6283185.307179586	877.877877877878	5	0.43999089122495505	-7.743105515123349e-11	2
6283185.307179586	2839.73973973974	4	0.22746727392503474	5.934106193235484e-10	0
6283185.307179586	2109.259259259259	3	0.9310698621214533	-7.735717112176692e-10	0
6283185.307179586	912.6626626626627	2	1.4941627813576805	-1.6640050246563966e-09	2
6283185.307179586	1128.3283283283283	1	0.11631560536511021	1.6584061767726351e-09	0
6283185.307179586	196.0960960960961	3	0.5028135428568388	1.6636680968716022e-09	0
6283185.307179586	2951.051051051051	1	0.5388186870869167	1.656856094891213e-09	0
6283185.307179586	1448.3483483483483	1	1.2598924635295012	8.193005075451288e-10	2
6283185.307179586	1865.7657657657658	5	1.1752192324910506	-4.39063990631956e-10	1
6283185.307179586	2505.805805805806	1	1.093634767414553	1.9585071266130307e-09	0
6283185.307179586	488.2882882882883	1	-1.1502834027214994	1.627634432388906e-11	2
6283185.307179586	2234.4844844844847	5	0.9334037755266862	9.376028109195672e-10	0
6283185.307179586	2178.828828828829	2	1.0706587439258364	-7.43755629253184e-10	2
6283185.307179586	1726.6266266266266	3	-0.9991676357906552	-3.4534233703135657e-10	2
6283185.307179586	1524.8748748748749	1	-0.9787465253297681	-5.828056495208954e-10	2
6283185.307179586	1177.027027027027	1	-0.5149698538598553	-7.57681784745448e-10	2
6283185.307179586	933.5335335335336	4	0.9665584803947209	-1.5701866165583841e-09	0
6283185.307179586	1754.4544544544544	2	-1.043736186485822	7.431882606926822e-10	1
6283185.307179586	2519.7197197197197	4	0.7446136007504838	-1.9982960792521203e-09	0
6283185.307179586	3375.4254254254256	2	0.30804374623695097	-4.987063779005813e-10	0
6283185.307179586	1657.0570570570571	3	0.0998097503288431	1.4769164688656096e-09	0
6283185.307179586	933.5335335335336	3	0.1667971265470154	1.7386582097887103e-09	0
6283185.307179586	2964.964964964965	3	-0.33014785378200884	-1.07374441837211e-09	0
6283185.307179586	2512.762762762763	5	-0.9739578464141783	-1.12643868857305e-09	0
6283185.307179586	2359.70970970971	2	1.084882528328396	1.4046953719357e-09	0
6283185.307179586	2095.3453453453453	2	-1.414001906642536	-1.3564899492089878e-09	1
6283185.307179586	2568.4184184184187	3	0.7091108568008195	1.4229972285744022e-10	1
6283185.307179586	2227.5275275275276	1	1.5658577582694955	-1.3943166756660028e-09	2
6283185.307179586	2331.881881881882	3	-1.0497754333491458	-5.761764087438194e-10	2
6283185.307179586	2359.70970970971	5	-0.7742022884876952	-1.6293128729423182e-09	0
6283185.307179586	2283.1831831831832	5	1.1766681237784962	1.7054091985582262e-09	0
6283185.307179586	2331.881881881882	1	-0.4036449817416021	-1.7573188485970218e-09	0
6283185.307179586	2151.001001001001	2	-0.48570151274167506	1.648596850841376e-09	0
6283185.307179586	1851.851851851852	4	-1.535962170286623	1.6902761269132738e-09	2
6283185.307179586	1517.917917917918	1	0.9196046254620165	-4.1103490072000064e-10	2
6283185.307179586	390.8908908908909	2	0.14929970942426585	-1.0772602359256755e-09	2
6283185.307179586	1997.947947947948	2	-1.1957437403823905	-5.157111901701676e-10	2
6283185.307179586	1135.2852852852852	5	-1.381223660026049	9.526707715290848e-12	2
6283185.307179586	1350.950950950951	1	-1.012915185628071	-1.8223001170443523e-09	0
6283185.307179586	2763.2132132132133	1	1.0169024827182658	3.573966889192252e-10	2
6283185.307179586	947.4474474474474	2	-0.04712059179478323	-1.049280008484537e-09	0
6283185.307179586	1552.7027027027027	4	-1.4734465293678323	1.283799928607568e-09	2
6283185.307179586	1504.004004004004	2	0.4540182030444151	-1.030226446374511e-09	0
6283185.307179586	1302.2522522522522	2	0.929927308711302	1.6467431379205634e-09	0
6283185.307179586	2199.6996996997	3	-1.1811063070866283	1.238189862867805e-09	0
6283185.307179586	1921.4214214214214	2	-1.4099714657228162	-1.926415060521724e-09	2
6283185.307179586	2436.2362362362364	2	0.256120363025502	1.7579820907140006e-09	0
6283185.307179586	1260.5105105105106	5	-1.5140746233494733	5.842637768475726e-10	2
6283185.307179586	2297.097097097097	5	-1.1845549758857414	2.35509560142186e-10	2
6283185.307179586	1037.887887887888	5	-1.4094225679314283	9.477318796253204e-10	2
6283185.307179586	1824.0240240240241	4	-0.3218111475692329	1.8659695181728145e-09	0
6283185.307179586	1629.2292292292293	5	0.7836766856731381	8.491549460029756e-10	0
6283185.307179586	2526.676676676677	1	-0.6970240409658267	2.574151316088929e-10	2
6283185.307179586	1907.5075075075076	3	1.1105439559194235	4.706390490771912e-10	1
6283185.307179586	2582.3323323323325	4	0.00663729146489489	-6.476033039821392e-10	0
6283185.307179586	2248.3983983983985	5	0.541470062804231	-9.766503277962096e-10	0
6283185.307179586	2359.70970970971	3	-1.3088607168215414	-3.4599447893373365e-10	2
6283185.307179586	2241.4414414414414	3	-0.9481500757178132	-2.3296363809662647e-11	2
6283185.307179586	2596.2462462462463	2	-0.1526709764298524	1.887689801983748e-09	0
6283185.307179586	1170.0700700700702	1	-1.1419188936097475	1.701290418067373e-09	0
6283185.307179586	940.4904904904905	3	1.499559408612614	1.7164513667493968e-09	2
6283185.307179586	3159.75975975976	4	-0.9565560233397505	1.2191353251260492e-09	0
6283185.307179586	2234.4844844844847	1	-0.9507983284263677	-1.1962346132576879e-09	0
6283185.307179586	1079.6296296296296	1	0.4338599469737012	8.901331467071287e-10	0
6283185.307179586	2095.3453453453453	4	-0.15370453384744343	-1.6367873571758517e-09	0
6283185.307179586	2415.3653653653655	4	-1.5147866073763563	-1.7555873863767222e-09	2
6283185.307179586	1274.4244244244244	3	-0.8740559156197263	-1.3381913300251101e-09	0
6283185.307179586	1427.4774774774776	5	0.11844992037651458	-1.834810418022189e-09	0
6283185.307179586	1441.3913913913914	3	-1.114318467992952	1.56671233380397e-09	0
6283185.307179586	1218.7687687687687	1	0.0007642901060063156	1.2089784989108472e-10	2
6283185.307179586	286.5365365365366	2	0.11852839912235558	4.2710121995090803e-10	0
6283185.307179586	1107.4574574574574	5	0.27181440384086275	1.3638209602571734e-09	0
6283185.307179586	1949.2492492492493	4	0.16814407148412291	1.4568797138076916e-10	1
6283185.307179586	1246.5965965965966	4	1.341818833121335	-4.926681186546468e-10	1
6283185.307179586	4245.045045045045	1	-0.8731903568805478	-5.710260544178528e-10	1
6283185.307179586	1010.0600600600601	2	-0.09460895322390206	5.417862221881774e-10	0
6283185.307179586	1921.4214214214214	2	-0.18175209077075394	8.273898568561692e-11	1
6283185.307179586	2985.835835835836	3	-0.4053239698231643	-8.452049804954926e-11	1
6283185.307179586	2422.322322322322	2	0.8928865533295891	1.7124520584174586e-10	2
6283185.307179586	2672.772772772773	1	0.9799374191501466	5.813638092605828e-10	1
6283185.307179586	759.6096096096096	4	0.1784446958011623	1.2059812694868098e-09	0
6283185.307179586	1323.1231231231232	4	-0.9022214029721435	-1.1568192503798156e-09	0
6283185.307179586	1552.7027027027027	2	0.050330039006104776	-1.7740181324331693e-09	0
6283185.307179586	1281.3813813813815	1	0.3070489762599691	-6.293127682765639e-10	1
6283185.307179586	2025.7757757757759	3	-0.6757715806308853	-1.8700247918137727e-09	0
6283185.307179586	1573.5735735735736	2	-1.32359888885957	-4.690698715265053e-10	1
6283185.307179586	829.1791791791792	2	0.2487437801452801	9.395677605520883e-10	0
6283185.307179586	1121.3713713713714	1	-0.941819142768853	-4.368773891275631e-10	2
6283185.307179586	1156.1561561561562	2	-0.10086301288607125	-3.316272747561736e-10	1
6283185.307179586	599.5995995995996	2	0.9668502426880612	-6.174741972149929e-10	1
6283185.307179586	1844.8948948948948	5	0.0025488788729026712	1.3657815519578892e-09	0
6283185.307179586	1510.960960960961	2	-1.404293896555788	2.9655650868223224e-10	2
6283185.307179586	1010.0600600600601	5	0.8143330641587911	1.729135335804554e-09	0
6283185.307179586	1065.7157157157158	5	1.2684946698468536	-1.1417985398980029e-09	2
6283185.307179586	1274.4244244244244	3	-0.8559041254503932	3.6619875987627166e-10	1
6283185.307179586	1782.2822822822823	3	1.1178626966103402	1.5659042373881892e-09	0
6283185.307179586	1921.4214214214214	2	-0.466395433181356	-1.7415875339687445e-09	0
6283185.307179586	1497.047047047047	4	0.4504921597457825	-2.011791635195835e-10	2
6283185.307179586	2450.1501501501502	4	0.887776438988606	-8.440830005166729e-10	0
6283185.307179586	1712.7127127127128	1	-0.08556762047237387	1.9967512944257557e-09	0
6283185.307179586	286.5365365365366	4	1.4652744574435146	-9.559495023610275e-10	1
6283185.307179586	4453.753753753754	4	-0.5911386039657006	4.744206388333979e-10	0
6283185.307179586	1218.7687687687687	4	1.1466627405930168	-1.7476401427240133e-09	0
6283185.307179586	1900.5505505505505	3	1.3398683646191771	-1.5560414641322234e-09	1
6283185.307179586	1302.2522522522522	3	-0.028040030326108134	8.165280919626376e-10	0
6283185.307179586	1803.1531531531532	5	0.8085320109106942	1.3156644050476498e-09	0
6283185.307179586	1956.2062062062062	5	-1.4683603298557182	1.0502561643883804e-09	2
6283185.307179586	2311.011011011011	3	-1.0183853061596362	1.8306788317573271e-09	0
6283185.307179586	1510.960960960961	4	0.3402687293510247	7.184517466583205e-10	0
6283185.307179586	1316.1661661661662	5	-1.5029259374478743	-1.1316390515953416e-09	2
6283185.307179586	1177.027027027027	3	1.4342102498551075	-6.498964130710738e-10	2
6283185.307179586	2749.2992992992995	3	1.1590161522131432	1.3098498572090705e-09	0
6283185.307179586	1086.5865865865867	5	1.1400192234384932	-7.433780924332067e-10	2
6283185.307179586	2985.835835835836	3	-1.1704002312002721	1.0957132670769005e-09	0
6283185.307179586	863.963963963964	5	-1.5029201996001653	5.570897061022823e-10	1
6283185.307179586	1824.0240240240241	5	1.3215544427054557	6.176919292968376e-10	1
6283185.307179586	1594.4444444444446	1	-0.009470568065478524	3.7288413558208325e-10	0
6283185.307179586	2436.2362362362364	5	-0.9027407757848015	-6.754318669542139e-10	0
6283185.307179586	2088.388388388388	5	-0.9207764790769444	9.178774921586808e-10	0
6283185.307179586	3625.875875875876	1	0.5069849351239926	1.1663337296631376e-09	0
6283185.307179586	1775.3253253253254	3	-0.3119564837278459	1.6739479389799175e-09	0
6283185.307179586	1051.801801801802	1	-1.3967600128766955	1.1771477768609003e-09	2
6283185.307179586	1483.1331331331332	2	1.4465400882520751	1.971854836567332e-09	2
6283185.307179586	2116.2162162162163	2	0.36581370765818355	8.611259359925002e-10	0
6283185.307179586	1601.4014014014015	3	-1.4402585367770262	-1.4680199890076918e-09	1
6283185.307179586	2185.7857857857857	2	-0.3971561160202599	-1.1102189043543716e-09	0
6283185.307179586	2415.3653653653655	2	-1.2627557297328944	-1.1593259686278463e-09	2
6283185.307179586	2276.226226226226	4	1.0240337158198383	3.104639004651623e-10	1
6283185.307179586	1392.6926926926926	2	1.148099100691645	1.871564666836335e-09	0
6283185.307179586	696.996996996997	1	0.25415598735405753	1.4914742977732597e-09	0
6283185.307179586	1740.5405405405406	4	0.21112609107922187	1.1932070465992659e-09	0
6283185.307179586	2123.1731731731734	1	-0.2984832998710969	-2.0533122986926602e-10	1
6283185.307179586	1149.1991991991993	5	0.706358526775547	9.128689696721785e-10	2
6283185.307179586	2589.289289289289	4	0.9146650838101498	1.4980429973543183e-10	2
6283185.307179586	2540.5905905905906	5	-0.02395610141143445	-6.144904918645113e-10	0
6283185.307179586	2561.4614614614616	4	-1.0276466658022816	-2.9963578266600397e-10	2
6283185.307179586	822.2222222222223	2	-0.15125187593999745	-8.028688143788117e-10	2
6283185.307179586	731.7817817817818	5	0.43735344824459466	-1.960857187191347e-09	0
6283185.307179586	683.0830830830831	5	0.18479669728923742	1.949634128788901e-09	0
6283185.307179586	2658.858858858859	5	-0.2981086878444277	-1.3169918155630996e-09	0
6283185.307179586	1664.014014014014	4	-1.1835389983890152	-1.4259396216451325e-09	0
6283185.307179586	3194.544544544545	3	0.6570134523211051	-6.186772249435661e-11	1
6283185.307179586	2811.911911911912	4	1.2929806394450143	-1.9689729145615127e-09	0
6283185.307179586	1712.7127127127128	5	-0.2921328592299408	1.446214994175093e-09	0
6283185.307179586	2749.2992992992995	5	0.05784417708337375	-6.203082123932347e-10	0
6283185.307179586	4405.055055055055	5	-0.05370652843023538	-3.098547499463931e-10	1
6283185.307179586	836.1361361361362	4	-0.5218167375327523	-1.920149038422065e-09	0
6283185.307179586	2220.5705705705705	3	-0.44706738180985517	2.749944709496856e-10	2
6283185.307179586	1670.970970970971	1	1.3921750335490555	9.142232533647019e-10	1
6283185.307179586	599.5995995995996	1	-1.3472240027666396	1.853370235292576e-09	2
6283185.307179586	1580.5305305305305	1	-0.371661453791015	8.564697535395124e-10	0
6283185.307179586	2930.1801801801803	1	0.020515060556767217	2.0800899742587812e-10	2
6283185.307179586	829.1791791791792	4	-0.7726296175323295	-1.8790743488242897e-09	0
6283185.307179586	2672.772772772773	2	-1.5252760303382733	7.759480765997406e-10	2
6283185.307179586	1267.4674674674675	1	1.0834453937805582	-1.114632916280738e-09	2
6283185.307179586	1385.7357357357357	2	-0.8917066715938897	-6.114236309312484e-10	1
6283185.307179586	1510.960960960961	2	-1.1694903246246138	-7.57037985372433e-10	1
6283185.307179586	599.5995995995996	4	0.5386077716906432	-1.8322336013216521e-09	0
6283185.307179586	1316.1661661661662	5	1.45820325239952	5.328338142911714e-10	2
6283185.307179586	975.2752752752752	1	-0.834523844540501	1.7092349964266123e-10	1
6283185.307179586	1782.2822822822823	5	-1.1773733480375546	2.3385695275587103e-10	2
6283185.307179586	1044.8448448448448	5	-0.8046937690373427	-1.6451822557469967e-09	0
6283185.307179586	1684.884884884885	2	0.5544043453201954	9.215881875315077e-10	0
6283185.307179586	1399.6496496496497	1	1.2961222364685838	1.6104233288063627e-09	1
6283185.307179586	2130.13013013013	1	0.2520892749042476	-1.0730592674789597e-10	2
6283185.307179586	676.1261261261261	2	-0.8484847096383353	1.7554110240754306e-09	0
6283185.307179586	1065.7157157157158	1	-0.9755932756743957	-1.654074998856945e-09	0
6283185.307179586	2144.0440440440443	5	-1.2291739132460193	4.2009417581004105e-10	2
6283185.307179586	1691.8418418418419	4	-1.112372539517679	1.8854762778159077e-09	0
6283185.307179586	2373.6236236236236	2	-0.5793104752565471	-1.2959631159386333e-09	0
6283185.307179586	1114.4144144144145	5	0.4426533908774126	1.9881722010107337e-09	0
6283185.307179586	662.2122122122122	1	1.035920336908264	-1.88523177671642e-09	1
6283185.307179586	1392.6926926926926	1	-0.04101507846886543	1.164915627458006e-09	0
6283185.307179586	606.5565565565565	5	-0.36060750808978015	-1.0092124888395926e-09	0
6283185.307179586	989.1891891891892	1	-0.007704242084879853	-1.728991595264116e-09	0
6283185.307179586	2130.13013013013	4	-1.4823155025827595	5.545304035034423e-10	2
6283185.307179586	1434.4344344344345	3	0.77744559555553	1.9325721662502604e-09	0
6283185.307179586	2095.3453453453453	5	-0.8560222179495551	4.799819534623419e-10	2
6283185.307179586	3006.706706706707	3	0.4809938199667645	5.473188835758903e-10	0
6283185.307179586	1566.6166166166167	3	0.9079867004843614	-5.042677349254641e-10	2
6283185.307179586	1163.113113113113	1	0.0693770129603184	1.7041913509704955e-09	0
6283185.307179586	1497.047047047047	2	0.7729392668822093	-1.2439054716397486e-10	1
6283185.307179586	2206.6566566566567	5	-0.9103983169488564	1.267608094572964e-09	0
6283185.307179586	1538.788788788789	2	-0.7300962792357338	-1.6229347452622612e-09	0
6283185.307179586	1900.5505505505505	4	1.4025404791455198	6.99610787027195e-10	1
6283185.307179586	857.007007007007	2	0.07023455717467098	-4.5473236333263056e-10	1
6283185.307179586	1761.4114114114116	1	-0.8275436469455509	8.134172737328534e-10	0
6283185.307179586	815.2652652652653	4	-1.2930662141923692	-1.085624045472561e-09	1
6283185.307179586	2283.1831831831832	4	-0.7628113843313327	9.690997251501753e-10	0
6283185.307179586	2067.5175175175173	2	1.0135556604029228	-1.4995488903832111e-09	0
6283185.307179586	1309.2092092092093	4	0.6001412843708644	1.4153500622217132e-09	0
6283185.307179586	1142.2422422422424	2	-1.3346397093658282	-7.758273228991227e-10	2
6283185.307179586	1796.1961961961963	5	0.48745194812330395	-1.3758294007647103e-09	0
6283185.307179586	1928.3783783783783	3	1.0120908445386627	1.646667471394962e-09	0
6283185.307179586	2317.967967967968	4	0.9111518160763956	-1.8386012855996216e-09	0
6283185.307179586	2756.256256256256	2	0.10977572043169292	1.2318158755304882e-09	0
6283185.307179586	1997.947947947948	1	0.3057299545144354	-3.983164651952986e-10	2
6283185.307179586	2220.5705705705705	5	-0.8585062349422597	6.895358142274387e-10	1
6283185.307179586	1817.0670670670672	2	-0.6519351689242459	-5.880654874649913e-10	1
6283185.307179586	2978.878878878879	3	0.032760227649729856	3.77986147592683e-10	1
6283185.307179586	2804.954954954955	1	0.66770746975142	1.4915376839254708e-09	0
6283185.307179586	1274.4244244244244	2	1.21405098052435	3.708072146324493e-10	2
6283185.307179586	1281.3813813813815	5	1.0960618258311885	9.482830815064986e-11	2
6283185.307179586	1622.2722722722724	3	-0.38536300872625473	-1.1881530784161232e-09	0
6283185.307179586	1288.3383383383384	2	-0.0467099437743872	-8.437972192693155e-10	0
6283185.307179586	4119.81981981982	4	-0.4909127444893324	-1.912197837858324e-09	0
6283185.307179586	1698.7987987987988	5	0.07204292739018237	-1.093891972968722e-09	0
6283185.307179586	2317.967967967968	4	-1.5429673087431952	-3.0981701594935696e-11	1
6283185.307179586	982.2322322322323	1	-1.0059911125595469	1.7520311122010788e-09	0
6283185.307179586	1274.4244244244244	3	0.3828704998118606	-1.278848401926599e-09	0
6283185.307179586	1517.917917917918	3	-1.4021385446773826	-5.50707050545253e-11	1
6283185.307179586	745.6956956956957	2	1.0725634329571765	1.239432755474013e-09	0
6283185.307179586	975.2752752752752	3	1.1161810006208635	-1.6585851031666983e-09	0
6283185.307179586	1796.1961961961963	3	-1.328453096769668	-9.134847106188425e-10	2
6283185.307179586	2276.226226226226	1	-1.3410327162741544	-2.244951125528588e-10	2
6283185.307179586	982.2322322322323	4	-0.24143389337740806	-6.287965902100394e-10	0
6283185.307179586	2185.7857857857857	3	0.043941240795996706	7.621433267392674e-10	0
6283185.307179586	1705.755755755756	3	-0.253118592608361	-4.1506787660645676e-10	2
6283185.307179586	724.8248248248249	3	0.1609910816365483	-1.3310330947582312e-09	0
6283185.307179586	1629.2292292292293	3	0.25376079466116996	-1.0409389384612893e-09	0
6283185.307179586	2540.5905905905906	5	1.5548626681442284	1.2459916090545016e-09	2
6283185.307179586	2686.6866866866867	1	0.5865877941372251	8.996153563510634e-10	0
6283185.307179586	2387.5375375375374	2	-0.811375572841723	1.8581679587946626e-10	1
6283185.307179586	1997.947947947948	2	1.0191654512740138	1.5818195076281244e-09	0
6283185.307179586	912.6626626626627	2	1.0169372192116342	-9.087796159240642e-10	1
6283185.307179586	2554.5045045045044	2	-0.2088545071579737	9.509074885036379e-10	0
6283185.307179586	1782.2822822822823	4	-0.2996636324246975	1.2767369153597134e-09	0
6283185.307179586	919.6196196196197	4	0.6559314298910639	-1.7729823119964926e-09	0
6283185.307179586	2693.643643643644	1	-1.2411032956521661	-1.1848300053805044e-09	1
6283185.307179586	2603.2032032032034	5	-1.3080796259341316	-1.3336529410638098e-09	1
6283185.307179586	1705.755755755756	2	1.1500723322024475	-1.765972131643411e-09	0
6283185.307179586	1337.0370370370372	1	-0.8159845218980861	-4.0362500696712645e-10	2
6283185.307179586	2311.011011011011	3	0.2926374577379378	5.519482432580547e-10	0
6283185.307179586	1510.960960960961	2	-0.2074078904233121	-6.78171975406475e-11	2
6283185.307179586	1100.5005005005005	2	0.8459699689442752	4.787936399052972e-10	2
6283185.307179586	919.6196196196197	1	-1.2985843004213553	1.7916160655821976e-09	2
6283185.307179586	606.5565565565565	4	0.6439817404171793	1.0870815259101688e-09	1
6283185.307179586	1065.7157157157158	4	0.6935069292168494	1.7368694511147064e-09	0
6283185.307179586	898.7487487487488	2	0.08120854042137204	-5.757109910888976e-10	1
6283185.307179586	1455.3053053053054	1	0.9507213206069607	1.4497988642970928e-09	0
6283185.307179586	2324.924924924925	3	-0.7875693740460629	-1.8011862280757951e-09	0
6283185.307179586	1761.4114114114116	1	-0.036665471654780735	-1.9614774669799266e-09	0
6283185.307179586	1754.4544544544544	5	-0.5435740077290703	1.0601980347685356e-09	0
6283185.307179586	383.93393393393393	4	0.9008159445946302	5.893757664711324e-10	1
6283185.307179586	2262.3123123123123	2	-0.2759166275652105	8.270847903476901e-11	2
6283185.307179586	1413.5635635635635	1	1.372253478792357	1.6709749945132994e-09	1
6283185.307179586	1441.3913913913914	1	-0.38975559209368416	-1.0879090346733858e-09	0
6283185.307179586	2144.0440440440443	2	-0.7696933711414431	1.5608288840893297e-09	0
6283185.307179586	1879.6796796796798	1	-0.45736643694116697	7.425398554752517e-10	0
6283185.307179586	912.6626626626627	3	0.717382759648296	-9.296912585228589e-10	0
6283185.307179586	1517.917917917918	2	0.23908744370431778	-1.0764745405260237e-09	0
6283185.307179586	2220.5705705705705	2	-0.6630431509574513	-2.348455343485929e-10	1
6283185.307179586	1886.6366366366367	3	-0.9332260404714126	1.32340387192529e-10	2
6283185.307179586	2276.226226226226	3	-0.505501156781373	-1.9340628478039876e-09	0
6283185.307179586	1657.0570570570571	4	0.9218677571066802	9.504770413326668e-10	0
6283185.307179586	1886.6366366366367	3	-0.4386301071008132	-1.2263648661618793e-09	0
6283185.307179586	2234.4844844844847	1	-0.7818292949634639	-6.070475073555666e-10	1
6283185.307179586	1385.7357357357357	3	-0.7144205698511574	1.1196371462985185e-09	0
6283185.307179586	1163.113113113113	3	-0.47830762198833887	5.467420595003045e-10	2
6283185.307179586	2617.1171171171172	2	-0.04106657192986818	4.354321617728376e-10	0
6283185.307179586	2575.3753753753754	5	-1.5655933880181272	-5.082770023816096e-10	2
6283185.307179586	1476.176176176176	2	1.2678746351166197	-1.2961429284902271e-09	1
6283185.307179586	1072.6726726726727	2	0.563347781853893	2.344603531527614e-10	1
6283185.307179586	1337.0370370370372	2	-1.1974363229788532	-5.393734630138943e-10	2
6283185.307179586	2784.084084084084	1	1.287745151249518	-1.6734389397688855e-09	0
6283185.307179586	996.1461461461462	5	1.221707996306396	5.461341510014698e-10	2
6283185.307179586	3097.1471471471473	5	-0.08801344978329517	-1.2975885893469355e-09	0
6283185.307179586	1177.027027027027	1	-1.1120219108288336	3.386468359586998e-10	1
6283185.307179586	1712.7127127127128	1	0.5832973688349647	1.0786815518356638e-09	0
6283185.307179586	1170.0700700700702	1	1.097152175547615	7.357249058212508e-10	1
6283185.307179586	3090.19019019019	1	-0.2656405726335995	2.083017787628615e-10	2
6283185.307179586	2464.064064064064	1	-1.2770846626367143	-7.910814420790518e-10	2
6283185.307179586	1872.7227227227227	5	1.5372436804187863	-1.9759251557210863e-09	2
6283185.307179586	1608.3583583583584	4	-0.3448116753175776	6.739231168935281e-10	0
6283185.307179586	1427.4774774774776	3	-1.1141466921247836	-1.3915948462422232e-09	0
6283185.307179586	1524.8748748748749	1	-0.6096486751776974	-9.245515954054563e-10	0
6283185.307179586	2686.6866866866867	2	-1.3662867500661637	5.85410556587784e-10	2
6283185.307179586	1865.7657657657658	5	-1.3681539953240058	-1.8129750723605876e-09	1
6283185.307179586	2436.2362362362364	3	0.06455912718788626	1.5193883844613716e-09	0
6283185.307179586	1629.2292292292293	2	0.5873017261893687	-7.276374079000978e-11	1
6283185.307179586	1239.6396396396397	2	0.31251614323648846	-1.5449377232108749e-09	0
6283185.307179586	1893.5935935935936	3	-0.23161722198440238	1.019285481962801e-09	0
6283185.307179586	2617.1171171171172	2	1.4940963848407427	8.934279873440122e-10	2
6283185.307179586	1733.5835835835837	2	-0.29898048905359875	2.8461907368087927e-10	2
6283185.307179586	1872.7227227227227	2	0.9382769037013232	8.388111826258975e-10	0
6283185.307179586	1629.2292292292293	3	-1.4003992830238952	-1.927621270300782e-09	2
6283185.307179586	655.2552552552553	3	-0.43727524888190983	-1.1169875832504106e-09	0
6283185.307179586	1357.9079079079079	2	-1.3023579041500692	4.3342156965310165e-10	1
6283185.307179586	2651.901901901902	2	1.3026237416894482	9.62916684092816e-10	1
6283185.307179586	2999.7497497497498	1	-1.379028387618269	1.5762902179056278e-09	2
6283185.307179586	1900.5505505505505	4	-0.06283038592689327	-6.012061588986573e-10	0
6283185.307179586	2025.7757757757759	1	-0.009790531417129822	-1.6053130179957465e-09	0
6283185.307179586	1086.5865865865867	4	0.8713667178523727	-7.428777119974685e-11	1
6283185.307179586	1942.2922922922924	1	-0.8898975883478621	-1.6539636438480935e-10	1
6283185.307179586	1566.6166166166167	3	-0.14524312492717728	-1.7217378823707563e-09	0
6283185.307179586	1559.6596596596596	3	-0.8960312338625328	-1.0011764552127766e-09	0
6283185.307179586	2811.911911911912	3	1.3676439516566825	-6.25714525444462e-11	2
6283185.307179586	2686.6866866866867	5	-0.04649269054089	-1.0545734262442276e-09	0
6283185.307179586	1622.2722722722724	1	-0.4501495062304721	8.78116677715909e-10	0
6283185.307179586	1963.1631631631633	4	-0.976489162733999	-1.9392977740996985e-09	0
6283185.307179586	2450.1501501501502	5	0.13407733612756823	1.940802935382215e-09	0
6283185.307179586	2011.8618618618618	1	-0.8411808609664525	7.299289292396748e-10	0
6283185.307179586	3542.3923923923926	5	1.0806146832641894	-1.3506369049100188e-09	0
6283185.307179586	1490.0900900900901	1	0.6134221172094168	-1.0242544156179618e-09	0
6283185.307179586	2971.921921921922	5	0.9595831242975192	6.606476392083055e-10	1
6283185.307179586	2081.4314314314315	4	1.5123682702886736	-7.370935348982375e-10	2
6283185.307179586	1914.4644644644645	1	-0.18983341279559984	3.7711827397465163e-10	1
6283185.307179586	3187.5875875875877	4	0.5534443040161485	-1.717906791500854e-09	0
6283185.307179586	1650.1001001001002	5	-1.4993502094385207	-1.393033999508024e-09	2
6283185.307179586	905.7057057057058	5	-1.5571398598583681	-7.696733161499517e-11	2
6283185.307179586	3027.577577577578	4	-1.1215737574252207	1.3108723704813716e-09	0
6283185.307179586	2324.924924924925	1	-1.332370734524913	1.1429759005795716e-09	2
6283185.307179586	1761.4114114114116	3	0.9276150243098384	-1.914541862327585e-09	0
6283185.307179586	1420.5205205205204	2	-0.31589311585055224	8.525294039439996e-10	0
6283185.307179586	2074.474474474475	1	-0.0684983940978503	9.227172946804737e-11	2
6283185.307179586	1399.6496496496497	1	-0.025522540574948183	3.782700159600175e-10	0
6283185.307179586	2199.6996996997	3	0.600690450392463	-8.032510429805441e-11	2
6283185.307179586	2853.6536536536537	3	0.5391956701646863	3.4100404631684226e-10	2
6283185.307179586	467.4174174174174	4	0.5658422114007622	-5.496993124592056e-10	0
6283185.307179586	2387.5375375375374	3	-0.9750905216879409	1.5522820427415172e-09	0
6283185.307179586	2450.1501501501502	4	0.5686969333461147	2.167018326991904e-10	2
6283185.307179586	1949.2492492492493	1	0.3967021454081612	1.0240778133075942e-09	0
6283185.307179586	1469.2192192192192	4	-0.7193954845213107	-1.5532163825923054e-09	0
6283185.307179586	2777.127127127127	4	-1.569163447406254	1.0536643696150695e-09	2
