axial trapping frequency (MHz) 	 velocity(m/s) 	 ion collided with 	 angle(rads) 	 collision offset(m) 	 reorder? (1 is reorder 2 is ejection) 
6283185.307179586	1740.5405405405406	2	-0.5846215086194254	5.423617412368899e-10	1
6283185.307179586	1017.017017017017	3	0.38558664108980034	3.0477235624036417e-10	2
6283185.307179586	3431.0810810810813	2	0.6909160478339746	-1.1798504628423603e-11	1
6283185.307179586	1406.6066066066066	1	0.4476102486913782	-1.0418282404883992e-09	1
6283185.307179586	1608.3583583583584	3	-0.32395186278298116	-1.304163816963873e-09	1
6283185.307179586	690.04004004004	5	0.02427744385813746	5.684895365406107e-10	1
6283185.307179586	1705.755755755756	4	-0.4796680010458254	-7.851937698974117e-10	1
6283185.307179586	1705.755755755756	8	-0.49120679140332935	9.215311883272344e-11	2
6283185.307179586	1997.947947947948	1	-1.3273146226818746	-4.736857998823854e-10	2
6283185.307179586	592.6426426426426	2	1.3377454037388201	1.3416961418582296e-09	2
6283185.307179586	3785.885885885886	7	0.41591138053211885	-6.551615752531286e-12	2
6283185.307179586	3118.018018018018	2	-0.9291407370926683	-8.913080177969781e-10	1
6283185.307179586	237.83783783783784	8	-1.1810789837423057	-8.887042969713325e-10	1
6283185.307179586	1684.884884884885	4	-0.9038293928349687	-6.395130366897033e-10	2
6283185.307179586	2248.3983983983985	1	0.6103165494730547	1.2930270413468557e-09	1
6283185.307179586	2429.2792792792793	8	1.101624907203958	9.867435622747723e-10	1
6283185.307179586	766.5665665665666	5	0.6871338079709166	8.513070276574185e-10	1
6283185.307179586	1357.9079079079079	5	-0.41032460181221175	-5.728789944404977e-10	1
6283185.307179586	2971.921921921922	5	-1.4075967608159692	-1.0272054518543158e-09	2
6283185.307179586	1170.0700700700702	3	0.28028170247821915	-1.2469117535809097e-09	1
6283185.307179586	1851.851851851852	2	0.9107891327263529	-5.822835840851287e-10	1
6283185.307179586	1204.854854854855	8	-1.551678375205509	-1.4786129317482944e-09	1
6283185.307179586	3333.6836836836837	5	0.9449702016636525	9.111687383443273e-10	1
6283185.307179586	1163.113113113113	4	1.50795640802406	-8.842580830688305e-10	2
6283185.307179586	1239.6396396396397	2	-1.447992238208365	6.565891887702343e-10	1
6283185.307179586	1051.801801801802	7	0.23722262360530855	6.268126770197313e-10	1
6283185.307179586	1413.5635635635635	8	-0.33381913153677956	-2.3347862376830354e-10	1
6283185.307179586	2234.4844844844847	1	-1.0689925135169096	-4.736584740895882e-11	1
6283185.307179586	1183.983983983984	5	-0.30052186160945626	-3.491929872570792e-10	2
6283185.307179586	1072.6726726726727	8	0.5788954130707977	-2.553818075815379e-10	1
6283185.307179586	1253.5535535535537	1	-1.227486904004431	1.563720606169924e-10	1
6283185.307179586	1608.3583583583584	5	-1.4806916122328688	6.706105322098801e-10	2
6283185.307179586	1469.2192192192192	6	1.159278768323957	5.404269664309563e-10	2
6283185.307179586	1977.077077077077	6	0.33697995865623387	3.0625642699704254e-10	2
6283185.307179586	2074.474474474475	2	-1.5578849431625257	-1.766929202722527e-09	2
6283185.307179586	808.3083083083084	2	-1.4266604656171236	3.8886814941455336e-10	1
6283185.307179586	1622.2722722722724	5	0.014201192145411046	-1.5529626001128787e-10	1
6283185.307179586	2568.4184184184187	1	-0.3782977397522447	-6.188718769535156e-10	1
6283185.307179586	1754.4544544544544	7	-0.14985083946984923	1.4919725911506727e-09	1
6283185.307179586	2464.064064064064	6	0.11322384929847429	-1.2726400835892765e-09	1
6283185.307179586	1371.821821821822	7	0.4844251491848155	-5.416206782273356e-10	1
6283185.307179586	1573.5735735735736	8	-0.04832711239922083	4.851929613601062e-10	2
6283185.307179586	1580.5305305305305	2	-1.2070916638661853	-1.1058159291894462e-09	1
6283185.307179586	1643.143143143143	4	1.3685794364736266	7.352008630266743e-11	1
6283185.307179586	3138.888888888889	8	0.7399725759397016	7.59422399478682e-10	1
6283185.307179586	1190.940940940941	5	-0.6285200255920217	-3.189651664417684e-10	1
6283185.307179586	2144.0440440440443	4	-1.2114457227635718	1.3904097227651436e-09	1
6283185.307179586	2352.7527527527527	1	0.6568889620978586	-4.789716287313604e-10	1
6283185.307179586	1177.027027027027	3	-0.2654218997020805	-1.8520188677639516e-09	1
6283185.307179586	1030.930930930931	6	0.5091561599068566	-2.6490307693077183e-10	1
6283185.307179586	1156.1561561561562	6	0.6330371639770442	1.3157332061215358e-09	1
6283185.307179586	1921.4214214214214	2	1.171152786567387	-1.937763642835549e-09	0
6283185.307179586	1928.3783783783783	1	1.3486227863425801	1.1032474849538489e-09	2
6283185.307179586	1135.2852852852852	4	-0.5563937441728681	1.4170502652625997e-09	1
6283185.307179586	3771.971971971972	2	-0.4976738288198006	8.619881738399144e-10	1
6283185.307179586	634.3843843843844	3	1.06406970441101	3.486229749376427e-11	2
6283185.307179586	773.5235235235235	7	-0.2923051874284912	-5.368201750689563e-10	1
6283185.307179586	3062.3623623623625	6	-0.7725654056783317	1.8502025211897605e-09	1
6283185.307179586	1573.5735735735736	8	0.6676728051531495	1.1638241485396109e-09	1
6283185.307179586	3410.2102102102103	7	-1.189590087890399	9.441279516542006e-10	1
6283185.307179586	1615.3153153153153	8	-1.2705777025433629	-7.491980024787189e-10	2
6283185.307179586	1211.8118118118118	5	-0.23318300887051024	9.834961205790242e-10	1
6283185.307179586	1260.5105105105106	1	0.023472492754069707	1.9678239656967327e-09	1
6283185.307179586	1691.8418418418419	1	-0.4528523934558697	-1.5644344061093603e-09	1
6283185.307179586	1434.4344344344345	1	-1.3098147469426444	7.722609990123429e-10	1
6283185.307179586	2916.2662662662665	8	-0.896822173369985	-1.8755855722971406e-09	1
6283185.307179586	2971.921921921922	6	-0.6622205635355942	-6.583002455378945e-10	1
6283185.307179586	1030.930930930931	3	0.6799011392208145	1.903527825800313e-09	1
6283185.307179586	1149.1991991991993	2	1.401417319240652	8.273494765091636e-10	2
6283185.307179586	1531.8318318318318	6	0.3293060630194935	1.9528558030945043e-09	1
6283185.307179586	2060.5605605605606	4	0.8281951420250384	-1.0890728150520893e-09	1
6283185.307179586	4342.442442442442	3	1.0192741151345417	1.0168143274746362e-09	1
6283185.307179586	2526.676676676677	3	0.40042263889709706	-1.8735021143318984e-09	1
6283185.307179586	1274.4244244244244	1	0.12038405382248762	2.200314071004205e-10	2
6283185.307179586	710.910910910911	5	0.2556701906584127	-1.0458642681314438e-10	1
6283185.307179586	3361.511511511512	2	0.6502309266308255	1.2873922851357318e-09	1
6283185.307179586	1984.034034034034	7	0.38710088542122834	-1.9028661994197246e-10	2
6283185.307179586	1469.2192192192192	1	0.8034663802434769	-1.9475014649342246e-09	1
6283185.307179586	1566.6166166166167	6	-0.22357368673675726	1.3078965089264974e-09	1
6283185.307179586	2714.5145145145148	1	0.3417906869662142	-1.4532732386086775e-09	1
6283185.307179586	2380.5805805805808	3	0.05205081124226263	-8.390979478772342e-10	1
6283185.307179586	982.2322322322323	5	-0.5810565737423244	-8.048373926156219e-10	1
6283185.307179586	2088.388388388388	5	-0.6053581198338744	-2.719910020671886e-10	1
6283185.307179586	1065.7157157157158	5	1.4018926740830695	-1.9360535986209614e-09	2
6283185.307179586	1712.7127127127128	7	-0.6765434350676048	-7.530148072030651e-10	1
6283185.307179586	2964.964964964965	2	0.3454313748491924	-8.432332603877197e-10	1
6283185.307179586	2693.643643643644	7	0.07183707408249629	-3.0972095137367044e-10	1
6283185.307179586	1559.6596596596596	5	-1.3032941044626667	-7.134877229589481e-10	1
6283185.307179586	2777.127127127127	4	0.7593351403176096	6.774286315921127e-10	1
6283185.307179586	766.5665665665666	6	0.8359435014388672	-1.512694718227247e-09	1
6283185.307179586	2241.4414414414414	8	-0.5136618257934966	-7.893072202057515e-10	1
6283185.307179586	947.4474474474474	6	0.9685926454757765	-6.650664693986981e-10	1
6283185.307179586	2004.904904904905	3	-0.26845123153737194	1.0488204877765476e-09	1
6283185.307179586	1670.970970970971	1	-1.0982550728726512	1.5072751719189023e-10	1
6283185.307179586	3027.577577577578	6	-1.2592370156102053	8.641376919351255e-10	1
6283185.307179586	2631.031031031031	5	-0.1907320703326174	-1.4222376439684466e-09	1
6283185.307179586	1065.7157157157158	8	0.9520296624546356	1.5768805877556563e-10	1
6283185.307179586	1629.2292292292293	1	0.7798372348957194	8.397795784842481e-10	1
6283185.307179586	2067.5175175175173	5	-1.3647183745058422	-1.0968494723373112e-09	1
6283185.307179586	1977.077077077077	3	-1.326204329389883	1.569184283994697e-09	1
6283185.307179586	1448.3483483483483	5	0.2869098983366367	2.685246629193821e-10	2
6283185.307179586	1232.6826826826828	2	1.1165672067291808	1.1034376813358645e-09	1
6283185.307179586	1970.1201201201202	1	1.2577367815487146	9.681616136974258e-10	2
6283185.307179586	404.8048048048048	6	-0.1994719034082848	9.064677592098192e-10	2
6283185.307179586	1239.6396396396397	5	1.5576095164486183	1.872268353005885e-09	2
6283185.307179586	2526.676676676677	8	1.0573737592738488	1.7549113744212913e-10	1
6283185.307179586	2617.1171171171172	3	-1.4722628009262553	8.595531101035403e-10	1
6283185.307179586	2324.924924924925	2	1.2447679555017497	-5.922594421861132e-12	2
6283185.307179586	2185.7857857857857	2	-1.4292656591353827	1.3450587893657974e-09	1
6283185.307179586	1775.3253253253254	5	-0.15808470785589668	1.892159323782612e-09	1
6283185.307179586	1517.917917917918	2	-1.4688277964073109	-5.296360289973276e-10	2
6283185.307179586	1754.4544544544544	5	0.7486309583972348	-1.4841257045651488e-09	1
6283185.307179586	857.007007007007	3	-1.4062894091196543	-5.520776824718473e-10	1
6283185.307179586	1900.5505505505505	1	0.9193256102789884	1.0654816604557251e-09	1
6283185.307179586	1990.9909909909911	7	0.9067880444114249	-8.929461139150489e-10	1
6283185.307179586	982.2322322322323	4	0.9912869938954345	1.6857011714351697e-09	1
6283185.307179586	669.1691691691692	5	-0.4407785300752174	-5.215113786241461e-10	2
6283185.307179586	1664.014014014014	5	0.25572611747404816	-1.4129314352614611e-09	1
6283185.307179586	2192.742742742743	5	-0.6712063784255984	-4.2457137043122726e-10	1
6283185.307179586	2457.1071071071074	2	1.4736852650974885	-1.1746607399689978e-09	2
6283185.307179586	1100.5005005005005	2	0.25647083838511575	1.587462284388395e-09	1
6283185.307179586	1928.3783783783783	1	-0.5043882065756002	-1.5375421119365203e-09	1
6283185.307179586	2596.2462462462463	8	-0.9797424952048809	-2.956020267918919e-10	2
6283185.307179586	488.2882882882883	3	-1.2666007904743757	1.0732011790773572e-09	1
6283185.307179586	3159.75975975976	3	-0.372939721320656	-2.4512713631743166e-10	1
6283185.307179586	1517.917917917918	5	-0.6700796096550758	1.8144197926850433e-09	1
6283185.307179586	1232.6826826826828	3	1.2129889145662536	2.3403550234630687e-10	2
6283185.307179586	1079.6296296296296	4	-1.0966644228409543	1.963632087916179e-09	1
6283185.307179586	1997.947947947948	7	1.1096852286131749	-1.5035446469565012e-09	1
6283185.307179586	2123.1731731731734	3	-0.4965099648886444	4.536187519719956e-11	1
6283185.307179586	1740.5405405405406	5	1.451439777079119	-1.2347948823647732e-09	2
6283185.307179586	1476.176176176176	4	-0.2226636659175396	9.662760971432686e-10	1
6283185.307179586	1698.7987987987988	4	0.37417729444233316	3.8711638721235424e-10	2
6283185.307179586	1761.4114114114116	8	-0.1824998095139807	1.089725704426403e-09	1
6283185.307179586	1149.1991991991993	8	1.330765697459864	-1.6556035344115674e-09	2
6283185.307179586	773.5235235235235	8	0.769820600755001	-9.793787506749192e-10	1
6283185.307179586	3020.6206206206207	6	-1.0523571748117808	5.076127186807162e-11	1
6283185.307179586	2164.914914914915	2	-1.1997605939447358	-1.3142455327684435e-09	1
6283185.307179586	1587.4874874874874	8	-0.46744150311559696	-1.4558028902091118e-09	1
6283185.307179586	1135.2852852852852	5	-0.7665777151617983	-2.985348003803547e-11	2
6283185.307179586	884.8348348348349	2	0.43869278509203724	1.6805534009746853e-09	1
6283185.307179586	1295.2952952952953	1	0.030869169006231045	-1.048907730761091e-09	1
6283185.307179586	1462.2622622622623	4	0.022129998816469376	7.53203875208243e-10	1
6283185.307179586	884.8348348348349	1	-1.1631965830380224	5.535959690087815e-10	2
6283185.307179586	1775.3253253253254	5	-1.1903380330029216	1.556444509802306e-09	1
6283185.307179586	2081.4314314314315	1	-1.0873948710506034	4.976173693858968e-10	2
6283185.307179586	2317.967967967968	1	-0.44545953341974265	-6.599093959080863e-10	1
6283185.307179586	2192.742742742743	1	1.5062284224938027	-2.8161750126262993e-10	2
6283185.307179586	1657.0570570570571	5	0.8002579534983676	-8.569131721538052e-10	1
6283185.307179586	1392.6926926926926	1	-0.3061065373460319	-2.8589296463052386e-10	1
6283185.307179586	446.54654654654655	6	0.12645948369717175	1.7242622548006857e-09	1
6283185.307179586	2958.008008008008	1	-0.17737047442241982	-1.7919147018908246e-09	1
6283185.307179586	2547.5475475475478	7	-0.3325235768979018	1.406298156111671e-09	1
6283185.307179586	919.6196196196197	7	1.1702370805117317	1.450098184162266e-09	2
6283185.307179586	1343.993993993994	6	0.9062073687452106	-1.03429127252954e-09	1
6283185.307179586	3284.984984984985	6	0.8507849873651181	-6.639538108601034e-10	1
6283185.307179586	794.3943943943945	7	1.0472392272632391	-1.3471312105497005e-09	1
6283185.307179586	1392.6926926926926	1	-0.10824020258313793	-7.483491151237054e-10	1
6283185.307179586	1170.0700700700702	5	0.09053317389498505	1.09691594602584e-10	2
6283185.307179586	2679.72972972973	3	-0.8432511748060624	-1.1866693594672358e-10	2
6283185.307179586	3674.574574574575	6	1.1453205098793293	1.002352915227493e-09	1
6283185.307179586	1100.5005005005005	8	-0.2773878532660865	8.80128684311924e-10	2
6283185.307179586	891.7917917917919	8	1.4971073692560792	1.078094767452263e-09	2
6283185.307179586	2818.868868868869	8	0.08440691473982564	1.8007622278815302e-09	1
6283185.307179586	1441.3913913913914	1	-0.7416309049868313	1.1750669447089777e-09	1
6283185.307179586	1517.917917917918	5	-0.25352819450498143	-7.349383011540338e-10	1
6283185.307179586	1580.5305305305305	3	0.3461251783202022	5.567896903695233e-10	1
6283185.307179586	4057.2072072072074	6	1.1283780287995366	-1.4829932576134132e-09	1
6283185.307179586	1010.0600600600601	4	1.2167943664585947	-1.3196389253665108e-09	2
6283185.307179586	2220.5705705705705	1	1.0851944879466338	1.297398080849016e-09	1
6283185.307179586	1497.047047047047	2	1.430223373890957	1.18371283845612e-09	2
6283185.307179586	1323.1231231231232	6	-1.2185346710663887	-4.72883492424991e-10	1
6283185.307179586	2324.924924924925	8	-0.29478394085920145	-7.66569420099629e-11	2
6283185.307179586	1295.2952952952953	2	0.9857037155590227	2.3010221947957707e-10	2
6283185.307179586	933.5335335335336	4	1.3563531217124791	-1.884786433996407e-09	1
6283185.307179586	1350.950950950951	1	-0.877842149301857	7.619288015515784e-10	1
6283185.307179586	2039.6896896896897	4	-1.2600481496410296	1.5642446018724674e-09	1
6283185.307179586	3431.0810810810813	4	1.3336091430128163	-1.144867099148101e-09	1
6283185.307179586	2547.5475475475478	5	1.2154170887897733	1.436724420235506e-09	1
6283185.307179586	1643.143143143143	3	0.4586327748341783	1.799757974171324e-09	1
6283185.307179586	1573.5735735735736	4	-0.654570582686481	-1.3338879636880173e-09	1
6283185.307179586	1072.6726726726727	4	-1.3884863890242383	-2.436652429839992e-10	2
6283185.307179586	1810.11011011011	7	-0.4618659921271542	8.972545147382204e-10	1
6283185.307179586	1949.2492492492493	5	0.190224751510234	5.009419641887076e-10	1
6283185.307179586	1378.7787787787788	2	-0.9890752700485053	-1.679471694233342e-09	1
6283185.307179586	2269.2692692692694	7	-0.05149194420836234	-6.518668047974238e-11	2
6283185.307179586	2985.835835835836	2	1.111369543052556	-1.3627495453276432e-09	1
6283185.307179586	2359.70970970971	6	1.4737032685924483	1.3331014951171383e-09	2
6283185.307179586	1455.3053053053054	2	-0.12788614817485588	-7.444814155801356e-10	1
6283185.307179586	1239.6396396396397	6	-0.7210532681126325	1.0878358069094493e-09	1
6283185.307179586	1712.7127127127128	6	-0.4315745930373436	-1.604318943727135e-09	1
6283185.307179586	2004.904904904905	3	1.4272310099339873	-6.575873229850556e-10	1
6283185.307179586	2352.7527527527527	5	-0.4930679988569189	1.3674796308213785e-09	1
6283185.307179586	738.7387387387388	7	1.2608853871752386	-5.898995076736404e-10	1
6283185.307179586	1378.7787787787788	6	0.2965306806529109	1.5701894454113969e-09	1
6283185.307179586	495.24524524524526	2	0.4125756808371368	-1.9707259779595164e-09	1
6283185.307179586	2206.6566566566567	6	-0.6221844739231621	8.938058799808918e-10	1
6283185.307179586	648.2982982982983	7	-1.3969979224758435	-1.140240823975787e-09	1
6283185.307179586	1003.1031031031031	4	0.07226499774579453	1.7125994251642746e-09	1
6283185.307179586	710.910910910911	1	1.47919356945097	-1.2058336599997654e-09	2
6283185.307179586	1357.9079079079079	8	0.942262884275499	-9.820430143421875e-12	1
6283185.307179586	940.4904904904905	4	-0.3254800988087003	7.026983497397735e-10	1
6283185.307179586	2039.6896896896897	1	-1.50471292342541	-1.8958694120780105e-09	1
6283185.307179586	1037.887887887888	3	-1.1741543876757825	-1.0019948527594287e-09	1
6283185.307179586	3458.908908908909	5	0.8211797760915465	1.4158900689435814e-09	1
6283185.307179586	1705.755755755756	8	0.702240172625817	4.352081955108156e-10	1
6283185.307179586	2283.1831831831832	3	-0.9358400915493793	-1.4844961557271459e-09	0
6283185.307179586	2067.5175175175173	3	0.8786527707449387	1.9329846403177156e-09	1
6283185.307179586	2269.2692692692694	2	-1.3745762303504754	2.2357004606317067e-10	2
6283185.307179586	2004.904904904905	3	0.595890339755853	-1.1489087347201356e-09	1
6283185.307179586	2665.8158158158158	4	-0.8327815533521448	1.3429002737033502e-09	1
6283185.307179586	1761.4114114114116	3	-1.1047890120692734	2.36818262619768e-10	1
6283185.307179586	2171.871871871872	7	-0.3977271032921996	-1.4082601586790014e-09	1
6283185.307179586	2568.4184184184187	8	1.182967349462118	-6.312295608073552e-10	1
6283185.307179586	2624.0740740740744	1	0.2401198173263046	5.171502835446658e-10	1
6283185.307179586	655.2552552552553	4	1.5655958454072314	4.790941093884804e-10	2
6283185.307179586	2004.904904904905	2	0.9453220580125419	-1.7563365837785307e-09	1
6283185.307179586	1935.3353353353355	2	0.34647074676790757	-1.8569749577604712e-09	1
6283185.307179586	1963.1631631631633	1	0.45704421697432007	-5.813016510767852e-10	1
6283185.307179586	1121.3713713713714	6	-0.3696360260768432	-1.5905370026232983e-09	1
6283185.307179586	2651.901901901902	2	0.0022175243280815327	-1.8403916535703014e-09	1
6283185.307179586	2241.4414414414414	4	-1.0222797673563562	6.988108436989408e-10	1
6283185.307179586	1232.6826826826828	6	-1.0838567677376898	1.026344399761708e-09	1
6283185.307179586	1183.983983983984	1	1.2096265909040382	-1.7057806155251797e-09	1
6283185.307179586	3625.875875875876	1	0.525451524131368	1.088423655268766e-09	1
6283185.307179586	1963.1631631631633	8	0.29474632971542003	2.1077990675366411e-10	2
6283185.307179586	1302.2522522522522	6	-1.4044549214267668	1.1495723278544838e-09	1
6283185.307179586	516.1161161161161	6	0.17954865226559136	1.9715578064315885e-09	1
6283185.307179586	1517.917917917918	3	1.5285735573978103	-1.5804065555829375e-09	2
6283185.307179586	1504.004004004004	7	0.8105773174463873	-1.438675920215904e-09	1
6283185.307179586	2610.16016016016	8	1.4913185733316374	-4.324104218710333e-10	2
6283185.307179586	592.6426426426426	5	0.17607260318819962	-1.856890598669518e-09	1
6283185.307179586	2359.70970970971	1	-0.04550449310931892	1.6632476242905815e-09	1
6283185.307179586	2644.944944944945	4	1.3505548551089248	1.827917362255816e-09	1
6283185.307179586	1371.821821821822	1	0.07068693190644959	-5.698223167509783e-10	1
6283185.307179586	2839.73973973974	6	1.2440865105828007	1.3528465043165594e-09	1
6283185.307179586	1879.6796796796798	7	0.9485382638679565	1.6894496969160346e-09	1
6283185.307179586	836.1361361361362	3	-1.1092094396535406	5.13024538014479e-10	2
6283185.307179586	2777.127127127127	2	-0.05019072409225167	-8.426839181962521e-10	1
6283185.307179586	2533.6336336336335	2	0.633302299148681	-9.368923867476031e-10	1
6283185.307179586	2415.3653653653655	1	0.2921329122176617	-1.7439325064866517e-10	2
6283185.307179586	1343.993993993994	3	-0.28222913866377786	-9.133772875753596e-10	1
6283185.307179586	1629.2292292292293	1	-1.0019879722354172	-9.141701605086214e-10	2
6283185.307179586	2011.8618618618618	8	-0.1819558677314559	-1.5484825837261177e-09	1
6283185.307179586	1030.930930930931	1	1.522804116119882	1.463696881605694e-09	2
6283185.307179586	2011.8618618618618	8	-1.5603581360197423	-5.966678367129154e-10	2
6283185.307179586	1775.3253253253254	1	0.6585290809144451	5.022034081128493e-10	1
6283185.307179586	1455.3053053053054	5	0.9797458033958222	2.6472064162600077e-10	2
6283185.307179586	1817.0670670670672	6	-0.07509379349755418	-1.6620152682314782e-10	1
6283185.307179586	2457.1071071071074	6	1.3604321231813667	3.292534788452977e-10	1
6283185.307179586	1977.077077077077	6	1.5667810742757142	-7.317002436739712e-10	1
6283185.307179586	1441.3913913913914	1	-0.9826411247690767	1.6401112340351826e-09	1
6283185.307179586	2735.3853853853852	5	-0.2689511321320124	3.526341599920402e-10	2
6283185.307179586	3097.1471471471473	7	0.9408129216203553	4.345028835344775e-10	2
6283185.307179586	2053.603603603604	5	0.1565638285389248	1.3512626911708902e-09	1
6283185.307179586	467.4174174174174	6	1.194188981949348	-2.134773882447117e-10	1
6283185.307179586	1921.4214214214214	5	0.13877052851502225	1.5143201560162288e-09	1
6283185.307179586	3020.6206206206207	3	0.6377239706035875	-1.0944334136424834e-09	1
6283185.307179586	599.5995995995996	1	0.6868997312459291	1.1126409601311943e-09	1
6283185.307179586	2088.388388388388	5	1.282746346734819	-3.200454105449997e-10	1
6283185.307179586	2693.643643643644	5	0.31426380069574567	-7.988236351081684e-11	2
6283185.307179586	808.3083083083084	6	-0.6937199755614055	-2.734607728127765e-10	1
6283185.307179586	2067.5175175175173	4	0.23826299694658903	1.0283510877704999e-09	1
6283185.307179586	1455.3053053053054	6	-0.5161256488880419	8.536948571465238e-11	1
6283185.307179586	2290.1401401401404	3	-0.19738907431389885	3.572339439090651e-10	1
6283185.307179586	1615.3153153153153	6	-0.9271976465717549	-4.318219036943415e-10	1
6283185.307179586	2088.388388388388	3	0.9833168350586758	-2.377050194555234e-11	2
6283185.307179586	1698.7987987987988	4	-1.530855640022029	-4.676709704991126e-10	1
6283185.307179586	1740.5405405405406	4	-0.3381578879727345	4.867552031377585e-11	1
6283185.307179586	1629.2292292292293	4	0.9062980818769635	-1.925282926618714e-09	1
6283185.307179586	1107.4574574574574	7	0.3755224201344456	1.0823036318206594e-09	1
6283185.307179586	1677.927927927928	8	0.7966065530964297	-1.4417187079981242e-09	1
6283185.307179586	1559.6596596596596	3	-0.5131822002424022	3.594353415352237e-10	2
6283185.307179586	2700.6006006006005	1	0.7553135916997782	1.9406538159941177e-09	1
6283185.307179586	1754.4544544544544	8	0.0128838654080905	-1.0962981272984593e-09	1
6283185.307179586	919.6196196196197	5	0.7860724738426437	-5.34510669865782e-10	2
6283185.307179586	1163.113113113113	7	0.9936729019924355	1.9338164551374235e-09	1
6283185.307179586	502.2022022022022	8	-1.5383971853488891	1.8045063089483403e-09	2
6283185.307179586	2728.4284284284286	2	-0.9558779851535657	1.7914881036891885e-10	1
6283185.307179586	1796.1961961961963	8	-1.0156981124690123	-1.5107157892720734e-09	1
6283185.307179586	1886.6366366366367	5	0.34431803116839554	3.066351089850523e-10	1
6283185.307179586	2637.987987987988	6	-0.7987869213798502	9.325214128423318e-10	1
6283185.307179586	2700.6006006006005	6	-0.00852654980638512	1.5662629404531413e-09	1
6283185.307179586	1886.6366366366367	8	1.2233288828152071	1.9997598379249288e-09	1
6283185.307179586	975.2752752752752	3	1.169637697548087	1.0568830246245372e-09	1
6283185.307179586	3389.3393393393394	2	0.9896201817080508	1.5627956483611764e-09	1
6283185.307179586	1455.3053053053054	8	-1.0095161693399426	1.2470677100113984e-09	1
6283185.307179586	2074.474474474475	1	-0.5824488639723102	-6.487227401029011e-10	1
6283185.307179586	2429.2792792792793	6	0.26307906993280383	-6.349107042414021e-10	1
6283185.307179586	2164.914914914915	2	0.7722409813330922	1.8626968246060114e-09	1
6283185.307179586	2102.3023023023025	6	-0.05390897006816786	8.230872250448789e-10	1
6283185.307179586	794.3943943943945	8	1.5462469737562436	1.6361616190547233e-10	2
6283185.307179586	655.2552552552553	8	-0.6944150982508279	-1.3655518528175871e-09	1
6283185.307179586	495.24524524524526	4	-0.08164661755142544	-4.0066215792544534e-11	1
6283185.307179586	954.4044044044044	5	-1.1783879015350716	7.744676958156835e-10	2
6283185.307179586	2345.795795795796	5	-0.01434484690283977	-1.940590867361163e-09	1
6283185.307179586	2227.5275275275276	8	-1.000888844867656	-6.172419374009787e-10	1
6283185.307179586	2248.3983983983985	2	-0.32353396780537436	1.2648285620197681e-09	1
6283185.307179586	1406.6066066066066	3	-1.1106786209852988	-1.2396040658325473e-09	1
6283185.307179586	1740.5405405405406	3	-1.1441383563218357	1.8153784284188896e-09	1
6283185.307179586	1580.5305305305305	6	0.24183099249248463	4.87246973170938e-10	2
6283185.307179586	2220.5705705705705	7	1.412667910399469	-1.7719397986139753e-09	1
6283185.307179586	1316.1661661661662	3	-0.8845118505551425	1.10402582873209e-09	1
6283185.307179586	2422.322322322322	4	-1.3800198164480069	-1.7315709077958573e-09	1
6283185.307179586	1406.6066066066066	1	0.22415494502845923	-5.525705025006783e-13	2
6283185.307179586	1733.5835835835837	6	0.8451410248532736	1.9296896886375697e-09	1
6283185.307179586	3166.7167167167167	1	-1.3227932300559568	1.7847068088457582e-09	1
6283185.307179586	2269.2692692692694	4	1.2981672804735163	-1.8901722877663385e-09	1
6283185.307179586	2345.795795795796	2	1.4968832275784272	-1.8152301523275148e-09	2
6283185.307179586	2018.818818818819	2	-0.12282478703603439	-1.6178971830736992e-09	1
6283185.307179586	2060.5605605605606	7	0.8230103210057753	-3.042944003017362e-10	2
6283185.307179586	1517.917917917918	7	-1.2618663383892317	1.421651233579451e-09	1
6283185.307179586	2387.5375375375374	8	-1.2832442593951399	4.532666660831334e-10	2
6283185.307179586	2074.474474474475	2	-0.7702772679968178	-1.3840018113293158e-09	1
6283185.307179586	3048.4484484484487	1	-1.4716318033097806	-2.9656558754403494e-10	1
6283185.307179586	1705.755755755756	6	-0.5343340512087102	1.0001375010555729e-09	1
6283185.307179586	898.7487487487488	8	-1.522791003891997	1.4264936273296827e-09	2
6283185.307179586	808.3083083083084	5	-0.3746587692421022	1.826443747346559e-09	1
6283185.307179586	1608.3583583583584	6	0.013429690060908106	-8.40490644867868e-10	1
6283185.307179586	1385.7357357357357	4	-1.5138028257403449	1.4359288240747001e-09	1
6283185.307179586	857.007007007007	5	-0.384828861353153	-1.8013389225213409e-10	2
6283185.307179586	516.1161161161161	2	-1.5153604380421908	-1.4654858464553425e-09	1
6283185.307179586	1371.821821821822	3	-0.11620972009757424	3.045868224911189e-10	1
6283185.307179586	3444.994994994995	8	1.000770032791925	8.701902751632684e-10	1
6283185.307179586	2902.352352352352	8	-1.1135407139786946	-1.437281531040141e-09	1
6283185.307179586	2791.041041041041	5	0.6015186160483195	-5.416830338347866e-10	1
6283185.307179586	829.1791791791792	8	-0.21088302210467424	3.689316121177319e-10	2
6283185.307179586	2526.676676676677	7	-0.732228371313302	1.2306646597013742e-09	1
6283185.307179586	1330.08008008008	4	1.321789481563357	-1.2169201428140314e-09	2
6283185.307179586	801.3513513513514	8	-0.7233083692976228	9.806599869814417e-10	2
6283185.307179586	1712.7127127127128	1	-0.8178646122350465	1.5589411718768145e-09	1
6283185.307179586	1309.2092092092093	4	-1.069172808367753	6.09584264996313e-10	1
6283185.307179586	1044.8448448448448	8	-0.7035236307048403	-1.9005592587863824e-09	1
6283185.307179586	1865.7657657657658	6	-0.8653801531619978	7.820771675932707e-10	1
6283185.307179586	884.8348348348349	5	1.41850432706152	1.78899292968098e-09	1
6283185.307179586	676.1261261261261	5	-1.2123452762413294	-2.8660655141873184e-10	1
6283185.307179586	1392.6926926926926	7	0.13570167687325108	3.2377182190543107e-11	1
6283185.307179586	2206.6566566566567	7	-1.4682100425099767	1.3554585629778018e-09	1
6283185.307179586	2742.3423423423424	3	0.15283250723704978	1.1433660727791875e-09	1
6283185.307179586	335.2352352352352	6	0.5965787048511126	-5.96112313522137e-10	1
6283185.307179586	829.1791791791792	4	-1.3516865548968304	3.536796417942652e-10	2
6283185.307179586	2860.610610610611	4	0.9349591777128365	5.599350585997209e-10	1
6283185.307179586	1190.940940940941	7	-1.4744746874161858	-3.9401667873250675e-10	1
6283185.307179586	1865.7657657657658	7	-1.1993885970142915	3.8643411479874665e-10	1
6283185.307179586	2380.5805805805808	6	-1.1271389695221952	1.9598259120886493e-09	1
6283185.307179586	1030.930930930931	3	-0.6610284059536518	-1.6077117205025143e-09	1
6283185.307179586	1858.8088088088089	8	0.9608989851973719	-1.628421845795327e-09	1
6283185.307179586	2401.4514514514517	1	-0.07101179028229021	1.5797674141415544e-09	1
6283185.307179586	474.3743743743744	2	0.5974115527616473	-1.4427957834821366e-09	1
6283185.307179586	1497.047047047047	3	-1.0216656995390934	8.470748289821347e-10	1
6283185.307179586	1142.2422422422424	7	-1.086026787418036	-1.1851697902661398e-09	1
6283185.307179586	2123.1731731731734	4	1.340365512877491	-6.244955550009821e-11	1
6283185.307179586	1601.4014014014015	4	-0.25080470033813573	2.520141662901814e-11	1
6283185.307179586	2039.6896896896897	4	0.7662220790023029	-1.3524279215563419e-10	1
6283185.307179586	2311.011011011011	7	0.24653607829305457	-1.5686996337211232e-09	1
6283185.307179586	1281.3813813813815	7	0.6714024867208517	-1.0305399242135957e-09	1
6283185.307179586	1337.0370370370372	4	-0.7155372113059195	-1.3469934212386701e-09	1
6283185.307179586	2763.2132132132133	2	0.3025650655153622	-5.373791811686558e-10	1
6283185.307179586	2074.474474474475	4	0.8742523697938465	-1.5746332828108308e-09	1
6283185.307179586	1497.047047047047	5	1.0623907913926267	-1.469393210810817e-09	1
6283185.307179586	2380.5805805805808	1	1.0913347760832477	-5.094982074314483e-10	2
6283185.307179586	1302.2522522522522	5	-1.002283477874701	1.5526382688334893e-09	1
6283185.307179586	2651.901901901902	3	0.42811718011818845	-1.5939566243968374e-09	1
6283185.307179586	1504.004004004004	8	-0.680836197966212	-1.3976497417639934e-09	1
6283185.307179586	1872.7227227227227	5	1.5558043871121874	4.724451884847741e-10	2
6283185.307179586	738.7387387387388	4	0.649719361339109	-1.480177852201151e-09	1
6283185.307179586	3458.908908908909	7	1.5531403493978	-7.940961496101711e-10	1
6283185.307179586	2881.4814814814818	5	-1.2363311955320033	1.2810808025635958e-09	1
6283185.307179586	1691.8418418418419	1	-0.2603326102742365	-2.9515905275801884e-10	2
6283185.307179586	1406.6066066066066	3	-1.4520067205199212	-1.9911775144153842e-09	2
6283185.307179586	2554.5045045045044	8	-1.3656020112364948	-1.3447257534737217e-09	2
6283185.307179586	1921.4214214214214	6	1.0866332995169592	1.5337349394126583e-09	1
6283185.307179586	1705.755755755756	4	-1.2980065446507076	-1.7279977138749972e-09	1
6283185.307179586	1879.6796796796798	4	0.9219664959905063	-1.4779086868637787e-09	1
6283185.307179586	1636.1861861861862	8	1.5575298697601712	-2.133182001466069e-10	1
6283185.307179586	1253.5535535535537	6	-1.0772617565291638	1.540669244771175e-09	1
6283185.307179586	947.4474474474474	7	0.7338592749522315	-1.7491564457285192e-09	1
6283185.307179586	1775.3253253253254	1	-0.8054657452040724	-4.653158071749486e-10	1
6283185.307179586	836.1361361361362	5	-0.8575880366891392	1.876757774047498e-09	1
6283185.307179586	2088.388388388388	2	0.7859315415804828	1.2856912146618615e-09	1
6283185.307179586	1935.3353353353355	5	-0.5326757544040359	-4.4544117746409787e-10	1
6283185.307179586	752.6526526526527	5	-0.38712563195358984	2.623933536181072e-10	1
6283185.307179586	2373.6236236236236	2	0.10317090653286676	-2.0687754319136167e-10	2
6283185.307179586	1357.9079079079079	1	-0.6873828328894163	-1.3241963463461862e-09	1
6283185.307179586	2408.4084084084084	8	-0.14697079461449403	-4.818037681978123e-10	1
6283185.307179586	2464.064064064064	3	0.8197034303617858	-1.4720903118615178e-09	1
6283185.307179586	1427.4774774774776	6	1.5697210192715634	1.9118444108599393e-12	1
6283185.307179586	2937.1371371371374	5	0.6658854657284539	-1.4458438145895627e-09	1
6283185.307179586	794.3943943943945	7	-1.2149339196031823	1.645695201632562e-09	1
6283185.307179586	3291.941941941942	3	1.3226374306787165	5.396293597887957e-10	2
6283185.307179586	1086.5865865865867	4	-0.48338044209431374	-8.556811651167911e-10	1
6283185.307179586	1323.1231231231232	8	1.0384089349164372	1.1653324481321671e-09	2
6283185.307179586	766.5665665665666	5	-0.20339256476084233	1.0112077858378014e-09	1
6283185.307179586	2686.6866866866867	7	-1.4339351204214912	-1.9251465157685513e-09	1
6283185.307179586	1657.0570570570571	7	-1.4270690553217915	1.8258578232945937e-09	2
6283185.307179586	1357.9079079079079	8	1.3985667899384664	-1.063099201219603e-09	1
6283185.307179586	745.6956956956957	5	-0.9145832825328098	-3.69786921179076e-10	2
6283185.307179586	1997.947947947948	2	0.18053602837647564	-2.440304109736263e-10	1
6283185.307179586	1128.3283283283283	3	-0.29182306148571513	-8.69714207534393e-10	1
6283185.307179586	634.3843843843844	1	-0.009679650100352877	-5.554829723883993e-10	1
6283185.307179586	1580.5305305305305	5	-0.6747976135292113	1.0842626512341884e-09	1
6283185.307179586	2721.4714714714714	3	0.8989065388600781	-5.160940261291502e-10	1
6283185.307179586	1086.5865865865867	8	1.4439521286021004	-1.3081673608501624e-09	2
6283185.307179586	1956.2062062062062	6	1.1699362157518447	1.7795832573131857e-09	1
6283185.307179586	3138.888888888889	7	0.9435111925875908	-4.784412375749443e-10	2
6283185.307179586	884.8348348348349	1	0.9060624908261397	-8.699543345228165e-10	1
6283185.307179586	1733.5835835835837	8	-0.14119795589013817	1.2454714270195903e-10	2
6283185.307179586	2477.977977977978	8	0.45743908493657237	7.808710197638859e-10	1
6283185.307179586	2220.5705705705705	8	-0.9980889730537659	-1.274869868339153e-10	2
6283185.307179586	1253.5535535535537	1	-1.0130530494334065	-1.9088781238284607e-09	1
6283185.307179586	564.8148148148148	2	-1.347544803637796	-1.7239682605566939e-09	1
6283185.307179586	1740.5405405405406	8	-0.8762974801624295	4.0921202922084283e-10	2
6283185.307179586	2471.021021021021	5	-1.018165241344468	-1.317087638044367e-09	1
6283185.307179586	2151.001001001001	2	-1.1715067688385459	-1.4478895366210616e-09	1
6283185.307179586	2004.904904904905	5	-1.5021974009069556	-5.739604913098217e-10	1
6283185.307179586	1775.3253253253254	7	-0.3460134175785632	5.484027325140945e-10	1
6283185.307179586	1900.5505505505505	4	0.6548300052818807	6.667471735523383e-10	1
6283185.307179586	2644.944944944945	1	1.45245513820316	-4.1902187161782396e-10	2
6283185.307179586	1712.7127127127128	7	1.491244141629184	-1.7880918917830156e-09	1
6283185.307179586	1789.2392392392394	3	-0.5497699220926053	9.641574721092181e-10	1
6283185.307179586	1051.801801801802	2	-0.1567927215684779	1.9854970923289e-09	1
6283185.307179586	2443.193193193193	4	0.7580585385100078	-9.375901395730884e-10	1
6283185.307179586	1211.8118118118118	2	-1.0724312662958033	-7.46062865664463e-12	2
6283185.307179586	2366.6666666666665	4	-0.549124722338066	-1.5965752298263363e-09	1
6283185.307179586	363.06306306306305	3	-1.2778947709169857	-1.4459474237514161e-09	2
6283185.307179586	2234.4844844844847	5	0.14191005937072543	9.436715177403085e-10	1
6283185.307179586	1538.788788788789	2	-0.5077456136792025	1.06642396662107e-09	1
6283185.307179586	2304.054054054054	6	-0.7563494788573566	-1.705578128242332e-09	1
6283185.307179586	724.8248248248249	1	-0.5626247090068595	1.6700807245587425e-09	1
6283185.307179586	2248.3983983983985	7	0.2517746871569948	1.8001309713714241e-09	1
6283185.307179586	2338.838838838839	8	-1.2942919271850732	-5.92348490207538e-10	2
6283185.307179586	1044.8448448448448	6	0.37821885228857655	-2.1626991079491677e-10	1
6283185.307179586	523.0730730730731	5	1.0083046641234432	1.1784772716808553e-10	1
6283185.307179586	1309.2092092092093	7	-0.005003046209623552	7.754619849433342e-10	1
6283185.307179586	2651.901901901902	1	-1.3639715959521177	1.4298907482339691e-09	2
6283185.307179586	926.5765765765766	4	-0.9263495949469575	1.9492102564354555e-09	1
6283185.307179586	1406.6066066066066	1	-0.4584119442155057	-1.4143515841521383e-09	1
6283185.307179586	2081.4314314314315	4	-0.28501417587767075	-1.720505363615582e-09	1
6283185.307179586	2109.259259259259	7	-0.861150940551634	1.6940341513933277e-09	1
6283185.307179586	1670.970970970971	8	1.310557855020177	-1.71192540193545e-09	1
6283185.307179586	1420.5205205205204	4	0.8456125427182872	9.523012470086201e-10	1
6283185.307179586	1872.7227227227227	1	-0.4784865648397225	-7.590714468487186e-10	1
6283185.307179586	1691.8418418418419	4	-0.6179546965265971	-8.116343609776435e-10	1
6283185.307179586	1754.4544544544544	2	-0.724419783157613	-3.9076653124035954e-10	1
6283185.307179586	488.2882882882883	5	-1.3728503482133805	-1.0511896853108471e-10	2
6283185.307179586	1886.6366366366367	2	0.874313794969388	-1.2981958727736395e-09	1
6283185.307179586	3549.3493493493493	5	0.22578202291374772	8.95398452955831e-10	1
6283185.307179586	1684.884884884885	6	0.387247871072365	-1.3986906783299062e-09	1
6283185.307179586	1434.4344344344345	2	-1.46104921679999	-8.353254026328845e-10	1
6283185.307179586	3618.918918918919	2	-1.3012934547637496	-1.2581610390205299e-09	1
6283185.307179586	863.963963963964	4	-0.21364309786905378	-1.8786849755601505e-09	1
6283185.307179586	2387.5375375375374	5	1.1315793696682857	-9.90515308545003e-11	1
6283185.307179586	2464.064064064064	2	-0.9086849661612548	1.516446828781037e-09	1
6283185.307179586	891.7917917917919	8	1.1359928875318213	2.7732502224232954e-10	2
6283185.307179586	2756.256256256256	2	0.2465797963040084	1.3616678862394833e-09	1
6283185.307179586	516.1161161161161	8	-1.0490352968133143	1.6286680466261277e-09	1
6283185.307179586	1204.854854854855	7	0.40921280163822327	1.6813723310985833e-09	1
6283185.307179586	2046.6466466466468	1	1.057342144214294	5.125630504081796e-10	2
6283185.307179586	1378.7787787787788	7	-0.31834354123929276	6.116045325616906e-10	1
6283185.307179586	1733.5835835835837	2	-0.962945594768542	-9.959708426099249e-10	1
6283185.307179586	2185.7857857857857	8	1.3376238015636703	6.964027435436699e-10	1
6283185.307179586	676.1261261261261	6	-1.1078646053325367	1.9135357710394595e-10	2
6283185.307179586	1615.3153153153153	6	-1.4872350811588695	-1.5694476131839428e-09	1
6283185.307179586	1545.7457457457458	1	0.25148015306738336	-4.785322951705657e-10	1
6283185.307179586	3639.7897897897897	8	1.5107904778391177	2.999455162840403e-10	1
6283185.307179586	2937.1371371371374	1	-0.26663687619842547	-1.4645909490781743e-09	1
6283185.307179586	3465.865865865866	4	0.6099443775554252	5.840475255134412e-10	1
6283185.307179586	1225.7257257257259	8	0.9010730693758404	-7.458559662263441e-10	1
6283185.307179586	1984.034034034034	5	-0.20416606959275274	1.2042264249649542e-09	1
6283185.307179586	1837.937937937938	4	-0.8185684710748465	2.189802125364165e-10	1
6283185.307179586	1914.4644644644645	6	-1.3073581073468894	-3.7894178430690095e-10	1
6283185.307179586	1726.6266266266266	8	0.7980190649076979	-1.3472667758059101e-09	1
6283185.307179586	2457.1071071071074	7	-0.9159297346159825	1.336063370792977e-09	1
6283185.307179586	968.3183183183183	3	-1.2521747205169103	-1.6059692192280207e-09	1
6283185.307179586	1559.6596596596596	3	-0.8513682282568574	3.678679032814578e-10	1
6283185.307179586	1594.4444444444446	4	-1.494293914012367	1.2608197132780394e-09	2
6283185.307179586	2116.2162162162163	7	-0.2512330479512781	1.7487144076139883e-09	1
6283185.307179586	2241.4414414414414	8	0.7858311227293497	-1.1847105920024391e-09	1
6283185.307179586	1497.047047047047	8	-1.3753476749326208	-9.592996208930512e-11	2
6283185.307179586	2269.2692692692694	2	-1.025928498102067	8.947522438981657e-10	1
6283185.307179586	1330.08008008008	2	-0.03693709844654891	-7.053316254154432e-10	1
6283185.307179586	1977.077077077077	5	0.2550731768887211	-6.43236910154617e-10	1
6283185.307179586	1698.7987987987988	7	-0.85059684200376	1.7182564273635527e-09	1
6283185.307179586	2999.7497497497498	3	1.4023916606907374	4.112770965751639e-11	2
6283185.307179586	1434.4344344344345	5	0.03588097408192992	1.9125637480224724e-09	1
6283185.307179586	2804.954954954955	5	1.295249683003218	-1.4330472051129567e-09	1
6283185.307179586	1796.1961961961963	1	-0.7940741958924877	-2.0111911651256439e-10	2
6283185.307179586	1587.4874874874874	6	0.7095859255643004	7.32607463356839e-10	1
6283185.307179586	1023.973973973974	7	1.4220084667316049	-1.7167439429608491e-09	2
6283185.307179586	1580.5305305305305	1	-0.564773478210236	7.59619805258179e-10	1
6283185.307179586	648.2982982982983	4	-0.9765583296685916	-1.2040546417671028e-09	1
6283185.307179586	1309.2092092092093	6	0.8347208110366227	1.3683400595557702e-09	0
6283185.307179586	1504.004004004004	5	-0.14899795444788455	4.1995615472013854e-10	1
6283185.307179586	3438.038038038038	7	-0.37089347131699313	-1.1079368864440153e-09	1
6283185.307179586	2227.5275275275276	3	-0.8877217555858241	1.4344588171761085e-09	0
6283185.307179586	1232.6826826826828	1	-0.6026960879655329	-1.717594609671649e-09	1
6283185.307179586	1643.143143143143	2	-0.16335174042093525	-6.276297323341096e-10	1
6283185.307179586	1017.017017017017	1	-0.29761129736985414	-6.772632700035448e-10	1
6283185.307179586	2617.1171171171172	3	-1.1617039926850374	1.499964756221707e-09	1
6283185.307179586	1177.027027027027	3	-1.2852120970614447	1.2785932876352215e-09	1
6283185.307179586	1664.014014014014	8	1.359696067675174	2.477900228657049e-11	2
6283185.307179586	683.0830830830831	1	0.03730217812321701	-9.575427341203878e-10	2
6283185.307179586	397.84784784784785	8	0.5096664106456328	1.2088789276531563e-09	1
6283185.307179586	2178.828828828829	4	-1.296584568094574	1.121578601466983e-09	2
6283185.307179586	1058.7587587587586	6	1.1346143957041672	-1.217397160506145e-09	1
6283185.307179586	1350.950950950951	2	-0.6371260950795482	-1.0192734193659622e-09	1
6283185.307179586	2199.6996996997	8	-0.9480293790676207	1.910711552383067e-09	1
6283185.307179586	1190.940940940941	1	0.1636266229706662	-8.700808519399704e-10	1
6283185.307179586	1559.6596596596596	4	-0.9057897075491296	1.1533457290072854e-09	1
6283185.307179586	1183.983983983984	2	-0.2200509019470238	1.9233707674770057e-09	1
6283185.307179586	1949.2492492492493	1	0.025042852591095288	1.112851965087207e-09	1
6283185.307179586	1218.7687687687687	2	0.7405336288336954	-1.5757600841758688e-09	1
6283185.307179586	2262.3123123123123	2	0.9150789856691826	7.784645905073936e-10	1
6283185.307179586	2575.3753753753754	1	-1.5460887612147567	-8.821070165437207e-10	1
6283185.307179586	2735.3853853853852	8	0.3635087008745237	-1.1612809653772676e-09	1
6283185.307179586	2491.891891891892	7	1.3288656555395262	1.4388717265284173e-09	2
6283185.307179586	1636.1861861861862	1	-0.8458238995345718	-1.6566006728748413e-09	1
6283185.307179586	2387.5375375375374	2	-1.5022088253276011	-1.7379191335656846e-09	1
6283185.307179586	2686.6866866866867	4	1.5570391133014376	1.2267694124243712e-10	1
6283185.307179586	1629.2292292292293	6	-1.2589751729908796	-1.691998023965146e-09	1
6283185.307179586	1990.9909909909911	1	1.0858591755387645	1.0779242212636964e-09	1
6283185.307179586	1629.2292292292293	7	-0.6677736353000362	1.6031030321364206e-09	1
6283185.307179586	1246.5965965965966	6	-0.9877500063438853	1.268775117526172e-09	1
6283185.307179586	1350.950950950951	6	0.8302520156535751	2.0481160262624502e-10	2
6283185.307179586	1907.5075075075076	2	1.0369542877490017	-1.9850217177051256e-09	1
6283185.307179586	1246.5965965965966	1	1.4470578948792663	1.7977960832744218e-09	2
6283185.307179586	1302.2522522522522	4	1.3101684016771822	4.2260478886628466e-10	2
6283185.307179586	1462.2622622622623	5	-1.3634837079546032	-1.8343004525512613e-09	1
6283185.307179586	1622.2722722722724	8	0.34269579226379676	-1.9898845270021894e-09	1
6283185.307179586	1302.2522522522522	1	-0.4031459346038071	1.3067227917079543e-10	1
6283185.307179586	1385.7357357357357	1	1.2529065252556282	-1.2221355684882724e-09	1
6283185.307179586	1712.7127127127128	4	-0.13531132549638136	-9.503711296551041e-10	1
6283185.307179586	933.5335335335336	2	0.6510280678001905	1.1090750677506174e-09	1
6283185.307179586	884.8348348348349	3	1.100523548788067	-6.49154691772623e-10	1
6283185.307179586	571.7717717717718	6	-0.8359981819149658	-4.84431950407612e-10	2
6283185.307179586	2519.7197197197197	1	-0.6225705954801287	1.7189606748467717e-09	1
6283185.307179586	2408.4084084084084	4	-1.34455516018345	8.453940393688379e-10	2
6283185.307179586	599.5995995995996	5	0.731872347296382	8.722213424715039e-10	1
6283185.307179586	1872.7227227227227	7	-1.0136830611007788	2.703016834248704e-10	2
6283185.307179586	3653.703703703704	6	0.9000046012252194	4.405838682781034e-10	2
6283185.307179586	2603.2032032032034	5	-0.27219961457205777	-2.1689387923331667e-10	1
6283185.307179586	1907.5075075075076	2	0.37277946998741984	-4.2501102184532865e-11	1
6283185.307179586	3083.2332332332335	7	1.2267059044256095	1.7018803785662838e-11	2
6283185.307179586	780.4804804804805	6	0.0662967294750354	3.721225127280379e-10	2
6283185.307179586	662.2122122122122	1	-1.264719368350939	1.77802473977724e-09	1
6283185.307179586	2526.676676676677	5	-0.047373246435797434	4.193263329459777e-10	1
6283185.307179586	2102.3023023023025	5	1.3648173351481216	7.782654604226956e-10	1
6283185.307179586	2547.5475475475478	5	0.9108566758379015	-1.7613774145718663e-09	1
6283185.307179586	2436.2362362362364	7	-0.09028493604723153	-6.8720384416309e-10	1
6283185.307179586	1921.4214214214214	7	-1.3281682923590878	-1.8499973073379393e-09	1
6283185.307179586	822.2222222222223	8	-0.4519604343451833	1.257903024354037e-10	2
6283185.307179586	2004.904904904905	7	1.4624836672680028	1.8406877167393942e-09	2
6283185.307179586	1211.8118118118118	1	-1.06979130823394	1.7850795927405811e-09	1
6283185.307179586	773.5235235235235	5	-0.844517946181366	-6.478838397011795e-10	2
6283185.307179586	1357.9079079079079	5	0.12361369622666651	1.7930467544899532e-09	1
6283185.307179586	495.24524524524526	8	-1.5259667356430264	-1.1586268159014454e-09	2
6283185.307179586	3208.4584584584586	4	0.38331891777878035	1.5771942544691408e-09	1
6283185.307179586	1316.1661661661662	3	-1.0656444057830026	8.75735652860771e-11	1
6283185.307179586	2617.1171171171172	5	0.11521335906997665	-2.914348878767355e-11	2
6283185.307179586	2206.6566566566567	4	-0.25459113422147084	-1.4338007160125184e-09	1
6283185.307179586	1622.2722722722724	4	-1.0072091164604908	-5.588866643224062e-10	1
6283185.307179586	1190.940940940941	4	1.1453893750298594	1.5761511987441965e-09	1
6283185.307179586	2589.289289289289	6	0.8290258499516541	-1.0327642245676492e-09	1
6283185.307179586	1190.940940940941	4	-0.5674667686773416	1.0369002614521287e-09	1
6283185.307179586	1775.3253253253254	2	-1.4269847908021012	-8.613593805862996e-10	1
6283185.307179586	1552.7027027027027	2	-0.8228108800739553	1.6164926048041302e-10	2
6283185.307179586	1650.1001001001002	2	1.4532655407335255	1.212800715659438e-10	1
6283185.307179586	724.8248248248249	2	-0.21518783277410547	1.7604270643355311e-09	1
6283185.307179586	1921.4214214214214	5	-0.2903974833535514	-1.0136467931561476e-09	1
6283185.307179586	1455.3053053053054	4	-1.4483676797420622	1.5563938018529944e-10	1
6283185.307179586	2464.064064064064	4	0.7873847547343962	1.59895057979686e-09	1
6283185.307179586	2081.4314314314315	4	-1.2643169145669106	1.7118913922259283e-09	1
6283185.307179586	2067.5175175175173	8	1.552349100726199	-1.692082952472513e-09	1
6283185.307179586	2387.5375375375374	1	0.4294621806585437	-8.986405368003854e-10	1
6283185.307179586	2213.613613613614	2	0.8692259723810882	5.857281952693339e-10	1
6283185.307179586	1364.864864864865	8	-0.5868300288099625	-1.864434154074783e-09	1
6283185.307179586	1183.983983983984	7	-0.8443972454848055	-9.81515313901499e-10	1
6283185.307179586	2916.2662662662665	6	1.515400586836778	-7.633728342751223e-10	1
6283185.307179586	1538.788788788789	6	1.3068449507910223	-3.13452937213095e-10	2
6283185.307179586	3959.80980980981	4	0.3488632626516519	8.61238374917957e-10	1
6283185.307179586	1246.5965965965966	3	1.220829191353428	4.399129048934066e-10	1
6283185.307179586	1977.077077077077	2	-0.5396478628016577	9.926383372715568e-10	1
6283185.307179586	1726.6266266266266	2	0.7568797238061276	1.3024927426255448e-09	1
6283185.307179586	1594.4444444444446	7	-0.7280716510957207	1.131704756052328e-09	0
6283185.307179586	1552.7027027027027	6	0.5393386921269592	-4.43182452379796e-10	1
6283185.307179586	606.5565565565565	8	0.7251876693137942	1.3920034869643416e-09	1
6283185.307179586	696.996996996997	8	0.9930750018795726	-1.1214075613491273e-09	1
6283185.307179586	1323.1231231231232	5	0.9672094976130015	8.327516455640104e-10	1
6283185.307179586	1754.4544544544544	8	-0.14613031636115292	1.1772334386399216e-09	1
6283185.307179586	989.1891891891892	6	-1.3159467733772088	-1.0819911996842985e-09	2
6283185.307179586	2471.021021021021	2	1.4985380481315032	-2.9040743488970527e-10	2
6283185.307179586	3062.3623623623625	6	-1.189896566581782	8.077229503454123e-10	2
6283185.307179586	2373.6236236236236	4	-0.34703363881996174	7.777884608874021e-10	1
6283185.307179586	1517.917917917918	8	-1.5050384638477772	-1.2826603882701202e-09	2
6283185.307179586	724.8248248248249	4	1.4439980485516641	1.4475440044063185e-09	2
6283185.307179586	2477.977977977978	4	1.4072386450735879	-1.6037516484352734e-09	1
6283185.307179586	1385.7357357357357	8	-0.031185184352207074	-3.668418333081048e-10	1
6283185.307179586	1392.6926926926926	7	-0.5065660705053892	1.2355799823243063e-09	1
6283185.307179586	2088.388388388388	3	-0.6334246474805106	1.8040123740206692e-09	1
6283185.307179586	571.7717717717718	5	-0.6972823033877601	4.07482191314306e-10	1
6283185.307179586	870.9209209209209	8	-0.6097065287665872	2.0924247297552752e-10	2
6283185.307179586	2658.858858858859	1	0.5654191929083567	-3.2255002972864487e-11	2
6283185.307179586	1900.5505505505505	8	1.4536324281029827	1.1665736615573505e-09	1
6283185.307179586	1963.1631631631633	7	-1.0354727740251006	-1.126487584295731e-09	0
6283185.307179586	1768.3683683683685	8	-0.7844070137450815	1.0006502078255917e-09	1
6283185.307179586	1239.6396396396397	7	-0.9122159720937576	-1.540192176181416e-09	1
6283185.307179586	1844.8948948948948	5	-1.1945293342219823	-1.1455362521663784e-09	1
6283185.307179586	564.8148148148148	4	0.7677206764003848	-1.8372785028261439e-09	1
6283185.307179586	3521.5215215215217	5	-0.39023972143661934	-7.745621234501912e-11	1
6283185.307179586	1524.8748748748749	7	1.4128953384019916	1.9565236586477875e-09	2
6283185.307179586	237.83783783783784	6	1.3816507332184265	9.17765849864869e-10	2
6283185.307179586	592.6426426426426	5	-0.8540278799153089	-1.8160593863980844e-09	1
6283185.307179586	2317.967967967968	3	0.18093232293031525	4.249029041023271e-10	1
6283185.307179586	2422.322322322322	3	0.3270574595017166	5.812950543466121e-10	1
6283185.307179586	2046.6466466466468	5	-1.2570358914456143	-5.281330843104915e-10	2
6283185.307179586	453.5035035035035	7	-0.006699239201609419	-3.2933930770508774e-10	1
6283185.307179586	1218.7687687687687	5	-0.8032295904379969	-6.611554527640426e-10	2
6283185.307179586	1594.4444444444446	2	-0.37021872876025363	-1.0891648077961978e-09	1
6283185.307179586	3159.75975975976	1	-1.4338933237639384	1.0537370587607154e-09	1
6283185.307179586	1392.6926926926926	5	1.072128740768398	1.926240372144877e-09	1
6283185.307179586	1601.4014014014015	5	1.0027256546361358	5.197532418013743e-10	2
6283185.307179586	2644.944944944945	7	0.34232036948517064	-1.84859892794929e-09	1
6283185.307179586	1977.077077077077	8	0.4287451367965196	-7.73605321305972e-10	1
6283185.307179586	1295.2952952952953	4	-0.20217059966947204	3.095182669697656e-10	1
6283185.307179586	2721.4714714714714	4	1.1123647031154285	1.2071379287869737e-09	1
6283185.307179586	1490.0900900900901	6	0.24527171112116464	-1.384124654931921e-09	1
6283185.307179586	1698.7987987987988	3	-1.1811293191337404	-1.5592254697625006e-09	1
6283185.307179586	2408.4084084084084	8	0.056913977830145734	-1.1951078556445243e-09	1
6283185.307179586	2665.8158158158158	1	-0.9698219701378809	1.0199420386800655e-09	1
6283185.307179586	2387.5375375375374	4	1.4583741419322087	1.7295778822471484e-09	1
6283185.307179586	912.6626626626627	5	0.9914698564039219	7.576356763241488e-10	2
6283185.307179586	1726.6266266266266	8	-1.2417709020164711	8.896916676587602e-10	2
6283185.307179586	996.1461461461462	2	-0.6514726848618312	2.428382955759112e-10	1
6283185.307179586	2471.021021021021	1	1.4684185437272954	1.2439675204814678e-09	2
6283185.307179586	1420.5205205205204	5	-1.3527093579713252	5.815753601572528e-11	1
6283185.307179586	1594.4444444444446	6	-0.39559876047873943	-2.2151185255712088e-10	1
6283185.307179586	1316.1661661661662	8	0.5594768125045713	9.788256542318724e-10	1
6283185.307179586	1907.5075075075076	7	0.6338105935643323	9.521972603781e-10	1
6283185.307179586	1754.4544544544544	1	-0.4309216387920336	-1.9435396793760766e-09	1
6283185.307179586	1935.3353353353355	2	1.3858679965446865	-1.1083681846626725e-09	1
6283185.307179586	1455.3053053053054	7	0.9550051496004883	-1.299800087709363e-09	1
6283185.307179586	3737.187187187187	4	1.4416937306052597	-1.4397515082652592e-09	2
6283185.307179586	1552.7027027027027	4	-0.5497254409956271	1.8865959760186945e-09	1
6283185.307179586	1775.3253253253254	2	1.0250094368856897	-1.6989797971848304e-09	0
6283185.307179586	2227.5275275275276	5	-1.0963154561696926	-5.881554591095455e-10	2
6283185.307179586	1670.970970970971	3	1.2453131072457895	4.922723410559888e-10	1
6283185.307179586	1956.2062062062062	6	-1.0460639619728334	-8.165800906988099e-10	1
6283185.307179586	2366.6666666666665	5	0.9101003977653299	-1.5625818698926486e-09	1
6283185.307179586	1211.8118118118118	8	1.3456608357987125	6.044443558247182e-10	1
6283185.307179586	669.1691691691692	7	1.371402769511879	-4.618301046294961e-10	1
6283185.307179586	2011.8618618618618	7	-1.0137571605220626	-6.73469659840638e-10	1
6283185.307179586	1984.034034034034	4	0.2967008274678242	1.9826042587961694e-09	1
6283185.307179586	2401.4514514514517	2	-1.520079149991834	1.1194258620573834e-10	1
6283185.307179586	1990.9909909909911	4	0.28992250013821974	-3.3304365276395934e-10	1
6283185.307179586	1469.2192192192192	6	-0.4396147862088473	1.6247513162494178e-10	1
6283185.307179586	1434.4344344344345	8	-0.24262356523171213	-1.6951183662484756e-09	1
6283185.307179586	1615.3153153153153	1	0.1028007848256618	5.595197858645699e-10	1
6283185.307179586	3827.6276276276276	3	-1.0035406344507485	-7.574093566491974e-11	1
6283185.307179586	2589.289289289289	1	-0.08622516164980398	8.887927407578596e-10	1
6283185.307179586	968.3183183183183	2	-0.40254730453556076	5.466503107419834e-10	1
6283185.307179586	1232.6826826826828	3	1.5407027538972704	-9.663517202761773e-10	1
6283185.307179586	1900.5505505505505	2	0.03495585716460248	8.385207892169417e-10	1
6283185.307179586	808.3083083083084	8	-1.3437123861724205	1.8888864580947814e-09	2
6283185.307179586	696.996996996997	7	1.038541822546942	-1.4623239835895105e-09	1
6283185.307179586	2088.388388388388	2	-0.6555828960978274	-1.6653253676491452e-09	1
6283185.307179586	2185.7857857857857	5	1.1438573521633368	-1.0809503475883814e-09	1
6283185.307179586	2464.064064064064	5	0.9940159024321344	-1.5713000973515052e-10	1
6283185.307179586	2255.3553553553556	5	1.21780646327537	1.6909141722845294e-09	0
6283185.307179586	641.3413413413414	5	-1.0276186539975947	1.1419644622389017e-09	1
6283185.307179586	1726.6266266266266	7	0.6942172204376122	1.339974872490912e-09	1
6283185.307179586	759.6096096096096	6	-0.06164337267275255	-1.5765599943370022e-09	1
6283185.307179586	1865.7657657657658	1	0.5166885583480516	-8.820756869978817e-10	1
6283185.307179586	1260.5105105105106	1	0.7495531928366628	1.3154401695887253e-09	1
6283185.307179586	328.27827827827826	6	-0.058814508911466445	-1.7644765146557295e-09	1
6283185.307179586	773.5235235235235	3	0.6390489874439047	-1.7061695958502183e-09	1
6283185.307179586	773.5235235235235	2	-0.390964824941872	1.1615733579069012e-09	1
6283185.307179586	1114.4144144144145	3	1.5153987400566242	4.750379039730893e-10	2
6283185.307179586	460.46046046046047	4	0.06732843078438022	1.948305871345417e-09	1
6283185.307179586	1990.9909909909911	3	0.8580777303441591	7.581043013864976e-10	1
6283185.307179586	1128.3283283283283	6	1.2687052197532522	-8.936809079660116e-10	2
6283185.307179586	1371.821821821822	6	-1.2265384386422309	1.8517659474029276e-09	1
6283185.307179586	2811.911911911912	2	-0.9109795346499969	1.7861994305204232e-09	1
6283185.307179586	1510.960960960961	4	-0.563222831934961	1.4523940517220596e-09	1
6283185.307179586	2157.957957957958	3	-0.7674025541118138	1.9134615650036607e-09	1
6283185.307179586	2018.818818818819	5	1.4022240740255656	-1.8245304719537885e-11	1
6283185.307179586	947.4474474474474	7	-0.45261540812977974	-4.6384992735522265e-10	1
6283185.307179586	286.5365365365366	3	-0.6069177009687052	1.5644535638500754e-09	1
6283185.307179586	745.6956956956957	1	1.029702198290677	5.878348054213052e-10	1
6283185.307179586	2032.7327327327328	8	-0.19164808219227192	7.37640685235883e-10	1
6283185.307179586	1900.5505505505505	6	1.5647184794331572	1.976596916558487e-09	1
6283185.307179586	1274.4244244244244	1	-1.4283347841128922	4.955685085166707e-10	1
6283185.307179586	961.3613613613613	3	-0.9844439167860833	3.8836854146469335e-10	1
6283185.307179586	2304.054054054054	7	-0.06428625308667035	1.4388995135550748e-10	1
6283185.307179586	1260.5105105105106	8	-1.4287086678039798	3.660622320507409e-10	2
6283185.307179586	418.7187187187187	5	-1.4226028608290002	1.7457686511461248e-09	1
6283185.307179586	1768.3683683683685	3	-0.9006843853418185	-1.2842176887231303e-10	2
6283185.307179586	1650.1001001001002	5	-0.9611948268462498	1.8930259185999456e-09	1
6283185.307179586	1510.960960960961	3	0.7184153474825363	8.382839931394576e-10	1
6283185.307179586	1851.851851851852	4	1.4996546423767918	-9.952033778353693e-10	1
6283185.307179586	1455.3053053053054	3	-1.4699916650157887	-6.604769105810413e-10	2
6283185.307179586	1775.3253253253254	1	0.9670771500257609	1.1724448276727186e-09	1
6283185.307179586	3584.1341341341345	5	-0.9145132373001674	2.8010152057148796e-11	1
6283185.307179586	1260.5105105105106	7	-1.0988377329481072	-8.037065730528653e-10	2
6283185.307179586	1524.8748748748749	4	1.1353680134789315	-1.2438218877426927e-10	2
6283185.307179586	2450.1501501501502	8	-0.24115144734437832	1.3293625109045942e-09	1
6283185.307179586	2255.3553553553556	4	-0.06851607341080856	-1.0200573121606178e-09	1
6283185.307179586	1371.821821821822	4	-1.3620520643833605	1.5273193781682186e-09	1
6283185.307179586	2088.388388388388	4	0.7411195625018645	-1.5969331885409594e-10	2
6283185.307179586	418.7187187187187	1	-0.1943608432006756	-8.365293799318967e-10	1
6283185.307179586	2144.0440440440443	6	1.1575189304700153	-7.3319358980662e-10	1
6283185.307179586	2728.4284284284286	5	0.36472793751200716	4.82371586939496e-10	1
6283185.307179586	1977.077077077077	1	-1.569808872453551	-1.4946911261270368e-09	1
6283185.307179586	1691.8418418418419	1	-0.28383851303694607	1.1654200669687789e-09	1
6283185.307179586	2171.871871871872	5	0.893570806997591	1.7067433348540091e-09	1
6283185.307179586	3180.6306306306305	7	1.4522191946137002	8.7078624205463e-10	1
6283185.307179586	1107.4574574574574	4	0.6062549543383158	-3.786971137540069e-10	2
6283185.307179586	1183.983983983984	3	0.5747936893304542	1.916860890154801e-09	1
6283185.307179586	919.6196196196197	4	-0.6517833329778367	1.9994506977618114e-10	1
6283185.307179586	1163.113113113113	7	0.9057338377627122	-5.82088887036369e-10	2
6283185.307179586	815.2652652652653	3	0.9680538927026925	1.8917034849476156e-09	1
6283185.307179586	1531.8318318318318	1	-0.0934159906564116	9.775857106464084e-10	1
6283185.307179586	1559.6596596596596	2	-1.486196695152401	9.108910184410139e-10	1
6283185.307179586	1914.4644644644645	7	1.0866649116057778	-1.3494022559105426e-09	0
6283185.307179586	1295.2952952952953	5	0.700163917075125	-1.5869910097696782e-09	1
6283185.307179586	1330.08008008008	8	-1.1323285656839515	-1.9103298420105217e-09	1
6283185.307179586	857.007007007007	8	1.5298439855851393	1.323971148239604e-10	1
6283185.307179586	933.5335335335336	2	-0.5878120185623664	-1.187838588719404e-10	2
6283185.307179586	4147.647647647647	3	-0.5996346818840331	1.4965754020360588e-09	1
6283185.307179586	2575.3753753753754	3	0.5009404181085966	-1.1827790067052938e-09	1
6283185.307179586	1469.2192192192192	5	-0.8421130280566677	-1.3731239766188143e-09	1
6283185.307179586	926.5765765765766	2	-1.021110959430624	-7.154361046630902e-10	1
6283185.307179586	1657.0570570570571	7	0.028000797951762912	-3.7924285857953975e-11	2
6283185.307179586	2283.1831831831832	7	-0.792992394089872	-5.093316398496893e-10	1
6283185.307179586	3980.680680680681	7	1.1453297548744303	1.7216504528229746e-09	0
6283185.307179586	2290.1401401401404	8	-0.6341280252151682	-4.789558863734068e-10	1
6283185.307179586	1775.3253253253254	3	-1.4116698610624723	-3.013556863713544e-10	1
6283185.307179586	3514.5645645645645	7	-0.4687955806570825	-6.791169895729921e-10	1
6283185.307179586	1149.1991991991993	6	-0.8330237322511745	-1.265196047778133e-09	1
6283185.307179586	870.9209209209209	4	0.8798463339568547	2.2167229731483983e-10	1
6283185.307179586	1183.983983983984	5	-0.19926388585045873	-1.465011750390469e-09	1
6283185.307179586	1072.6726726726727	1	0.3622522072859371	-1.2258524918129284e-09	1
6283185.307179586	989.1891891891892	4	0.21184439078410078	-1.491752378387493e-09	1
6283185.307179586	543.943943943944	6	0.9027239556245412	-5.209398644149058e-10	1
6283185.307179586	1622.2722722722724	5	1.1909796085063422	5.06734665659966e-10	1
6283185.307179586	1051.801801801802	5	-0.0656145958715375	-1.8346805771285745e-09	1
6283185.307179586	1754.4544544544544	2	-0.4822342093583154	8.051538645861218e-10	1
6283185.307179586	2359.70970970971	8	0.544872069306908	-7.877836089074176e-10	1
6283185.307179586	696.996996996997	5	-0.6293938458897131	-1.2849417396546238e-09	1
6283185.307179586	1907.5075075075076	5	-0.43986895769252765	-3.1550134559243057e-10	2
6283185.307179586	1476.176176176176	3	0.4058560691357158	2.530840045742498e-10	1
6283185.307179586	3577.1771771771773	4	-0.4549904084169736	-2.2029382490592563e-10	2
6283185.307179586	1977.077077077077	4	-0.20364908548159621	7.624964542269119e-10	1
6283185.307179586	3090.19019019019	6	-0.22577985283626645	-9.662813982268448e-10	1
6283185.307179586	411.76176176176176	6	-1.433466465431108	1.0679318980071468e-09	2
6283185.307179586	1963.1631631631633	5	-1.460015248214562	6.878582485537938e-10	1
6283185.307179586	2484.934934934935	7	1.4712247291431462	2.0470110711548566e-10	1
6283185.307179586	2206.6566566566567	4	0.4217597922624736	1.6446833748479435e-09	1
6283185.307179586	481.33133133133134	3	1.1865190880500607	-1.8074302767714517e-09	2
6283185.307179586	2964.964964964965	8	0.0007227796246063178	4.350896703468339e-11	1
6283185.307179586	2408.4084084084084	7	-0.002117202699782883	-1.3354682555467587e-09	1
6283185.307179586	2116.2162162162163	6	-0.45642210133471406	1.4685122450305328e-09	1
6283185.307179586	787.4374374374374	2	0.5507480965120992	8.971508547069474e-10	1
6283185.307179586	1100.5005005005005	6	-0.7531040740243251	3.218347346468642e-10	2
6283185.307179586	690.04004004004	6	-1.412855639766919	1.2957635079806877e-10	1
6283185.307179586	1761.4114114114116	5	0.5459910516538145	1.1779005042109374e-09	1
6283185.307179586	2533.6336336336335	1	-1.1118222890537575	9.622942314784712e-10	1
6283185.307179586	794.3943943943945	6	0.6518243133463963	-1.3458472000753576e-09	1
6283185.307179586	3055.4054054054054	4	0.32136709156535814	-1.4918666956548551e-09	1
6283185.307179586	3097.1471471471473	7	-0.7998342464290716	-2.2188713215341333e-10	1
6283185.307179586	1608.3583583583584	6	-0.09367752800901874	-1.612794607220378e-09	1
6283185.307179586	1197.897897897898	5	0.024905241561747893	8.101118685254683e-10	1
6283185.307179586	947.4474474474474	5	0.06001563424471579	1.975091197815369e-09	1
6283185.307179586	2665.8158158158158	5	-0.8910396361413785	4.799966064615844e-10	1
6283185.307179586	1364.864864864865	1	0.6046923512002356	5.963614419253009e-10	1
6283185.307179586	2317.967967967968	5	-1.3240609053752381	7.776632129303891e-10	2
6283185.307179586	1970.1201201201202	6	-0.7777684979223325	9.95597512522697e-10	1
6283185.307179586	1079.6296296296296	3	1.2096729402536792	1.7654980209456374e-09	1
6283185.307179586	968.3183183183183	8	-0.46964436787751684	7.783615420928232e-10	2
6283185.307179586	1128.3283283283283	4	1.5497798094497588	4.5835158747249714e-11	2
6283185.307179586	376.97697697697697	3	0.5365841495601589	7.327677758790683e-10	1
6283185.307179586	1497.047047047047	5	-1.4984138554273347	-1.6789702582891787e-09	1
6283185.307179586	585.6856856856857	7	-1.3625885527315662	7.308682230155514e-10	2
6283185.307179586	1949.2492492492493	2	-0.5798340021653732	1.7358556661517417e-09	1
6283185.307179586	1907.5075075075076	3	-1.3836243886008006	-9.392738273501454e-10	1
6283185.307179586	2297.097097097097	5	-1.2251831620368512	-1.238949415543476e-09	1
6283185.307179586	2338.838838838839	8	0.5076287295004405	-3.582755840721089e-10	1
6283185.307179586	2985.835835835836	5	0.584013245228518	1.827454076469404e-09	1
6283185.307179586	1733.5835835835837	5	-1.174400471234388	-2.8116280856438007e-10	1
6283185.307179586	2269.2692692692694	6	-0.03240246645013456	4.3349378317742966e-10	1
6283185.307179586	1970.1201201201202	8	0.8351831679649786	-3.8872909213496334e-10	2
6283185.307179586	1907.5075075075076	3	-1.4926721171138095	-1.3950219729033232e-09	2
6283185.307179586	1677.927927927928	7	-1.1996000948835666	1.0143858973320697e-09	1
6283185.307179586	1253.5535535535537	4	-1.558275382165069	-1.8033395526510702e-09	2
6283185.307179586	1476.176176176176	4	0.3997516799042382	-6.163257400873841e-10	1
6283185.307179586	1789.2392392392394	6	0.7804547459871487	-1.6378787724231404e-09	1
6283185.307179586	1754.4544544544544	6	0.45998372605245885	-6.325590648287802e-10	1
6283185.307179586	2290.1401401401404	7	0.6713747404776553	-3.247726878656386e-10	1
6283185.307179586	1448.3483483483483	7	-0.9394866632619364	6.367496448496941e-10	1
6283185.307179586	2777.127127127127	5	1.0246272728248815	-1.871787955591061e-09	1
6283185.307179586	2046.6466466466468	3	0.528647370455555	-1.6031660365735841e-09	1
6283185.307179586	2116.2162162162163	3	-0.815790394720051	-1.397027696945389e-09	1
6283185.307179586	606.5565565565565	2	0.5611629400277556	-1.1598014873027922e-09	2
6283185.307179586	2338.838838838839	5	0.8832530320923886	8.332184249874348e-10	1
6283185.307179586	2067.5175175175173	4	1.5651859937064785	1.333855503531885e-09	1
6283185.307179586	1316.1661661661662	7	-0.8584511916332308	-1.2995944159318032e-09	1
6283185.307179586	2450.1501501501502	3	-1.4186259285759308	-2.0236200235674875e-11	2
6283185.307179586	3389.3393393393394	6	0.5703321819991629	-1.6067639211287573e-09	1
6283185.307179586	759.6096096096096	6	1.170555067586832	5.906986742057714e-10	1
6283185.307179586	1476.176176176176	4	-0.06721571403563087	1.957695976710266e-09	1
6283185.307179586	3187.5875875875877	3	1.0598942834801695	-1.4304460982465807e-09	1
6283185.307179586	2408.4084084084084	8	0.3723597177046938	1.0286277950211558e-09	1
6283185.307179586	1343.993993993994	2	-1.2834516316508904	-8.116936152188918e-10	1
6283185.307179586	1003.1031031031031	5	0.8513044584738187	8.297055175255631e-10	1
6283185.307179586	2631.031031031031	4	1.5015503437486237	-1.8859180082809488e-09	2
6283185.307179586	1483.1331331331332	6	-1.4545982094312224	6.177057309852972e-10	1
6283185.307179586	1566.6166166166167	3	-1.2805202027962483	-6.311756156640338e-10	2
6283185.307179586	2053.603603603604	3	0.3035851239299978	-1.7526732521249634e-09	1
6283185.307179586	2053.603603603604	2	0.02072839218330591	-1.4454077541448426e-09	1
6283185.307179586	1350.950950950951	5	1.1781243060244986	-1.7300390655825796e-09	1
6283185.307179586	3250.2002002002005	5	-1.241168434369239	8.647227779682995e-10	1
6283185.307179586	3354.5545545545547	6	-1.4433199793100349	1.8475309950972832e-09	1
6283185.307179586	1274.4244244244244	6	-1.4068790392493142	-4.4782309330099464e-10	2
6283185.307179586	1107.4574574574574	1	1.3070082369513143	1.088907256645819e-09	2
6283185.307179586	1469.2192192192192	1	-0.1485739189367885	5.82660306706133e-10	1
6283185.307179586	2352.7527527527527	5	-0.35412797526046025	-2.1443850324975964e-11	2
6283185.307179586	1928.3783783783783	3	0.6800624156326034	7.924667829761822e-10	1
6283185.307179586	1420.5205205205204	6	1.2059391447585348	-1.3471394027701362e-09	1
6283185.307179586	2359.70970970971	6	-0.8814881138933077	1.123496842606751e-09	1
6283185.307179586	1017.017017017017	5	-1.1338118719469168	-1.685751848935518e-10	1
6283185.307179586	1830.980980980981	1	1.3341028521403748	-1.2381000365447465e-10	2
6283185.307179586	2644.944944944945	3	-0.2517151764984018	-3.0602139093593784e-10	2
6283185.307179586	696.996996996997	1	1.2127360521666724	-1.0753308783179432e-09	2
6283185.307179586	2074.474474474475	8	1.0602786070329095	1.4719809286463234e-09	1
6283185.307179586	2046.6466466466468	3	-0.6219732578880532	6.422789286215308e-10	1
6283185.307179586	1051.801801801802	8	-0.4581817102428163	-9.557439367393004e-10	1
6283185.307179586	620.4704704704704	7	1.4302130682595786	1.2028434225727438e-10	1
6283185.307179586	1037.887887887888	4	-0.9561949374539815	5.636506179483506e-10	1
6283185.307179586	1274.4244244244244	8	-0.5919629655375679	4.1593494973407276e-10	2
6283185.307179586	2818.868868868869	1	-0.08128863681955467	1.5641572223049596e-09	1
6283185.307179586	2178.828828828829	7	-1.1222392630034437	-4.8677821783121906e-11	1
6283185.307179586	2366.6666666666665	1	0.28556955891417224	-9.860793404529185e-10	1
6283185.307179586	731.7817817817818	1	0.8564894138916448	1.3176955755374163e-09	1
6283185.307179586	1608.3583583583584	8	-0.7913045887377298	-1.3833513060101398e-09	1
6283185.307179586	2269.2692692692694	6	0.5897311096146236	5.449196062867845e-10	1
6283185.307179586	1997.947947947948	3	0.6739854918516732	7.188280581246684e-10	1
6283185.307179586	2429.2792792792793	6	-0.3097836307059012	1.4245214528483385e-09	1
6283185.307179586	1037.887887887888	7	0.07653560946174975	-1.6255281220032974e-09	1
6283185.307179586	1684.884884884885	5	0.08589945878195793	1.3613277448326354e-09	1
6283185.307179586	1448.3483483483483	8	-0.08117552523743155	-4.687446472580158e-10	1
6283185.307179586	1719.6696696696697	3	0.9229973914806986	-1.6423483251494276e-09	1
6283185.307179586	2130.13013013013	3	0.9445640234134904	-1.5567019108999314e-09	1
6283185.307179586	1309.2092092092093	2	0.4881375320554868	1.1318317561007928e-09	1
6283185.307179586	2213.613613613614	2	-1.5529357739824248	-5.48986514326788e-10	2
6283185.307179586	1865.7657657657658	2	0.5212168192738353	-1.95158168170917e-09	1
6283185.307179586	2422.322322322322	3	1.4669969077296945	8.179545573887162e-11	2
6283185.307179586	2366.6666666666665	2	-1.0824115872943192	-1.583780231406293e-11	1
6283185.307179586	1566.6166166166167	1	-1.150229577522096	-1.6556465473331388e-09	1
6283185.307179586	1504.004004004004	2	0.9265737104506275	-1.2138054692485528e-09	1
6283185.307179586	1963.1631631631633	5	1.0555434056850101	-3.925242785227363e-11	1
6283185.307179586	1448.3483483483483	6	0.9491013905622943	1.2472777473011317e-09	1
6283185.307179586	975.2752752752752	2	0.7671844148086877	1.3948562643202599e-09	1
6283185.307179586	1921.4214214214214	8	-0.8528766628157914	-3.032678200797635e-11	2
6283185.307179586	606.5565565565565	1	-0.11517683919081634	-1.6875122903729771e-09	1
6283185.307179586	1810.11011011011	7	0.3693028729201395	-1.3492534009430954e-09	1
6283185.307179586	2234.4844844844847	3	-1.2424053719852537	7.826649744994687e-10	2
6283185.307179586	919.6196196196197	7	-0.4839959862010659	-2.020234091981065e-10	2
6283185.307179586	1956.2062062062062	4	-0.4438961732444444	1.715447381922145e-09	1
6283185.307179586	1051.801801801802	7	-0.12229903592863489	-1.1843554656998442e-10	2
6283185.307179586	2345.795795795796	2	1.0301034820538444	-1.8161251497193975e-09	1
6283185.307179586	2088.388388388388	6	1.4930729937742586	-8.395496571862316e-10	2
6283185.307179586	2032.7327327327328	6	1.4378674592378018	-1.2401273097233459e-09	1
6283185.307179586	863.963963963964	7	1.3746842685732648	-1.4357835975202003e-09	2
6283185.307179586	1803.1531531531532	2	-0.8612837271789944	1.9975734004482608e-09	1
6283185.307179586	2290.1401401401404	4	0.20222266412803624	-8.399568304148915e-10	1
6283185.307179586	1775.3253253253254	4	-0.9705848237381445	-2.6062916932982466e-10	1
6283185.307179586	1183.983983983984	2	1.4549689379074353	-1.307548456375449e-09	2
6283185.307179586	1065.7157157157158	6	1.2460217711851747	-1.5073646021082123e-09	1
6283185.307179586	1803.1531531531532	3	0.2565306144222159	1.7072456237395911e-09	1
6283185.307179586	2338.838838838839	5	0.5369927784574857	1.657306407419428e-09	1
6283185.307179586	1497.047047047047	5	0.7662433150650143	-2.2578816838192493e-10	2
6283185.307179586	1114.4144144144145	5	0.5571511051180673	-7.97955436908771e-10	1
6283185.307179586	1545.7457457457458	4	0.7987937822650499	3.0686222282182355e-11	2
6283185.307179586	2032.7327327327328	4	0.15725460116710477	1.629240995780392e-10	1
6283185.307179586	1197.897897897898	1	0.2454111823568903	-1.7864829208061603e-09	1
6283185.307179586	1949.2492492492493	8	-0.8402053664098665	-8.063627747752039e-11	2
6283185.307179586	1664.014014014014	7	-1.0627569780073458	-5.336795104448199e-10	2
6283185.307179586	1490.0900900900901	5	-1.5125649133296888	8.466197849739884e-10	2
6283185.307179586	2102.3023023023025	6	-0.3485490084657572	5.1392772553832356e-11	2
6283185.307179586	1323.1231231231232	2	-0.5598946791163506	2.8474995203884786e-10	1
6283185.307179586	1559.6596596596596	4	1.3992425841853846	1.7684272819897244e-09	2
6283185.307179586	1246.5965965965966	5	0.44264140249474204	1.4977463693200607e-09	1
6283185.307179586	1740.5405405405406	4	-0.7155041616009515	-1.3377841803932583e-09	1
6283185.307179586	2345.795795795796	3	-0.6917493806684601	-1.9842824083416686e-09	1
6283185.307179586	1684.884884884885	7	0.31002811775088013	4.1335209674530224e-11	2
6283185.307179586	1357.9079079079079	1	-1.5224638936174815	-1.0756306843679023e-09	1
6283185.307179586	1977.077077077077	4	0.03388708053399103	-1.809484495161133e-09	1
6283185.307179586	1629.2292292292293	5	1.1717159366820549	1.0960892864707008e-09	1
6283185.307179586	1316.1661661661662	6	-1.3841488289620116	-1.573632684579999e-09	1
6283185.307179586	3152.802802802803	6	-1.2155227753223137	1.8247524989230533e-10	1
6283185.307179586	1490.0900900900901	6	0.6900084808687454	3.8463092381679385e-10	1
6283185.307179586	1239.6396396396397	4	1.4900292286925954	9.101416814914186e-10	2
6283185.307179586	1427.4774774774776	6	-0.676940852690927	6.458992973761047e-10	2
6283185.307179586	1956.2062062062062	8	-0.5881838102729295	4.426601399520049e-10	1
6283185.307179586	3284.984984984985	4	-0.34509447694659356	3.612234155220508e-10	1
6283185.307179586	1190.940940940941	6	-0.183066689498127	-1.1584324419676243e-09	1
6283185.307179586	1323.1231231231232	2	0.010769177523169748	7.308872192410872e-10	1
6283185.307179586	2081.4314314314315	6	1.4509877615950932	-1.7983003369753977e-09	1
6283185.307179586	2707.5575575575576	7	-0.48344547450068687	1.5674633503022908e-09	1
6283185.307179586	2178.828828828829	4	1.3885455348703752	-3.239709129216743e-10	1
6283185.307179586	1914.4644644644645	3	-0.0789454178529474	5.641121890572805e-10	1
6283185.307179586	2331.881881881882	5	0.7665600529287127	4.1953241944145965e-10	2
6283185.307179586	1093.5435435435436	5	-0.8304912331568479	-1.3036003345102448e-09	1
6283185.307179586	2255.3553553553556	4	-1.3727987287218724	6.326656181330914e-10	1
6283185.307179586	2338.838838838839	7	0.13082412501412466	-1.4968561907240927e-09	1
6283185.307179586	1490.0900900900901	8	-0.7502799725231293	-1.726595260239785e-09	1
6283185.307179586	1789.2392392392394	1	-0.00022369867797400467	1.734975932137874e-09	1
6283185.307179586	1754.4544544544544	4	-0.8497485320082984	-2.0418122570560015e-10	1
6283185.307179586	1643.143143143143	2	0.0663558445901371	2.838432269531392e-11	2
6283185.307179586	2227.5275275275276	8	-0.5779072441041758	1.0673541040459597e-09	1
6283185.307179586	2095.3453453453453	1	-0.10789017627526731	1.1106862462281946e-09	1
6283185.307179586	1434.4344344344345	6	0.6866125606426294	-1.9653167503258262e-09	1
6283185.307179586	1469.2192192192192	8	-0.26350406894971146	-7.146512282442057e-10	1
6283185.307179586	1420.5205205205204	5	1.3136688731547874	-9.76151752895675e-10	1
6283185.307179586	1114.4144144144145	4	-0.7577106350486602	-1.8298929368766645e-09	1
6283185.307179586	1309.2092092092093	3	-0.11312953439760509	-9.69878486587394e-10	1
6283185.307179586	2018.818818818819	3	0.9990238843817743	-6.7513225730940735e-12	2
6283185.307179586	2137.087087087087	7	1.4485181381146766	-6.269102034510876e-11	2
6283185.307179586	3271.071071071071	4	0.4115007958546868	-9.045671635149217e-10	1
6283185.307179586	2366.6666666666665	1	0.2757432448492332	-1.378444676488004e-09	1
6283185.307179586	843.0930930930931	5	0.7706813479682642	-6.383358739264354e-10	1
6283185.307179586	3278.028028028028	8	1.239349130197747	-1.3801189788000296e-09	1
6283185.307179586	3305.855855855856	5	-0.4348074293573201	6.391099087111936e-10	1
6283185.307179586	2311.011011011011	3	-0.5714669025045126	5.375047937651689e-10	1
6283185.307179586	1775.3253253253254	4	-0.0505537908332494	-9.204966302805505e-10	1
6283185.307179586	1698.7987987987988	7	1.0115033777092868	-2.952700905599981e-10	2
6283185.307179586	2004.904904904905	2	1.2312853301041007	1.4637838788584664e-09	1
6283185.307179586	4057.2072072072074	7	-0.9452610641226382	1.2363464666690036e-09	1
6283185.307179586	2429.2792792792793	8	1.1039181016995743	-1.2621761818964756e-10	2
6283185.307179586	1156.1561561561562	1	-0.29400538669271925	-1.1339859606973099e-09	1
6283185.307179586	3486.736736736737	4	-0.507710152830785	7.879819070199115e-11	1
6283185.307179586	1872.7227227227227	4	-0.5877250049979919	-1.9330751607570192e-09	1
6283185.307179586	3298.898898898899	6	-1.201382070965038	1.1209118081619253e-09	1
6283185.307179586	1810.11011011011	1	0.5476741577387263	1.5216513219940377e-09	1
6283185.307179586	2498.848848848849	3	0.5182077259787312	-3.482276130028158e-11	1
6283185.307179586	4196.346346346347	6	0.36179523507420264	-5.357902872783776e-10	1
6283185.307179586	2011.8618618618618	6	-0.9398428225912208	-1.8534682458149918e-09	1
6283185.307179586	1163.113113113113	8	1.1005263908693506	-3.312213458362251e-10	2
6283185.307179586	2686.6866866866867	3	-0.06914057286173336	5.259571866252559e-10	1
6283185.307179586	1044.8448448448448	2	-1.4032974145659067	-2.812209934700852e-10	2
6283185.307179586	2074.474474474475	6	-0.040718938358393686	-8.347166800016607e-10	1
6283185.307179586	1531.8318318318318	4	-0.853526875660633	1.0373118085723946e-09	1
6283185.307179586	314.36436436436435	3	0.2736716026451209	-1.7621114475054862e-09	1
6283185.307179586	1830.980980980981	6	1.1437616482613442	4.535549694875078e-10	2
6283185.307179586	676.1261261261261	5	1.1589347308048468	-8.488543135726216e-11	2
6283185.307179586	3097.1471471471473	5	-0.10247957925424922	8.83940568048257e-10	1
6283185.307179586	2596.2462462462463	4	-0.7536160658005239	4.472091897431642e-10	2
6283185.307179586	571.7717717717718	3	0.15221405184666081	-1.0409442651380672e-09	1
6283185.307179586	1364.864864864865	1	-0.9144765231471702	1.7259289628661783e-09	1
6283185.307179586	1121.3713713713714	5	-1.1258169223953862	-7.261796878605337e-10	1
6283185.307179586	2825.825825825826	4	-0.37431533776740467	1.0138345146892741e-09	1
6283185.307179586	1942.2922922922924	7	-1.5025546277479955	-1.1915279191212564e-09	2
6283185.307179586	1232.6826826826828	1	0.1460848042542633	-1.1103614753845248e-09	1
6283185.307179586	1914.4644644644645	3	0.19981955410632213	3.1930351810100206e-10	2
6283185.307179586	1824.0240240240241	4	-1.3351630929826401	-1.8312179271242376e-09	1
6283185.307179586	2617.1171171171172	7	1.2963247641717204	-1.9033926360618276e-09	1
6283185.307179586	724.8248248248249	7	1.153996008403976	-1.135387954171483e-09	1
6283185.307179586	1086.5865865865867	5	0.432667676746612	-1.2342820644763434e-10	2
6283185.307179586	3326.7267267267266	7	-0.6840157065711173	-1.4914573200149796e-10	2
6283185.307179586	801.3513513513514	3	1.54040164687824	3.9813935103739143e-11	1
6283185.307179586	1044.8448448448448	8	1.3451389038951138	1.7965569044182877e-09	1
6283185.307179586	1163.113113113113	8	1.4826822296607265	-1.0970380059665418e-09	2
6283185.307179586	2471.021021021021	6	1.2297054080219048	1.3855328667352964e-09	1
6283185.307179586	1483.1331331331332	7	-1.1880748221235229	-1.6146930025302901e-09	1
6283185.307179586	599.5995995995996	6	1.2914425453330551	1.2475228839658366e-10	2
6283185.307179586	2039.6896896896897	8	0.9183679628633019	-1.5720110925949548e-09	1
6283185.307179586	1190.940940940941	5	0.6009051106541592	-1.7368658356153266e-09	1
6283185.307179586	1893.5935935935936	2	0.4987254523882467	-7.043312821351884e-10	1
6283185.307179586	1851.851851851852	5	0.36476237581553916	-1.2154266596845049e-09	1
6283185.307179586	683.0830830830831	2	0.423629686248161	1.3165714703136506e-09	1
6283185.307179586	1197.897897897898	4	-0.8766500184735827	1.2186969274515228e-09	1
6283185.307179586	2999.7497497497498	5	-1.2376667657291898	1.3733821580602079e-09	1
6283185.307179586	2164.914914914915	2	-1.0860271732654871	-6.038969256457679e-10	2
6283185.307179586	1865.7657657657658	3	0.03115575713098062	-1.7372464448085629e-09	1
6283185.307179586	328.27827827827826	1	1.3756225866228347	-2.634983365980421e-10	2
6283185.307179586	1281.3813813813815	3	-0.13451085899800552	-1.1812003714171438e-09	1
6283185.307179586	2283.1831831831832	2	0.9722810678087339	-4.4493950279643147e-10	1
6283185.307179586	2130.13013013013	8	0.9843454409810337	9.618290467515595e-10	1
6283185.307179586	2276.226226226226	7	-1.0137547126805249	1.994965498087403e-09	1
6283185.307179586	2311.011011011011	1	1.20663021858062	2.149522222802668e-10	2
6283185.307179586	1330.08008008008	3	0.843189951668252	9.931708562776532e-10	1
6283185.307179586	1601.4014014014015	7	0.3416969611158094	7.780493804451029e-10	1
6283185.307179586	2916.2662662662665	8	1.185193300683825	-1.8739928784728435e-09	1
6283185.307179586	1907.5075075075076	5	-0.31122907647914544	-4.5138303144794244e-10	1
6283185.307179586	1183.983983983984	7	-1.0532860166284328	-5.684907007921739e-10	2
6283185.307179586	1156.1561561561562	7	-1.0792676238054215	-2.5331641458146105e-10	2
6283185.307179586	2429.2792792792793	3	-0.4629945543389453	-1.955858149246215e-09	1
6283185.307179586	1434.4344344344345	2	-0.7770895588639111	1.7648604364885467e-09	1
6283185.307179586	1650.1001001001002	1	1.090336623542731	-1.939459675933899e-09	1
6283185.307179586	1504.004004004004	7	-1.395209079532833	-1.8591637943687213e-09	1
6283185.307179586	2171.871871871872	2	-1.3833802692101527	-1.4234123214800492e-09	2
