axial trapping frequency (MHz) 	 velocity(m/s) 	 ion collided with 	 angle(rads) 	 collision offset(m) 	 reorder? (1 is reorder 2 is ejection) 
6283185.307179586	850.0500500500501	3	-0.2867146866363828	-4.38024334229958e-10	2
6283185.307179586	1524.8748748748749	2	-0.43314071819022515	-1.5344752425517992e-09	1
6283185.307179586	2137.087087087087	3	-0.6523352462795001	-1.6641983341074136e-09	1
6283185.307179586	1385.7357357357357	4	0.8158596003200014	-8.111721990489186e-11	2
6283185.307179586	1837.937937937938	7	-1.3427318833027073	1.516981979500789e-09	1
6283185.307179586	731.7817817817818	6	-0.03674744155207388	8.737726588127504e-10	1
6283185.307179586	2429.2792792792793	7	-0.8098963950111391	1.5513412096709223e-10	2
6283185.307179586	1657.0570570570571	6	0.5159983614227586	-1.4435912730177857e-10	2
6283185.307179586	1406.6066066066066	6	-0.4048085075236889	2.2907289334124488e-10	2
6283185.307179586	1337.0370370370372	5	-1.5276032326563813	1.5420111337529093e-09	1
6283185.307179586	1017.017017017017	5	0.08104206593389263	-1.3700771929437472e-09	1
6283185.307179586	863.963963963964	6	0.4299921592931617	-8.042148422975211e-10	1
6283185.307179586	975.2752752752752	8	-0.18533057724536062	-1.2571645730802104e-09	1
6283185.307179586	1392.6926926926926	4	0.4567144621089825	6.090369134023381e-10	1
6283185.307179586	2422.322322322322	8	0.11166610461444448	-1.0524486240724077e-09	1
6283185.307179586	940.4904904904905	8	-0.7919885179427977	-7.569672149595298e-10	1
6283185.307179586	968.3183183183183	5	-1.0951942687222578	1.0564982588008552e-09	1
6283185.307179586	1517.917917917918	3	-0.11392464406122427	-1.8918202005274983e-09	1
6283185.307179586	1872.7227227227227	8	0.36176774119535415	-1.9743553062128443e-09	1
6283185.307179586	2700.6006006006005	2	-0.767532467013828	4.2808158639236083e-10	2
6283185.307179586	1517.917917917918	6	-1.0365357673610804	1.1416457895520938e-09	1
6283185.307179586	1559.6596596596596	6	0.45635806950641644	-1.7188892316187841e-09	1
6283185.307179586	1309.2092092092093	7	-1.0728446208490374	4.483806244745929e-10	2
6283185.307179586	2248.3983983983985	7	-0.050508330000375024	1.1166148524225608e-09	1
6283185.307179586	836.1361361361362	1	1.4819684756924523	1.8940089917224456e-10	2
6283185.307179586	1177.027027027027	6	-1.287600857630612	3.0718255253334666e-11	1
6283185.307179586	1643.143143143143	1	1.430881202307774	-9.574602210208168e-11	2
6283185.307179586	1371.821821821822	4	0.19741450501387625	-9.287624773121497e-10	1
6283185.307179586	1177.027027027027	7	0.3253431681325005	-2.1872292823134254e-10	2
6283185.307179586	1594.4444444444446	7	0.4262684183918388	-6.86800108617037e-10	1
6283185.307179586	1747.4974974974975	2	1.0072561517711733	-4.131476440837826e-11	2
6283185.307179586	2317.967967967968	2	1.0135881566275833	-8.121541246146374e-10	1
6283185.307179586	1545.7457457457458	2	-1.1596858425775554	-2.122225739603656e-10	1
6283185.307179586	2199.6996996997	7	0.7528767930388724	-7.423665968499353e-10	1
6283185.307179586	3166.7167167167167	3	-0.9069823638312541	-3.5072676905147837e-10	2
6283185.307179586	1232.6826826826828	6	-1.4627809523138329	1.5665114324189947e-10	1
6283185.307179586	1601.4014014014015	3	-1.2853592133104712	-1.391862067393264e-09	1
6283185.307179586	1253.5535535535537	1	0.9911268873297057	1.6137513090548469e-09	1
6283185.307179586	808.3083083083084	1	-0.07525969012390821	7.711884473675292e-10	1
6283185.307179586	1302.2522522522522	1	-1.3058186190264651	1.7616319254421732e-09	1
6283185.307179586	1343.993993993994	8	-0.884539446397051	-1.3616836915274708e-09	1
6283185.307179586	1942.2922922922924	7	1.0661177187101747	1.6066073915582758e-09	1
6283185.307179586	1928.3783783783783	8	-0.6226481656881121	1.5495415599442074e-09	1
6283185.307179586	1378.7787787787788	6	0.2526144047066965	-8.496735716915835e-10	1
6283185.307179586	2025.7757757757759	8	-0.10848852498523343	1.467907721907165e-09	1
6283185.307179586	1232.6826826826828	2	1.457350564340035	1.8048442416540808e-09	2
6283185.307179586	3069.319319319319	7	0.3698777312742796	1.827363333711487e-09	1
6283185.307179586	2902.352352352352	1	0.3470752869760012	8.56983721132211e-10	1
6283185.307179586	1316.1661661661662	5	-0.15513142886915698	1.228745550778267e-09	1
6283185.307179586	1573.5735735735736	6	-1.0569870811367914	-4.6058054529995174e-10	1
6283185.307179586	1476.176176176176	7	-0.5598928862066188	-1.8873702656218414e-10	2
6283185.307179586	2011.8618618618618	6	-0.6425125107724181	6.988046310135736e-10	1
6283185.307179586	703.9539539539539	2	-0.6277928141752545	-1.1184125358917982e-09	2
6283185.307179586	2644.944944944945	2	0.16882868921560723	-6.308691576154016e-11	2
6283185.307179586	2380.5805805805808	5	0.7472251570516328	6.301414289421551e-10	1
6283185.307179586	1330.08008008008	1	-0.7130991775280576	1.3944125041757615e-10	2
6283185.307179586	2791.041041041041	1	0.2056296915232505	6.036026646873105e-10	1
6283185.307179586	1079.6296296296296	2	0.7282662370111774	1.5424513009527882e-09	1
6283185.307179586	1037.887887887888	1	0.5316917942533324	-3.047917459112618e-10	2
6283185.307179586	1942.2922922922924	2	0.2454668702870808	1.0222712233256148e-09	1
6283185.307179586	1726.6266266266266	6	1.2100898526506731	5.278914844197595e-10	1
6283185.307179586	1524.8748748748749	7	0.4603117467688853	1.3165237980740066e-09	1
6283185.307179586	1545.7457457457458	5	-0.7892148957098515	1.8151534325517307e-09	1
6283185.307179586	2130.13013013013	3	0.43727251346533436	1.9931674516662537e-09	1
6283185.307179586	1782.2822822822823	1	-1.3548227169728784	-1.822890811509561e-10	2
6283185.307179586	1413.5635635635635	6	0.4829278320658603	1.5752788688756693e-09	1
6283185.307179586	1754.4544544544544	5	1.1122161741995402	-1.2135474230519688e-09	1
6283185.307179586	1935.3353353353355	5	0.9221262066599847	-1.2133156909476313e-09	1
6283185.307179586	1204.854854854855	5	0.5115653217210259	-4.77320793001308e-10	2
6283185.307179586	1677.927927927928	6	0.7562805738927008	-9.3503857264447e-10	1
6283185.307179586	863.963963963964	3	0.489528819705884	1.6855898655647699e-09	1
6283185.307179586	1817.0670670670672	4	0.583685998827395	-1.3709246030389535e-09	1
6283185.307179586	2589.289289289289	2	0.22365869581495668	8.47720951699469e-10	1
6283185.307179586	2401.4514514514517	2	-0.5846551777140881	1.9267772983636004e-09	1
6283185.307179586	850.0500500500501	4	0.3382305779051875	-1.3286544689365342e-09	1
6283185.307179586	1462.2622622622623	5	-0.0956220412733122	-1.3262368529375258e-09	1
6283185.307179586	1740.5405405405406	3	0.09312677723479279	5.017674941523981e-10	1
6283185.307179586	3625.875875875876	8	-0.7089419404987715	-8.730981660541209e-10	1
6283185.307179586	989.1891891891892	2	-1.0622837026528709	-4.092542792206309e-10	1
6283185.307179586	703.9539539539539	5	-0.05122738340858968	3.9934696874841764e-10	1
6283185.307179586	1218.7687687687687	8	1.009598069807216	1.7285309564373982e-09	1
6283185.307179586	989.1891891891892	8	-1.5366918752207217	5.169833891737123e-10	2
6283185.307179586	3264.1141141141143	8	0.8262783695755078	-1.9286364406952246e-09	1
6283185.307179586	1657.0570570570571	8	1.5265168013148998	1.883563145046107e-09	2
6283185.307179586	1914.4644644644645	8	-0.1601725166966621	-1.9693816952016194e-09	1
6283185.307179586	1253.5535535535537	4	-0.23918120115178887	-1.1065995704877642e-09	1
6283185.307179586	1163.113113113113	6	0.28670064295045217	1.2977486705797705e-09	1
6283185.307179586	2046.6466466466468	1	0.2813819131716695	-1.2480051237613893e-09	1
6283185.307179586	1893.5935935935936	5	-1.4088101162614959	1.5600105073727936e-09	2
6283185.307179586	836.1361361361362	4	-1.5343231339049255	1.4582427189341557e-09	1
6283185.307179586	1023.973973973974	5	-0.41302499932057035	3.6257623998407926e-10	1
6283185.307179586	1970.1201201201202	3	0.23098690306881364	2.933198686612442e-11	1
6283185.307179586	2477.977977977978	3	-0.9602894187572186	-6.518532374989521e-10	1
6283185.307179586	2944.094094094094	1	0.8930579194994341	-4.102934243750519e-10	1
6283185.307179586	1476.176176176176	5	0.2545817212767252	1.975025069769977e-09	1
6283185.307179586	1218.7687687687687	2	0.7108166218765	-1.546823813979751e-09	1
6283185.307179586	2137.087087087087	7	-0.9004570470525121	1.4397597955100495e-09	1
6283185.307179586	1177.027027027027	8	-0.3689092291551723	1.4241589928130477e-09	1
6283185.307179586	1907.5075075075076	8	-0.8970956763954693	1.8028639741556125e-09	1
6283185.307179586	1274.4244244244244	2	0.9444803711265952	-2.1356342381476401e-10	2
6283185.307179586	3180.6306306306305	6	-1.0319183345125924	1.957755155221782e-09	1
6283185.307179586	1044.8448448448448	6	0.7991963641283735	1.7749102710477464e-09	1
6283185.307179586	2137.087087087087	2	0.580398909864607	1.9009807417916022e-09	1
6283185.307179586	1942.2922922922924	2	-0.6027162152269303	1.2291060768460968e-09	1
6283185.307179586	759.6096096096096	1	-0.33850691426511514	-1.4194838716543048e-10	1
6283185.307179586	1935.3353353353355	8	-0.13521770407651257	-2.784188401978663e-10	2
6283185.307179586	2373.6236236236236	4	-0.6688344608178431	-1.5379036856141465e-09	1
6283185.307179586	1309.2092092092093	6	1.2224238389554953	1.3804161208602316e-09	1
6283185.307179586	536.986986986987	3	0.04341546138149388	-5.700657478575236e-10	1
6283185.307179586	2095.3453453453453	8	0.8328212193434608	-1.6163530168852712e-10	2
6283185.307179586	3556.3063063063064	2	-0.3312556983625987	-1.98426855535909e-09	1
6283185.307179586	1267.4674674674675	2	-1.1638082438161927	-3.748228612374048e-11	2
6283185.307179586	2561.4614614614616	5	1.3862064051465022	-8.46565287495909e-10	1
6283185.307179586	1643.143143143143	5	-0.4791871010778559	-1.5313480360938466e-09	1
6283185.307179586	2324.924924924925	5	-0.6411166676038009	1.9517483017671443e-09	1
6283185.307179586	857.007007007007	6	-1.1076751358721648	1.0490418578947554e-09	1
6283185.307179586	1309.2092092092093	6	-0.2901460206687514	6.301436575428292e-10	1
6283185.307179586	1990.9909909909911	7	-0.9452553696415305	1.4292876224906262e-10	1
6283185.307179586	1163.113113113113	5	-0.7634487169808535	4.851409939698589e-10	1
6283185.307179586	1079.6296296296296	1	-0.4444500542917482	8.825811954725866e-10	1
6283185.307179586	2164.914914914915	3	1.154365372144437	1.221086751281286e-09	1
6283185.307179586	2311.011011011011	8	0.7807837294616178	1.296046494140942e-09	0
6283185.307179586	1865.7657657657658	3	0.5539214622256243	-3.224204866239799e-10	1
6283185.307179586	1844.8948948948948	3	-0.8480575849704339	5.0731892279718694e-11	1
6283185.307179586	1260.5105105105106	1	0.592683819550202	-9.739070805646635e-10	1
6283185.307179586	1128.3283283283283	7	0.28564937711519534	-1.3942249965358843e-09	1
6283185.307179586	1337.0370370370372	7	-0.9121043998897	1.4040918656964366e-09	1
6283185.307179586	2130.13013013013	6	0.2042583047422568	9.281022292215911e-10	1
6283185.307179586	1309.2092092092093	3	0.35850853810783345	-7.933225379656422e-10	1
6283185.307179586	342.1921921921922	1	0.8436818920913307	1.2237715634923695e-09	1
6283185.307179586	3104.1041041041044	4	1.4756146370388459	1.1360693785596696e-09	2
6283185.307179586	2797.997997997998	7	-0.6810751964113697	1.2550410299753757e-09	1
6283185.307179586	3083.2332332332335	6	0.4247643354818973	-9.179636305457808e-10	1
6283185.307179586	669.1691691691692	4	-1.261816029204943	-1.1757660636318583e-09	2
6283185.307179586	2317.967967967968	3	-0.12347916868475117	7.676392337327209e-10	1
6283185.307179586	2832.7827827827828	7	0.1473141564022018	-3.066443155699367e-10	1
6283185.307179586	2220.5705705705705	5	-1.5462661270323443	1.07216301106715e-09	1
6283185.307179586	3598.0480480480483	2	0.829964764823536	4.173534068732454e-10	1
6283185.307179586	453.5035035035035	5	-0.17683172293057714	-2.0479159899134378e-10	2
6283185.307179586	2171.871871871872	1	0.2553229749212371	-1.4204639350293899e-09	1
6283185.307179586	1225.7257257257259	2	-1.0534667952151104	-1.5067217214438845e-09	1
6283185.307179586	2909.3093093093094	7	-1.5181042018580113	1.8587927549162247e-09	1
6283185.307179586	620.4704704704704	8	-0.7883210888796262	1.4580169273507887e-09	2
6283185.307179586	1051.801801801802	8	-0.0576783727977086	-2.122258589910518e-10	1
6283185.307179586	1629.2292292292293	2	0.737035111333856	-1.0859878393480789e-09	1
6283185.307179586	2102.3023023023025	6	0.4362114491393059	1.9566522689811747e-09	1
6283185.307179586	863.963963963964	6	-1.4029064912457516	-1.9065272892693846e-09	2
6283185.307179586	926.5765765765766	3	0.4088714844726029	-2.2295204469939166e-10	1
6283185.307179586	2032.7327327327328	1	0.9991026453387772	1.3327232791268733e-09	1
6283185.307179586	1142.2422422422424	8	0.38530458021874225	3.5637959261254615e-10	2
6283185.307179586	1364.864864864865	5	-0.7899057880124674	1.5152091947806214e-10	1
6283185.307179586	1469.2192192192192	8	-0.5562299746631487	-6.571034474351571e-10	1
6283185.307179586	1490.0900900900901	7	-1.469865416018993	-8.751733900036377e-10	1
6283185.307179586	2137.087087087087	4	-0.10065223815566049	6.313462396645664e-10	1
6283185.307179586	2102.3023023023025	1	-0.5418532879847191	-2.7018212349944603e-10	2
6283185.307179586	571.7717717717718	7	0.13111834320939497	-9.449702262112002e-10	1
6283185.307179586	2505.805805805806	3	-0.2903121295464295	4.896155358612041e-10	1
6283185.307179586	2032.7327327327328	1	-0.35730844645538284	5.986129965712553e-10	1
6283185.307179586	1163.113113113113	1	-0.7416456585296721	1.1740686201050978e-09	1
6283185.307179586	3577.1771771771773	1	-0.5402652353997675	8.227723456336171e-10	1
6283185.307179586	2958.008008008008	1	0.17271054060293167	1.96701777965405e-09	1
6283185.307179586	870.9209209209209	4	-1.134930581878017	8.592304232013428e-10	1
6283185.307179586	3403.253253253253	6	-1.4235157129835927	-6.560976041739789e-10	2
6283185.307179586	1524.8748748748749	8	0.005256895196550371	6.548401397007554e-10	1
6283185.307179586	1643.143143143143	1	-0.5555791965741446	1.9341171833166677e-09	1
6283185.307179586	2178.828828828829	7	0.8199444669730194	1.2141467054761364e-10	1
6283185.307179586	3771.971971971972	2	-0.8116774895113262	-3.804596408110475e-10	1
6283185.307179586	1664.014014014014	3	1.3009983490775672	-1.77453251647513e-09	1
6283185.307179586	822.2222222222223	1	-1.5289666991725979	2.0993044672138657e-10	2
6283185.307179586	1420.5205205205204	4	0.9971385673648077	7.135992947893659e-10	1
6283185.307179586	1698.7987987987988	8	-1.1870432798608892	8.181907244416637e-10	2
6283185.307179586	2060.5605605605606	6	-1.0927375995657063	8.364193679390764e-10	2
6283185.307179586	2471.021021021021	2	1.3760021659941004	-3.2667014038307445e-10	1
6283185.307179586	2269.2692692692694	4	1.5582013232830567	1.5985034416059764e-09	1
6283185.307179586	1803.1531531531532	7	0.7333013254466421	-1.6954267142233125e-09	1
6283185.307179586	564.8148148148148	7	0.0031554478956579146	1.917654244625549e-09	1
6283185.307179586	2624.0740740740744	6	0.25098387889012974	9.462822534387512e-10	1
6283185.307179586	2081.4314314314315	5	-1.2284735977468828	-1.3711356584719284e-09	1
6283185.307179586	2116.2162162162163	6	-1.0108747072349324	1.9861225601687734e-10	1
6283185.307179586	2088.388388388388	4	-0.876160593599216	4.5256701507102696e-10	2
6283185.307179586	1392.6926926926926	5	-1.2601872402466534	-1.004070196223717e-09	2
6283185.307179586	3354.5545545545547	4	-0.5644374984633571	-8.788262143620838e-10	1
6283185.307179586	1928.3783783783783	3	0.2606419708060079	8.014702456401186e-10	1
6283185.307179586	2206.6566566566567	5	0.8517185183196694	-1.875337343733977e-09	1
6283185.307179586	710.910910910911	6	-0.8916782655065582	-9.051205707596514e-10	1
6283185.307179586	822.2222222222223	4	-0.3941066337430743	-1.6889759891580278e-09	1
6283185.307179586	2610.16016016016	5	0.28054840427194305	-7.332345229687639e-10	1
6283185.307179586	1872.7227227227227	2	0.28388093147176785	-9.6499626927418e-10	1
6283185.307179586	2297.097097097097	8	0.08211781199571888	-1.5407714468880852e-09	1
6283185.307179586	2394.4944944944946	5	-1.0108235959304357	-1.1846048213952033e-09	0
6283185.307179586	2088.388388388388	6	0.887764517202585	-8.933368999488846e-10	1
6283185.307179586	1330.08008008008	2	-1.154674396414641	-1.1832564131101005e-09	1
6283185.307179586	516.1161161161161	2	-1.1068749688373334	1.7779792855328045e-09	1
6283185.307179586	1100.5005005005005	4	0.0806764402086344	1.6191388789391237e-09	1
6283185.307179586	2102.3023023023025	8	-0.6299379707022316	1.1062629194287673e-10	2
6283185.307179586	1406.6066066066066	5	-0.28591904187581485	1.9682719412939374e-09	1
6283185.307179586	2304.054054054054	6	-0.532109375835087	-7.104967294798278e-10	1
6283185.307179586	1149.1991991991993	2	-0.791187966181992	1.1752359045681935e-09	1
6283185.307179586	808.3083083083084	3	0.898452618138069	-1.8711757022741404e-09	1
6283185.307179586	1364.864864864865	7	0.9263545259335548	1.6370698398351364e-09	1
6283185.307179586	1218.7687687687687	2	-1.285331187383916	-3.798883812098187e-10	1
6283185.307179586	2519.7197197197197	1	1.5706886686175028	-6.588233490836829e-10	1
6283185.307179586	1030.930930930931	4	-1.2581286686931343	5.86746973038099e-10	2
6283185.307179586	1524.8748748748749	3	-0.0020781609278210933	1.2737257033387071e-09	1
6283185.307179586	2665.8158158158158	7	0.758878349090029	1.5222952876080806e-09	1
6283185.307179586	1601.4014014014015	1	-0.9643851019992431	3.90648226657052e-10	2
6283185.307179586	3062.3623623623625	7	1.4859735620768473	8.237705858661358e-10	2
6283185.307179586	2123.1731731731734	5	-1.2767951473553845	-1.8396172751220284e-09	1
6283185.307179586	2582.3323323323325	5	-0.5535850386404024	-1.295240022385559e-09	1
6283185.307179586	3778.928928928929	7	-1.4251078577649419	-9.132259663184118e-10	1
6283185.307179586	1274.4244244244244	7	1.169618953812361	1.6518882837169993e-09	1
6283185.307179586	2617.1171171171172	8	0.4556721020040908	4.258947974138996e-10	2
6283185.307179586	2484.934934934935	1	1.139858741825945	-6.431155207276326e-10	2
6283185.307179586	759.6096096096096	5	-0.261975636459137	-1.146420950763523e-09	1
6283185.307179586	2269.2692692692694	3	-1.254253682221219	-8.876541003963535e-10	2
6283185.307179586	1524.8748748748749	2	0.09395492455213961	-4.4507249690851e-11	1
6283185.307179586	1684.884884884885	2	0.5026566561401413	4.753265618300129e-10	1
6283185.307179586	2025.7757757757759	2	0.7550920529951313	-9.472690185626905e-10	1
6283185.307179586	773.5235235235235	2	-0.222010443667779	1.7491072842607584e-09	1
6283185.307179586	1914.4644644644645	5	-0.6667146945618453	-4.480933746973186e-10	1
6283185.307179586	1156.1561561561562	6	-0.8378849038249891	-3.02000089752625e-10	1
6283185.307179586	1622.2722722722724	8	-0.018121061556833462	7.899481653909319e-10	1
6283185.307179586	2714.5145145145148	1	0.9412769190531929	-1.9733838708060885e-09	1
6283185.307179586	3305.855855855856	7	0.6013075221348236	-3.118769926561793e-10	2
6283185.307179586	1065.7157157157158	8	0.023043596525657906	1.8237203953402229e-09	1
6283185.307179586	1517.917917917918	2	-0.11162577434111709	-1.8195845710402666e-09	1
6283185.307179586	1058.7587587587586	7	-1.1784201419291085	-5.070421196121746e-10	2
6283185.307179586	1253.5535535535537	4	-0.5398478063374887	-2.395796248609195e-10	1
6283185.307179586	1601.4014014014015	4	1.100073491807787	-1.8402113673114228e-09	1
6283185.307179586	1190.940940940941	6	0.9224143728636949	1.8866911149010137e-09	1
6283185.307179586	3493.6936936936936	8	1.044490948212546	-1.4170680016055548e-09	1
6283185.307179586	1622.2722722722724	5	-0.8465842166302816	-6.53490082492139e-10	1
6283185.307179586	536.986986986987	7	0.608416011314806	6.603144024239725e-10	1
6283185.307179586	2484.934934934935	6	-0.665067355228291	1.520174244375127e-11	1
6283185.307179586	3264.1141141141143	5	-1.1736456207037727	-1.6917100815188315e-09	1
6283185.307179586	1017.017017017017	5	-0.6707215971996228	-3.525067634312547e-10	1
6283185.307179586	1003.1031031031031	1	-1.3144426643330736	-1.1009046335782712e-09	2
6283185.307179586	1712.7127127127128	3	0.3288047862603316	2.523808356041686e-10	1
6283185.307179586	1197.897897897898	7	0.5660251365856528	-5.386942218101397e-10	1
6283185.307179586	2895.3953953953956	7	-0.8240432658894893	-8.604569830614436e-10	1
6283185.307179586	1886.6366366366367	8	-1.080766431622897	-7.230907720871987e-10	2
6283185.307179586	1643.143143143143	5	-1.5248579926916237	1.2853956860414157e-09	2
6283185.307179586	801.3513513513514	4	0.20667430857407054	3.428488576143439e-10	1
6283185.307179586	2999.7497497497498	1	0.8932562879451664	1.1001568476272708e-10	2
6283185.307179586	1413.5635635635635	8	1.2419354748152434	5.044601689525588e-10	1
6283185.307179586	1691.8418418418419	6	0.7404461771489781	6.783839692978386e-11	1
6283185.307179586	1761.4114114114116	7	-0.523766660034398	4.135540523129874e-10	1
6283185.307179586	968.3183183183183	1	0.2008670585070973	1.4041916746296816e-09	1
6283185.307179586	1650.1001001001002	5	-1.0635319444077376	9.698110491132656e-10	1
6283185.307179586	710.910910910911	8	-1.4097767100647405	-1.4452270429608434e-09	2
6283185.307179586	2923.223223223223	6	-1.0131473210479671	-1.637570020592759e-09	1
6283185.307179586	2144.0440440440443	3	1.3258910008881322	-1.2327870458997806e-09	1
6283185.307179586	1295.2952952952953	7	0.9968504502947946	1.5824026863187642e-09	1
6283185.307179586	3243.2432432432433	1	-1.0521853478072043	-8.989943559105905e-10	1
6283185.307179586	1601.4014014014015	7	-1.1454994924565485	1.894112218788937e-09	1
6283185.307179586	1504.004004004004	8	0.8106449834736416	-1.580366409469233e-09	1
6283185.307179586	3709.3593593593596	3	-0.4190847287373374	-3.3281507211692233e-10	1
6283185.307179586	1156.1561561561562	5	1.512975622398681	-1.9677167845261963e-09	2
6283185.307179586	989.1891891891892	4	0.356009576475143	1.4985939183384977e-09	1
6283185.307179586	1448.3483483483483	1	-0.3299065875384444	-5.164494124717508e-11	2
6283185.307179586	1615.3153153153153	4	-0.32904000544851075	8.360078238866327e-11	2
6283185.307179586	1267.4674674674675	3	-1.1407478798818462	1.3927110619709704e-09	1
6283185.307179586	3500.6506506506507	6	-1.2618385913308736	-7.194920842962685e-10	2
6283185.307179586	1670.970970970971	8	-0.39202721600724266	-1.510128679634827e-09	1
6283185.307179586	1977.077077077077	6	-1.4845131891962369	-1.1078186921217933e-09	1
6283185.307179586	724.8248248248249	7	1.4232581403219813	7.964230988659815e-10	1
6283185.307179586	3173.673673673674	1	1.555253470651306	-1.5823439786712217e-10	2
6283185.307179586	2366.6666666666665	4	-0.6915270090786361	1.491248677181697e-09	1
6283185.307179586	1190.940940940941	1	-0.01410668362410017	-1.2934936323076866e-09	1
6283185.307179586	2067.5175175175173	7	0.8318778992199096	7.677920716604602e-10	1
6283185.307179586	1246.5965965965966	7	0.8206411772278588	1.853278782410458e-10	1
6283185.307179586	2331.881881881882	7	-1.1464120764462913	1.388600285240592e-09	1
6283185.307179586	1719.6696696696697	8	-0.8057120928845238	-9.935452872399901e-10	1
6283185.307179586	1796.1961961961963	5	1.1081477002743823	-1.2535297566584191e-09	1
6283185.307179586	1239.6396396396397	1	0.8150409499005011	7.798405728823927e-10	1
6283185.307179586	620.4704704704704	4	1.5186313905810271	1.8132764884032342e-09	2
6283185.307179586	2352.7527527527527	1	0.37519090663272703	-5.100354001117244e-10	1
6283185.307179586	1650.1001001001002	8	-0.1134890355053737	-1.8122054983361933e-09	1
6283185.307179586	738.7387387387388	3	-0.22748957630368838	1.2011088745908308e-10	1
6283185.307179586	3145.845845845846	1	-0.8975144777453371	-1.0983334321351813e-09	1
6283185.307179586	1142.2422422422424	4	1.1145754274198874	-7.21178416006921e-10	2
6283185.307179586	1204.854854854855	4	1.13088736031572	3.641435247295949e-10	1
6283185.307179586	2408.4084084084084	5	-0.8386931753786209	1.6273100260735607e-09	1
6283185.307179586	2867.5675675675675	8	-0.12971011228011298	5.153946241123054e-10	1
6283185.307179586	1337.0370370370372	6	0.30319405837455515	1.9147667345503537e-09	1
6283185.307179586	481.33133133133134	1	0.7386259876295362	1.4637176956266494e-09	1
6283185.307179586	1886.6366366366367	1	-1.0073496879004011	6.105844282083353e-10	2
6283185.307179586	794.3943943943945	7	0.10046277219724375	-1.742201073407599e-09	1
6283185.307179586	1030.930930930931	5	-0.5591418580691199	8.981077479106882e-10	1
6283185.307179586	3618.918918918919	8	0.9301674460540568	1.6868641547534556e-10	1
6283185.307179586	2199.6996996997	5	-1.203986922044247	-5.635430816931599e-10	1
6283185.307179586	1462.2622622622623	1	-0.3108139480396217	-1.3183117798718485e-10	1
6283185.307179586	1817.0670670670672	7	0.7939599073743335	7.586333347868368e-10	1
6283185.307179586	2978.878878878879	1	-1.1681346912151285	4.4896873194298923e-10	2
6283185.307179586	1107.4574574574574	6	-0.7077443734044685	-1.1083789751847135e-09	1
6283185.307179586	2095.3453453453453	4	-0.25469415830952946	-1.0292739545337506e-10	2
6283185.307179586	1357.9079079079079	7	1.0312390927955208	1.590391585407685e-10	1
6283185.307179586	1190.940940940941	4	-0.35665568338663345	-8.190595194981069e-10	1
6283185.307179586	1691.8418418418419	8	-1.4229049947327153	-3.145419250769642e-10	2
6283185.307179586	516.1161161161161	7	0.043261134847299765	2.4255116070849876e-10	1
6283185.307179586	2380.5805805805808	2	-0.8444816979129823	1.4141886046557257e-09	1
6283185.307179586	1677.927927927928	3	0.8750002801848322	-1.196567458054228e-09	1
6283185.307179586	1900.5505505505505	2	0.4492518637792995	1.4129033078100815e-09	1
6283185.307179586	2491.891891891892	2	0.6562691721418958	9.937958378396657e-11	1
6283185.307179586	1796.1961961961963	2	-0.039321941258266824	-3.2367724382985365e-10	2
6283185.307179586	850.0500500500501	1	-1.531403269968355	-1.4423631530125469e-09	1
6283185.307179586	1858.8088088088089	2	0.3417401001402347	3.8003353490851683e-10	1
6283185.307179586	1239.6396396396397	8	-0.1728442630693945	-1.6752417049441787e-10	2
6283185.307179586	1441.3913913913914	7	-0.5016602729902737	1.2552617194525143e-09	1
6283185.307179586	1768.3683683683685	2	1.000111267829332	-1.8781659074866615e-09	1
6283185.307179586	815.2652652652653	4	-1.0678905844956044	-1.5973926001486706e-09	1
6283185.307179586	1413.5635635635635	3	-1.2160463631968572	-6.726055244038599e-10	2
6283185.307179586	766.5665665665666	3	-1.0696657408988712	1.097522462069251e-09	1
6283185.307179586	2568.4184184184187	1	1.2457717955531038	1.51200470202721e-09	1
6283185.307179586	2151.001001001001	6	-1.5223793714514133	6.23448417194243e-10	1
6283185.307179586	4043.2932932932936	3	1.4630615770495572	9.083589086904476e-10	2
6283185.307179586	2387.5375375375374	3	1.2099080388795929	2.2295582723356068e-11	1
6283185.307179586	1886.6366366366367	7	-1.4699199810408372	-1.2190318632792476e-09	2
6283185.307179586	1378.7787787787788	2	-1.3344764477933269	1.71676908443501e-09	2
6283185.307179586	1197.897897897898	6	1.2886431428935756	6.206363185182e-10	1
6283185.307179586	919.6196196196197	8	0.7675776014512468	-1.3229165342483569e-09	1
6283185.307179586	1044.8448448448448	1	-0.7289064036614836	-1.0419857896128541e-09	2
6283185.307179586	2777.127127127127	7	1.5538708652898845	1.7580085131098653e-09	2
6283185.307179586	982.2322322322323	7	-1.3832359364061837	-1.4443270831184477e-09	1
6283185.307179586	1239.6396396396397	3	1.5183326961364378	3.738815441696547e-10	2
6283185.307179586	3027.577577577578	5	-0.8160030046466745	1.9247745052443064e-09	1
6283185.307179586	2853.6536536536537	5	-0.6664639178059129	1.5266263283369295e-09	1
6283185.307179586	2248.3983983983985	2	1.0668431945198114	1.1240407998509384e-09	1
6283185.307179586	1580.5305305305305	6	0.20502980153410122	1.5873916473323011e-09	1
6283185.307179586	1970.1201201201202	8	0.35968111164775163	-9.411083918133953e-10	1
6283185.307179586	1747.4974974974975	4	-0.04492608670561027	8.00265835059487e-10	1
6283185.307179586	836.1361361361362	5	1.0889544371640723	-1.5013912426119358e-09	1
6283185.307179586	2749.2992992992995	1	-0.8116267418413063	5.28433097799916e-10	1
6283185.307179586	1538.788788788789	6	-0.208733460289106	9.830324075285074e-10	1
6283185.307179586	1343.993993993994	2	0.7634127164575268	1.5840878977736494e-09	1
6283185.307179586	1851.851851851852	2	0.42293458359829317	1.7430153891931961e-09	1
6283185.307179586	2213.613613613614	2	-0.23632550778795824	-1.483372847587711e-09	1
6283185.307179586	2721.4714714714714	8	0.6344870904059494	9.701548408519328e-10	1
6283185.307179586	1761.4114114114116	2	-1.221610421227492	1.2422131143359128e-09	1
6283185.307179586	968.3183183183183	2	-0.8260190132730467	1.5068474942012956e-09	1
6283185.307179586	1830.980980980981	6	0.19801236265421251	6.170173102384251e-10	1
6283185.307179586	1177.027027027027	7	-0.9430805558850907	-1.7050114452979757e-09	1
6283185.307179586	335.2352352352352	1	0.057842915441514986	-1.8813143244528094e-09	1
6283185.307179586	1782.2822822822823	7	-1.0245160089505783	-9.68964724959617e-10	1
6283185.307179586	2241.4414414414414	5	-0.2590352559751199	5.842007516415907e-10	1
6283185.307179586	2811.911911911912	1	-1.5209655534503177	1.0620537099525916e-09	1
6283185.307179586	3709.3593593593596	2	-1.5189299320630538	1.3517027470706981e-09	2
6283185.307179586	1156.1561561561562	8	-1.4042304408075348	1.0378002066609674e-09	2
6283185.307179586	2944.094094094094	8	1.4532326780350453	-1.992873926849933e-09	2
6283185.307179586	870.9209209209209	5	0.936126816846719	1.9645590985892263e-09	1
6283185.307179586	1281.3813813813815	8	-0.9720083063421308	-9.0542618306546e-10	1
6283185.307179586	1886.6366366366367	2	-1.07480708126639	5.794362898768006e-10	2
6283185.307179586	1079.6296296296296	2	-1.0259183311563853	1.1005729790475695e-09	1
6283185.307179586	1775.3253253253254	8	1.4656698039311888	-1.5951413741168157e-09	1
6283185.307179586	2157.957957957958	2	0.5340116871200111	7.78354298972911e-10	1
6283185.307179586	1323.1231231231232	7	0.1297258614350152	-2.227396515088466e-10	1
6283185.307179586	1914.4644644644645	2	-0.616814490499524	1.3009690556143648e-09	1
6283185.307179586	1003.1031031031031	4	-0.9088621190964599	5.293494945446834e-10	2
6283185.307179586	1448.3483483483483	4	-1.1800132322808266	6.87842567467561e-10	2
6283185.307179586	2429.2792792792793	7	-0.4887825271438191	5.676161602261884e-10	1
6283185.307179586	2902.352352352352	8	-0.7967043421458845	-1.9119383908094086e-09	1
6283185.307179586	634.3843843843844	2	-1.2696693307655431	-3.0695096606597123e-10	1
6283185.307179586	2756.256256256256	3	-0.9152970700922908	-1.5370162744058616e-09	1
6283185.307179586	2255.3553553553556	6	0.3413634746242562	-3.5267406700302653e-10	2
6283185.307179586	996.1461461461462	4	-1.252978331406651	1.3733079923221913e-09	2
6283185.307179586	1566.6166166166167	6	-0.2872627830456793	-1.6756504180072223e-09	1
6283185.307179586	2707.5575575575576	3	1.3744473590189745	-1.446169837482918e-09	1
6283185.307179586	2011.8618618618618	3	-0.5292013644789568	-1.5231266643428381e-09	1
6283185.307179586	1044.8448448448448	2	1.4502381616628481	-3.4033875591930457e-10	2
6283185.307179586	2185.7857857857857	6	0.02941250910153137	1.4572806555358235e-09	1
6283185.307179586	870.9209209209209	1	-0.1968499324265316	-1.166797461426664e-09	2
6283185.307179586	1030.930930930931	6	-1.407784955351782	1.2982475867570863e-09	2
6283185.307179586	1552.7027027027027	4	-1.0088654603167084	7.994738072797584e-10	2
6283185.307179586	1886.6366366366367	5	-0.7264537425917243	1.3860149079136441e-09	1
6283185.307179586	1837.937937937938	2	-0.06956677899973518	-1.5886809111391595e-09	1
6283185.307179586	703.9539539539539	1	-1.4818751894116273	-1.1734440022626083e-09	2
6283185.307179586	2498.848848848849	1	1.0750357222496802	-8.578916783133074e-11	2
6283185.307179586	2519.7197197197197	8	-1.291052985872854	3.120730031784997e-10	2
6283185.307179586	982.2322322322323	4	0.2842800445334235	-5.435023218486594e-10	1
6283185.307179586	1754.4544544544544	1	0.642082830125092	-1.4621293540254362e-09	1
6283185.307179586	2220.5705705705705	4	0.531270160645525	4.080495815994652e-11	1
6283185.307179586	1622.2722722722724	5	-0.5991675666686632	1.944597127407115e-11	2
6283185.307179586	1754.4544544544544	7	-0.1579528376406678	-4.531834670591186e-10	1
6283185.307179586	2095.3453453453453	5	0.16724477068452037	-1.629319322582875e-09	1
6283185.307179586	1524.8748748748749	5	-0.8827621907870994	-1.019999086507054e-09	1
6283185.307179586	1183.983983983984	8	0.8940584720558311	-7.057200304427239e-10	1
6283185.307179586	2269.2692692692694	2	0.39505645267138534	-1.537118792489037e-09	1
6283185.307179586	2039.6896896896897	3	-1.395393377195924	-1.1368032300742425e-09	1
6283185.307179586	2491.891891891892	3	0.9218130450108659	-4.291635229546103e-10	1
6283185.307179586	975.2752752752752	4	-0.2606601941878923	-2.640815468449173e-10	2
6283185.307179586	2137.087087087087	2	-0.7516598480889722	-2.6964856129918496e-10	2
6283185.307179586	1225.7257257257259	8	-1.08939394913118	6.542617342034604e-10	2
6283185.307179586	1392.6926926926926	1	-0.7483189974095359	5.810860895515232e-11	2
6283185.307179586	564.8148148148148	3	-1.136233432660172	1.4567864999594123e-09	1
6283185.307179586	2004.904904904905	1	-0.03822502490018542	-1.7217588797395014e-10	1
6283185.307179586	1636.1861861861862	1	1.1828638246766148	-8.262136817338589e-10	2
6283185.307179586	1316.1661661661662	5	-0.33888569486269504	5.105834178530883e-10	2
6283185.307179586	2763.2132132132133	3	0.8112687699661314	-3.52195650685025e-10	1
6283185.307179586	1497.047047047047	5	-1.187483967790386	-1.830344223312737e-09	1
6283185.307179586	1357.9079079079079	2	0.8902807013565357	6.932864756793952e-10	1
6283185.307179586	898.7487487487488	4	-0.5782732864873092	-6.977950999478453e-10	1
6283185.307179586	2547.5475475475478	6	-1.2164277883718484	-9.047536453080065e-10	2
6283185.307179586	2164.914914914915	7	-0.27181856403944016	-1.158928738616337e-09	1
6283185.307179586	1483.1331331331332	1	-1.0218539473802477	-6.194920793719429e-10	1
6283185.307179586	1754.4544544544544	7	0.7666131740810616	-4.5860500757188703e-10	2
6283185.307179586	2797.997997997998	1	1.040394607903897	1.4443789645222852e-09	1
6283185.307179586	1343.993993993994	6	-0.7811405506598282	-1.409267962556681e-09	1
6283185.307179586	1984.034034034034	7	0.6733331061932244	-1.2195835898446759e-09	1
6283185.307179586	2199.6996996997	6	-0.4177985090176284	3.8513840406313896e-10	1
6283185.307179586	696.996996996997	5	1.0877747437567655	-1.1586266532630653e-09	2
6283185.307179586	1030.930930930931	7	-0.15360132216886968	-1.711988379415416e-09	1
6283185.307179586	1608.3583583583584	1	1.2093710304418646	-4.870076271176248e-10	2
6283185.307179586	2895.3953953953956	6	1.1216773552058479	-2.524769240144873e-10	2
6283185.307179586	1670.970970970971	4	1.0074566894907586	-1.5407178804061632e-09	1
6283185.307179586	1914.4644644644645	2	-1.041545462157937	1.6680195855086585e-09	1
6283185.307179586	752.6526526526527	5	0.5087595015790325	-1.8690252430851893e-09	1
6283185.307179586	2436.2362362362364	5	-1.3884242205532482	-1.1501630363121858e-09	2
6283185.307179586	933.5335335335336	5	0.14908781273311478	-1.1542410318981654e-10	2
6283185.307179586	1128.3283283283283	6	0.10393072228634948	-1.5553368365566418e-09	1
6283185.307179586	2255.3553553553556	3	1.415682353449375	1.9072151409365238e-09	2
6283185.307179586	2171.871871871872	4	1.2292956469642173	-8.564865678506748e-10	2
6283185.307179586	1740.5405405405406	6	1.0062365165429097	1.5341999298084984e-09	1
6283185.307179586	1065.7157157157158	2	0.29551569229260277	1.1564919309527327e-09	1
6283185.307179586	1497.047047047047	8	-0.6129878784707928	5.77484733385803e-10	2
6283185.307179586	2568.4184184184187	4	1.5640634171077772	-1.8785484458009055e-09	1
6283185.307179586	1754.4544544544544	8	-0.5554546494585217	6.175264613208986e-10	2
6283185.307179586	1907.5075075075076	2	-1.1753662105579008	-1.9840445200199077e-09	1
6283185.307179586	1740.5405405405406	6	-1.2261333543481716	5.714310349525369e-10	2
6283185.307179586	2081.4314314314315	3	1.033101261591984	-4.4687501386279833e-10	2
6283185.307179586	1510.960960960961	3	0.8570004489200449	-2.2602323538752424e-10	2
6283185.307179586	815.2652652652653	7	-0.333742067251374	-1.2328799655416707e-10	2
6283185.307179586	1107.4574574574574	6	0.3987560779479342	6.824083860410747e-10	2
6283185.307179586	822.2222222222223	6	-0.7152831829076179	-3.3119570838975994e-10	2
6283185.307179586	2853.6536536536537	3	-1.3027162083862156	1.946181989139501e-09	1
6283185.307179586	1330.08008008008	7	0.30638246250551293	3.4561801976316926e-10	2
6283185.307179586	1538.788788788789	6	0.8663284478313158	-1.8359907683237722e-09	1
6283185.307179586	3013.6636636636636	2	-0.3060698268096882	1.5312827413864588e-09	1
6283185.307179586	2770.1701701701704	5	0.85989941409811	1.4590676031838236e-09	1
6283185.307179586	2157.957957957958	5	-0.9664629258278813	-4.869673729399495e-10	2
6283185.307179586	843.0930930930931	1	0.5199236094563178	-7.323197345816271e-10	2
6283185.307179586	884.8348348348349	4	0.03254786410365762	-7.487217875996321e-10	1
6283185.307179586	1775.3253253253254	4	1.5300626050296673	-3.62126417623609e-10	2
6283185.307179586	1657.0570570570571	8	-0.11638285848157759	1.8509430104775593e-09	1
6283185.307179586	1051.801801801802	3	-0.3517056405317698	1.7728289553575025e-09	1
6283185.307179586	1824.0240240240241	5	-0.68353463777746	3.772396148745699e-10	2
6283185.307179586	1476.176176176176	6	1.3582883969509916	5.663003130321335e-10	1
6283185.307179586	2255.3553553553556	8	-0.19720306219835138	1.9640591297779723e-09	1
6283185.307179586	1712.7127127127128	6	-1.1101805440740138	9.582088213671722e-10	2
6283185.307179586	1636.1861861861862	6	0.41245067859648343	7.520006381422845e-10	1
6283185.307179586	543.943943943944	2	1.5466861987961371	4.678428442365215e-10	1
6283185.307179586	1935.3353353353355	2	-1.5069104375536226	9.019828262531392e-10	2
6283185.307179586	850.0500500500501	6	0.858390925734267	1.908734567850566e-09	1
6283185.307179586	1170.0700700700702	8	-0.31942717028775225	8.368426070666534e-10	2
6283185.307179586	2109.259259259259	7	1.5173833396733585	1.8299724931244686e-09	1
6283185.307179586	2533.6336336336335	3	0.13789048339483911	4.975595908715507e-10	1
6283185.307179586	2484.934934934935	7	1.2005899786915752	-8.8447839261252e-10	1
6283185.307179586	2227.5275275275276	8	-1.191734046906777	-1.0005108612001688e-09	1
6283185.307179586	2930.1801801801803	3	-0.7759960174457604	6.635854245563553e-10	1
6283185.307179586	1128.3283283283283	5	-1.2078549869011228	1.4612871851774974e-09	2
6283185.307179586	3938.938938938939	6	-0.5220772903158173	1.8762462690375867e-09	1
6283185.307179586	1281.3813813813815	5	0.9901929213890988	-7.348956177768486e-10	2
6283185.307179586	3264.1141141141143	6	-0.8889912526745475	-5.900239022941027e-11	1
6283185.307179586	502.2022022022022	8	0.814762775851332	1.8460809194765782e-09	2
6283185.307179586	1893.5935935935936	1	-1.2603747825477574	-1.1258116786910538e-09	2
6283185.307179586	2081.4314314314315	8	1.5459991357790979	-1.8730829791541523e-09	2
6283185.307179586	1956.2062062062062	8	-0.8154571976294647	1.242539626012374e-09	1
6283185.307179586	634.3843843843844	4	0.12834610671841795	-3.6853883946141635e-10	1
6283185.307179586	2728.4284284284286	1	-0.4749503925126701	-1.8294784532295194e-09	1
6283185.307179586	1817.0670670670672	5	0.5918101033905527	-1.5221006192027145e-09	1
6283185.307179586	1510.960960960961	7	-0.6440610214602359	-1.4942278187818966e-09	1
6283185.307179586	1984.034034034034	5	-1.4106628487202646	1.7727799086457494e-10	2
6283185.307179586	1879.6796796796798	5	-1.1934933062815607	5.93265651135129e-10	1
6283185.307179586	926.5765765765766	6	1.1161630144178387	1.3499500883795884e-09	2
6283185.307179586	1629.2292292292293	5	0.053330776337552344	-1.8238890844470494e-09	1
6283185.307179586	1698.7987987987988	6	1.190265527519887	-1.6328198241674312e-09	1
6283185.307179586	1051.801801801802	6	1.4853872856414836	5.142927199527361e-10	1
6283185.307179586	1295.2952952952953	5	-0.6221136140118595	2.327884926416696e-10	2
6283185.307179586	4279.82982982983	8	-0.4412160116926054	-1.369852477666814e-09	1
6283185.307179586	2505.805805805806	8	-1.3149492719564613	-4.905126150412955e-10	2
6283185.307179586	2749.2992992992995	1	-0.0016756181446440088	1.1888661055777966e-09	1
6283185.307179586	2352.7527527527527	4	-0.6310646156035902	-1.5558308597929518e-09	1
6283185.307179586	1914.4644644644645	4	-1.559831787979094	6.988921497143705e-10	1
6283185.307179586	2554.5045045045044	6	0.28351831429551844	1.0460496569943717e-09	1
6283185.307179586	2498.848848848849	6	1.1198309748008435	-3.5040974426161954e-10	2
6283185.307179586	1865.7657657657658	8	0.143594666453573	3.5821552438494474e-10	2
6283185.307179586	1121.3713713713714	5	0.01702489004558383	1.840134402936761e-11	1
6283185.307179586	2025.7757757757759	1	0.28124951004315113	8.601136752433981e-10	1
6283185.307179586	2596.2462462462463	4	-1.0904430601152064	8.29166657512653e-10	1
6283185.307179586	1768.3683683683685	4	1.2967473256943252	2.7810790557671783e-10	2
6283185.307179586	794.3943943943945	2	0.8515177516091628	7.844472639615134e-10	1
6283185.307179586	3451.951951951952	4	-1.1919728262222646	-1.8339243901714807e-09	1
6283185.307179586	780.4804804804805	1	0.5814423107014268	-8.181262556248741e-10	2
6283185.307179586	2290.1401401401404	3	1.3205011535362177	-1.3495564596990862e-09	1
6283185.307179586	850.0500500500501	3	-0.39497352096563976	-1.4713846254288617e-09	1
6283185.307179586	836.1361361361362	4	0.3341810861610035	7.914550391262705e-11	1
6283185.307179586	1420.5205205205204	2	-0.9029525346465432	-1.0517631696467432e-09	1
6283185.307179586	2436.2362362362364	6	-1.0598388801258547	-6.154424362801146e-10	1
6283185.307179586	1935.3353353353355	7	1.4989672577324482	-1.401699131188538e-09	2
6283185.307179586	2004.904904904905	1	0.7748064101200072	3.7999514031503524e-11	2
6283185.307179586	2902.352352352352	7	0.5596866749296376	-2.54286945200933e-10	1
6283185.307179586	1337.0370370370372	3	-0.3531687909099619	-1.7310164354868488e-09	1
6283185.307179586	1142.2422422422424	1	1.0615043734909682	1.4474783084749426e-09	1
6283185.307179586	1086.5865865865867	7	0.6377165003596743	6.778146890850507e-10	2
6283185.307179586	2436.2362362362364	7	-0.543159431027743	-1.23684534477494e-09	1
6283185.307179586	2554.5045045045044	1	-1.233711502420396	-1.9962291849074375e-09	0
6283185.307179586	1086.5865865865867	5	-0.9729170479431223	1.257902411787549e-09	1
6283185.307179586	1990.9909909909911	4	-0.6104154093169455	-5.25253542735463e-10	1
6283185.307179586	1921.4214214214214	8	0.5773936205703638	4.724638628005607e-10	2
6283185.307179586	3104.1041041041044	6	-0.11148993386950434	-1.202571939525711e-09	1
6283185.307179586	1357.9079079079079	5	1.3350014961428407	1.33594478352264e-09	1
6283185.307179586	1128.3283283283283	2	1.0342185593375017	2.3375583262552344e-10	2
6283185.307179586	1858.8088088088089	3	-0.8504292367315949	4.178765239423602e-10	1
6283185.307179586	3291.941941941942	1	1.3218291535603441	2.1069691501353073e-10	1
6283185.307179586	2067.5175175175173	2	-0.862482127239883	4.1252890022491173e-10	1
6283185.307179586	1378.7787787787788	5	1.2576586451526608	-4.426194909218757e-10	2
6283185.307179586	2658.858858858859	2	0.40921794037744563	-1.9045612665790655e-09	1
6283185.307179586	1197.897897897898	6	0.36167872598444584	-1.8612897514206842e-09	1
6283185.307179586	1705.755755755756	3	0.4673928076672822	-1.1557251065135818e-09	1
6283185.307179586	1239.6396396396397	1	0.7715333053568281	1.6639664267117834e-09	1
6283185.307179586	2582.3323323323325	8	0.21988769508300376	1.451282489076812e-09	1
6283185.307179586	1100.5005005005005	8	1.3710625334035194	1.349222584201627e-09	1
6283185.307179586	2095.3453453453453	8	-0.8237064578553265	-3.467738840522339e-10	2
6283185.307179586	2888.4384384384384	2	0.6690034384697441	-1.1317776053874414e-10	1
6283185.307179586	738.7387387387388	4	0.6823417729055623	-1.3272022397897218e-09	1
6283185.307179586	1281.3813813813815	4	-0.8671479407057346	-1.5056947025390347e-09	1
6283185.307179586	2359.70970970971	7	-0.20279286716328015	5.832932877896985e-10	1
6283185.307179586	1044.8448448448448	7	1.2754542259043053	1.887502847661731e-09	1
6283185.307179586	1378.7787787787788	6	-1.1384193007865036	1.1725687593417376e-09	2
6283185.307179586	2603.2032032032034	3	0.6036306516369963	-1.3484971465377168e-09	1
6283185.307179586	1538.788788788789	1	1.5454700789571931	8.086340618941814e-10	1
6283185.307179586	1733.5835835835837	2	-0.6237648230013491	6.871527915089341e-10	1
6283185.307179586	1538.788788788789	7	-0.642894990064663	-6.887758242446839e-10	1
6283185.307179586	571.7717717717718	7	0.6303194636874161	1.6820998802196778e-09	2
6283185.307179586	2331.881881881882	3	0.4258526205669928	4.503894956211887e-11	2
6283185.307179586	2352.7527527527527	4	0.8274896290638081	-6.839074436539332e-10	1
6283185.307179586	1253.5535535535537	1	0.7888812958410818	-8.780820038532494e-10	1
6283185.307179586	2415.3653653653655	2	0.1307877465875178	-8.334167156978887e-10	1
6283185.307179586	2450.1501501501502	7	-0.21508912078936304	-1.9142289573392646e-09	1
6283185.307179586	1650.1001001001002	1	-0.6830270297136284	-5.967751420378429e-10	1
6283185.307179586	1587.4874874874874	3	-1.189530207431283	1.8054896173777151e-09	1
6283185.307179586	648.2982982982983	5	-1.1193407118542396	1.7266799513793721e-09	1
6283185.307179586	1538.788788788789	2	0.8957530853813753	-1.5851926061361864e-09	1
6283185.307179586	3083.2332332332335	3	-0.2553726309948512	-1.321048563611743e-09	1
6283185.307179586	1712.7127127127128	2	0.5990848078554869	2.635083974834415e-10	1
6283185.307179586	1177.027027027027	7	-0.9205192353149834	7.749492487200272e-11	1
6283185.307179586	1253.5535535535537	8	-1.085358142676275	1.5723048826336118e-09	1
6283185.307179586	2992.792792792793	5	0.1520670102232149	-1.4368876965658001e-09	1
6283185.307179586	1490.0900900900901	5	-0.21269801271404254	1.6888328552671056e-11	1
6283185.307179586	2304.054054054054	5	-0.4172089722009489	-1.8183204725434412e-09	1
6283185.307179586	1163.113113113113	7	0.14589430882595766	-9.821949236898582e-10	1
6283185.307179586	2637.987987987988	1	0.7272822367895664	7.583824164226093e-10	1
6283185.307179586	4871.171171171171	1	0.39023703590463055	-1.1891518396338966e-09	1
6283185.307179586	2895.3953953953956	8	0.24692999889949818	1.6552016248116244e-09	1
6283185.307179586	2345.795795795796	3	-1.5041009843869075	5.84447586346441e-10	2
6283185.307179586	1817.0670670670672	4	0.7418959078147136	-1.3854621421147262e-09	1
6283185.307179586	1622.2722722722724	7	-0.30108130248252296	8.976226250358323e-10	1
6283185.307179586	488.2882882882883	8	-0.19427496966209468	3.1872718942693826e-10	1
6283185.307179586	2561.4614614614616	1	-0.6186279143125366	-3.70927737304136e-10	2
6283185.307179586	2422.322322322322	4	-1.0725731914203118	1.444691619585056e-10	2
6283185.307179586	1455.3053053053054	3	0.9667355470119081	9.365685532361098e-10	1
6283185.307179586	1907.5075075075076	6	-0.7639134087845458	8.907025227887603e-10	1
6283185.307179586	1142.2422422422424	8	0.1407736454986972	9.739364805207057e-10	1
6283185.307179586	2498.848848848849	1	0.2858770867414726	7.129243280442192e-10	1
6283185.307179586	1149.1991991991993	7	-1.277500933757842	3.8945702626557796e-10	2
6283185.307179586	2895.3953953953956	7	-0.03725547000632323	-5.140495410108734e-10	1
6283185.307179586	2185.7857857857857	4	0.5814231934502114	5.971574744064984e-10	1
6283185.307179586	1580.5305305305305	3	1.2817729250115963	-8.737585055495064e-10	1
6283185.307179586	1003.1031031031031	4	0.795664677459341	-1.8805144803082135e-09	1
6283185.307179586	2011.8618618618618	2	-1.004394156797881	-1.3730814143125841e-10	1
6283185.307179586	2081.4314314314315	7	0.6221727854342523	1.6396580390448761e-09	1
6283185.307179586	1879.6796796796798	1	0.012677902078259473	1.5227979062146302e-09	1
6283185.307179586	606.5565565565565	1	1.1479281873976404	-1.1458475199014582e-09	2
6283185.307179586	2512.762762762763	2	0.7136935784155907	-4.782112235040295e-10	1
6283185.307179586	1865.7657657657658	7	0.13693461452477407	7.401542225446768e-10	1
6283185.307179586	1448.3483483483483	1	-0.4446388343721108	-1.8897135849660676e-09	1
6283185.307179586	2185.7857857857857	4	-0.44076790632799634	1.1568560713246112e-09	1
6283185.307179586	1817.0670670670672	8	-1.1478048915404555	-2.2951729148253014e-10	2
6283185.307179586	2067.5175175175173	6	1.0566087520380059	-7.383956443508177e-10	2
6283185.307179586	738.7387387387388	4	0.2863922345181953	-3.5170454948061013e-10	2
6283185.307179586	3451.951951951952	4	-0.33374294435576024	5.409805293201825e-10	1
6283185.307179586	1399.6496496496497	8	0.7144718087608473	7.816007680640109e-10	2
6283185.307179586	2846.6966966966966	6	0.22353079423958833	1.5741314084488905e-09	1
6283185.307179586	1510.960960960961	4	0.5065133841247107	-1.1693442390364896e-09	1
6283185.307179586	1510.960960960961	7	0.6004328333174271	1.3628666362008006e-09	1
6283185.307179586	2686.6866866866867	8	0.9602808562800558	-6.43127498530189e-11	2
6283185.307179586	2665.8158158158158	5	-0.7333056636205578	-9.074067693819105e-10	1
6283185.307179586	1385.7357357357357	8	-1.1100099352965749	-1.899166614795623e-09	1
6283185.307179586	2714.5145145145148	3	0.5607304670868389	-1.1100962640628938e-09	1
6283185.307179586	2262.3123123123123	7	0.7553521012476061	-9.69076936094758e-10	1
6283185.307179586	3159.75975975976	4	-0.3741919427197573	6.36651078563584e-10	1
6283185.307179586	1413.5635635635635	1	0.5577186033203554	5.745353832708666e-10	1
6283185.307179586	690.04004004004	3	1.0936437188653132	1.6550988831429598e-10	2
6283185.307179586	425.6756756756757	8	-0.25147903769649615	1.0765213771766616e-10	1
6283185.307179586	2436.2362362362364	4	0.9347992645858008	-6.491892847564209e-10	1
6283185.307179586	1643.143143143143	6	1.1744247308321296	-1.020812458796347e-09	2
6283185.307179586	2533.6336336336335	5	1.0987636599503778	5.685379142415305e-10	2
6283185.307179586	1963.1631631631633	7	0.9836160303974628	-7.127695541155706e-10	1
6283185.307179586	1872.7227227227227	4	1.4508340185560362	3.322518561196469e-10	1
6283185.307179586	2832.7827827827828	3	-1.3616630426143788	4.816795517373264e-10	2
6283185.307179586	1448.3483483483483	6	-0.2371296911796763	-1.1686121975913944e-09	1
6283185.307179586	717.8678678678679	5	-0.8994339776054394	-4.195325689493919e-10	2
6283185.307179586	634.3843843843844	7	0.8266647354332912	4.933356909254508e-11	2
6283185.307179586	2526.676676676677	4	-0.2948566235569481	-4.701255916674835e-11	2
6283185.307179586	3264.1141141141143	5	-1.1696454123518178	9.92259666505068e-10	1
6283185.307179586	2171.871871871872	2	-1.4170517016370598	-1.2911225444536832e-09	2
6283185.307179586	759.6096096096096	2	0.738067811935414	-6.170857957391533e-10	2
6283185.307179586	2130.13013013013	4	0.5679170865118448	-9.78797571558911e-10	1
6283185.307179586	1309.2092092092093	3	-0.47316102068245636	-1.5257319878951713e-10	1
6283185.307179586	1643.143143143143	5	-0.6680355280364495	6.667798632760044e-10	1
6283185.307179586	1684.884884884885	8	-0.3020758414180962	7.094891164121182e-10	1
6283185.307179586	370.02002002002	3	-1.430372529298431	-6.253085540845574e-10	2
6283185.307179586	641.3413413413414	2	1.265807815329849	1.1883977835318906e-09	1
6283185.307179586	2533.6336336336335	5	0.6595337469348226	-5.301030848955635e-10	1
6283185.307179586	1893.5935935935936	5	-0.369296213674966	1.2652592953213912e-09	1
6283185.307179586	1079.6296296296296	2	-0.3856275601436052	-1.8657836819817403e-09	1
6283185.307179586	2095.3453453453453	6	-0.6343616044669654	-1.0581438517321363e-09	1
6283185.307179586	2046.6466466466468	8	-0.18389525795778416	-1.6673764355423214e-09	1
6283185.307179586	189.13913913913913	4	-0.9274186560305204	1.615660642027395e-09	1
6283185.307179586	1413.5635635635635	1	0.6959492104785281	4.553514329919396e-10	1
6283185.307179586	1350.950950950951	8	0.5536473779710516	1.2371798591033013e-09	1
6283185.307179586	1573.5735735735736	8	-1.4624257281547923	-1.5007844918153176e-10	2
6283185.307179586	2060.5605605605606	6	-1.4882419578957464	1.2404177331591287e-10	1
6283185.307179586	1399.6496496496497	5	-0.20113692739158906	-1.0104155270026822e-10	2
6283185.307179586	2304.054054054054	2	-0.13920186768410625	1.1962965758395952e-09	1
6283185.307179586	3305.855855855856	1	0.517836502991118	-3.885741590777157e-10	2
6283185.307179586	1580.5305305305305	5	-0.14096634186538526	5.275707430598983e-10	1
6283185.307179586	919.6196196196197	1	-1.0323128493256188	-3.0024291106710324e-11	1
6283185.307179586	2324.924924924925	5	-0.17720907285288212	1.918142729815427e-09	1
6283185.307179586	2338.838838838839	8	0.5300222629425906	1.6521190124514194e-09	1
6283185.307179586	808.3083083083084	8	1.2029529823896978	1.3062280410996021e-09	1
6283185.307179586	1218.7687687687687	4	-1.0094023413835471	-1.1788586211016262e-10	1
6283185.307179586	717.8678678678679	4	1.1778184066108586	4.088273850671666e-11	2
6283185.307179586	2582.3323323323325	1	0.7112538968847288	9.721621601776215e-10	1
6283185.307179586	1517.917917917918	5	1.1653681487584149	-1.2909719300282766e-09	1
6283185.307179586	1552.7027027027027	7	-0.8172714457520279	5.826665942593609e-10	2
6283185.307179586	3222.3723723723724	2	0.718274335196218	-2.824876820867299e-10	2
6283185.307179586	794.3943943943945	5	-1.4228077922486757	6.81946040640047e-11	2
6283185.307179586	2700.6006006006005	2	0.3847925939268799	-6.519473548162539e-10	1
6283185.307179586	4606.806806806807	1	1.564574151134888	-1.3088408164621243e-09	2
6283185.307179586	1865.7657657657658	1	-0.3846588929648844	1.7333920095735007e-09	1
6283185.307179586	2151.001001001001	1	-0.45174145709991187	1.8453821750725292e-09	1
6283185.307179586	2276.226226226226	6	-0.3074557955419477	1.0853394619564554e-09	1
6283185.307179586	2366.6666666666665	4	-1.0093304669764467	-9.58525439569844e-10	1
6283185.307179586	1309.2092092092093	7	0.13002507056618007	5.17092965848166e-10	2
6283185.307179586	2415.3653653653655	1	0.7600667012100257	5.854306284087148e-10	1
6283185.307179586	1211.8118118118118	8	-0.06736772579457373	-5.853529615443295e-10	1
6283185.307179586	1789.2392392392394	1	-0.8580197114901957	-6.960731644887577e-11	1
6283185.307179586	2491.891891891892	8	0.4008747447614349	-1.3013835947144021e-09	1
6283185.307179586	2658.858858858859	5	-0.00704482616758062	7.179485878185238e-10	1
6283185.307179586	1246.5965965965966	5	-1.203984856654609	2.8183389149279983e-10	1
6283185.307179586	2199.6996996997	3	-1.3914443479157121	-1.5594372010814564e-09	2
6283185.307179586	2784.084084084084	5	-0.6400041008522055	1.895474918217611e-09	1
6283185.307179586	1865.7657657657658	2	1.111241118086859	1.6906645843230082e-09	0
6283185.307179586	1204.854854854855	7	0.9125659065214013	-7.039045086509485e-10	1
6283185.307179586	2770.1701701701704	8	-0.6922637720979242	-1.1990946224477967e-09	1
6283185.307179586	1288.3383383383384	7	-0.37389089620424043	-1.7935420893551327e-09	1
6283185.307179586	2248.3983983983985	5	-1.2815135528467363	1.7170263103779844e-09	1
6283185.307179586	2610.16016016016	6	0.8089722927405663	-6.967137731686291e-10	1
6283185.307179586	1608.3583583583584	3	-0.6675419175212638	-1.6966610689918933e-10	2
6283185.307179586	2617.1171171171172	2	0.2821275977566755	-9.393438143633519e-10	1
6283185.307179586	2401.4514514514517	3	0.33015908434253705	1.2349223869491691e-09	1
6283185.307179586	1239.6396396396397	8	-0.9690287227682866	-1.470271218033631e-09	1
6283185.307179586	1935.3353353353355	6	-0.7097714710451298	-1.4394255098342246e-09	1
6283185.307179586	1483.1331331331332	8	1.0478141330860695	-1.7670893969816965e-09	1
6283185.307179586	2039.6896896896897	2	0.9346893053963181	-1.2451877052879188e-09	1
6283185.307179586	1204.854854854855	4	0.9038612563146695	1.9928607831354168e-09	1
6283185.307179586	2011.8618618618618	2	0.843398717161941	-1.4729652630251003e-09	1
6283185.307179586	1587.4874874874874	2	-1.5264833391283599	-4.844782457426664e-10	1
6283185.307179586	1246.5965965965966	3	-0.683422507342424	1.3656827460060877e-09	1
6283185.307179586	2248.3983983983985	8	-0.6164665815409323	1.5320246524992676e-09	1
6283185.307179586	933.5335335335336	3	-0.517676332140848	1.7859618858397864e-09	1
6283185.307179586	1705.755755755756	5	0.3589832767349057	1.7449133216458245e-09	1
6283185.307179586	891.7917917917919	1	-0.24611070798767165	1.914108813797428e-09	1
6283185.307179586	1733.5835835835837	8	-0.2543927686584304	1.6389385806218409e-09	1
6283185.307179586	2144.0440440440443	1	-0.7511459553029137	-1.2777435854288424e-09	1
6283185.307179586	1427.4774774774776	3	-0.91315373613168	7.296054825408598e-10	1
6283185.307179586	1907.5075075075076	3	1.0674603780920688	-1.7775698642078586e-09	1
6283185.307179586	780.4804804804805	1	0.8925470201419494	1.0201311335894346e-09	1
6283185.307179586	1608.3583583583584	1	-0.7222988391418168	3.6578841230978687e-10	2
6283185.307179586	989.1891891891892	8	1.3254088461697662	1.0342015927329727e-09	1
6283185.307179586	1858.8088088088089	4	-1.3403246313378094	-1.2854032235949325e-09	2
6283185.307179586	2283.1831831831832	6	-1.4617311774429766	-1.2815965785670637e-09	2
6283185.307179586	1740.5405405405406	3	1.2557796241793007	-1.7736565800519514e-09	1
6283185.307179586	1719.6696696696697	4	1.036561096065037	-9.721063358801462e-10	1
6283185.307179586	738.7387387387388	6	-0.08800393684920715	-1.4085696526430757e-09	1
6283185.307179586	2777.127127127127	5	-1.2702189772298265	3.909915769203273e-10	2
6283185.307179586	1538.788788788789	4	1.0850857254601713	1.0953975555167742e-09	1
6283185.307179586	2617.1171171171172	4	-1.5671506889186746	1.2429125806291934e-09	1
6283185.307179586	1719.6696696696697	8	1.1811466463930156	4.117356312191404e-10	1
6283185.307179586	724.8248248248249	8	-0.09207325395567634	-1.0189707128563784e-09	1
6283185.307179586	961.3613613613613	8	-0.2666381489112213	8.23457057591531e-10	2
6283185.307179586	1183.983983983984	7	0.8616382663648872	-1.0259137303660966e-10	2
6283185.307179586	1824.0240240240241	2	0.17891312624690925	1.925783659201929e-09	1
6283185.307179586	2137.087087087087	6	1.2102366429376095	1.565456421838154e-10	2
6283185.307179586	1810.11011011011	5	0.8268735378726939	5.364289119729845e-10	1
6283185.307179586	3980.680680680681	8	1.1630084253845347	5.978599691678202e-10	2
6283185.307179586	1844.8948948948948	1	-0.18617004674001159	1.956519332628299e-09	1
6283185.307179586	2971.921921921922	3	0.7457056479480069	1.770159445162447e-09	1
6283185.307179586	1851.851851851852	8	1.561896040430593	1.2310327696038861e-10	1
6283185.307179586	2213.613613613614	3	0.4847645615224141	-1.6535495954808789e-09	1
6283185.307179586	1594.4444444444446	1	1.212472522299695	1.3264982920311527e-09	1
6283185.307179586	2658.858858858859	8	-0.1292061659902517	-1.8104591472277953e-09	1
6283185.307179586	1872.7227227227227	7	-0.030404390279242133	1.538761528540651e-09	1
6283185.307179586	2123.1731731731734	1	-1.3499187584312993	1.5856723931834754e-09	2
6283185.307179586	1865.7657657657658	7	0.8602149597258131	-6.722850573862901e-10	1
6283185.307179586	2074.474474474475	6	-0.5352584212574791	-1.8020844533022796e-09	1
6283185.307179586	2408.4084084084084	6	0.8312317328624768	5.930934138457593e-10	1
6283185.307179586	1510.960960960961	3	0.8810803007902734	-1.9709384308041226e-10	2
6283185.307179586	592.6426426426426	3	-0.17389277950066018	-1.4040220711345363e-09	1
6283185.307179586	613.5135135135135	1	-0.9404900515247183	1.56846938730009e-09	1
6283185.307179586	2651.901901901902	4	-1.2931940654596783	1.3513436753432844e-09	1
6283185.307179586	1629.2292292292293	4	-0.6691772303241899	-9.41945532416392e-11	1
6283185.307179586	2185.7857857857857	6	-0.5683041185747715	-1.8928231750430513e-09	1
6283185.307179586	1309.2092092092093	1	0.604223587918955	1.4933562858033956e-09	1
6283185.307179586	1274.4244244244244	7	0.4998634422566619	9.615401702436383e-10	1
6283185.307179586	2624.0740740740744	3	1.11513445481507	5.209687230541293e-11	2
6283185.307179586	1323.1231231231232	5	-0.5888510846757592	-1.2857802857472156e-09	1
6283185.307179586	752.6526526526527	3	-0.6532427664402243	-1.185343352006024e-09	1
6283185.307179586	2227.5275275275276	5	-0.8863466857960455	1.199916631603757e-09	1
6283185.307179586	1684.884884884885	3	-1.4277136276614166	-4.1368342013518375e-11	2
6283185.307179586	2317.967967967968	6	1.3724428184153177	1.4650300446845575e-09	2
6283185.307179586	1343.993993993994	1	0.5670030154310743	1.5347791858785423e-10	2
6283185.307179586	1698.7987987987988	7	0.3455225662609305	-4.3935259126052016e-10	1
6283185.307179586	2025.7757757757759	1	1.5207660513298573	-6.186516012283297e-10	2
6283185.307179586	2123.1731731731734	2	-1.3319400515809654	-9.49574442343677e-10	1
6283185.307179586	1462.2622622622623	3	-0.40058559957778783	-9.632142667223099e-10	1
6283185.307179586	1726.6266266266266	6	-0.9386263852786468	-8.69631854690965e-11	2
6283185.307179586	3347.5975975975975	3	-1.3137233504968209	-5.118903403046136e-10	2
6283185.307179586	1350.950950950951	7	0.14110321228227907	1.433759996200181e-09	1
6283185.307179586	2297.097097097097	8	1.100889047712331	8.60598692101774e-11	2
6283185.307179586	3034.5345345345345	5	-0.09214521016557997	-8.901160529250213e-10	1
6283185.307179586	2999.7497497497498	1	0.8190848310001981	1.1469476042225433e-09	1
6283185.307179586	1135.2852852852852	3	1.0739270417795344	-1.045404095357507e-09	1
6283185.307179586	1225.7257257257259	5	0.6681913292744559	-1.582359570819247e-09	1
6283185.307179586	1636.1861861861862	1	-1.552457496848391	-1.1927430940992535e-09	1
6283185.307179586	550.900900900901	7	0.5968559328735057	-9.84565724431537e-10	1
6283185.307179586	1218.7687687687687	6	0.35733561608125397	1.1514519102555316e-09	1
6283185.307179586	2241.4414414414414	8	-0.39941285627306766	8.237197898120772e-10	1
6283185.307179586	912.6626626626627	6	-0.43503981977947315	-1.1023966677536212e-09	1
6283185.307179586	724.8248248248249	1	0.41120178968285015	1.7234470835127305e-09	1
6283185.307179586	2533.6336336336335	7	-1.2722154544752917	1.544015649031221e-09	1
6283185.307179586	1977.077077077077	3	1.0561792396812972	4.433370699646647e-10	2
6283185.307179586	1316.1661661661662	4	0.9802457296114087	1.0789118119371887e-09	1
6283185.307179586	822.2222222222223	7	0.42607999094796023	-7.997850549114977e-10	1
6283185.307179586	1907.5075075075076	6	0.7939555096737432	4.862062744010408e-10	2
6283185.307179586	1350.950950950951	1	-1.5242417248842242	1.9775241708412826e-09	2
6283185.307179586	1851.851851851852	1	-1.0245593279775553	-1.0780614266371513e-09	1
6283185.307179586	2728.4284284284286	4	-1.4880899133878633	4.969870394229361e-10	2
6283185.307179586	1824.0240240240241	4	-0.915142369998399	-8.871500227453453e-10	1
6283185.307179586	1330.08008008008	7	-0.7742801827400194	-1.3425714685115881e-09	1
6283185.307179586	1197.897897897898	4	-0.648649026061279	-2.752632735440477e-10	1
6283185.307179586	2554.5045045045044	1	1.1566738816474396	9.094574872537774e-10	1
6283185.307179586	1190.940940940941	2	-0.41563269995556884	3.1958188637922717e-10	2
6283185.307179586	1636.1861861861862	2	0.8740580066889958	-1.3635784094938398e-09	1
6283185.307179586	2860.610610610611	5	-0.646746125549288	1.6493581225877685e-09	1
6283185.307179586	2199.6996996997	5	0.41586874820222364	4.773080965512153e-10	1
6283185.307179586	1559.6596596596596	7	0.7969503382686729	-5.885210782675176e-10	1
6283185.307179586	2693.643643643644	6	-0.52770498854231	1.2168591995218553e-09	1
6283185.307179586	1524.8748748748749	3	-1.1549726227919426	-1.4369229879249909e-09	1
6283185.307179586	2777.127127127127	8	0.18779844049575867	9.743099600435477e-10	1
6283185.307179586	1705.755755755756	5	0.3145243455736366	1.996789936057817e-09	1
6283185.307179586	1197.897897897898	3	0.30219316984300226	-5.020262277082503e-10	2
6283185.307179586	1044.8448448448448	7	0.3079063387473242	1.0522143585138646e-10	1
6283185.307179586	2095.3453453453453	6	-0.8610098372854741	-3.178871315788188e-10	1
6283185.307179586	1615.3153153153153	5	1.222465397600614	1.0300378483970576e-09	1
6283185.307179586	2637.987987987988	1	-1.1854966100496078	-4.928654072278715e-10	2
6283185.307179586	2074.474474474475	5	-0.3547745183433755	-1.2592527872451304e-09	1
6283185.307179586	1295.2952952952953	7	-0.10561599797491761	6.614742504251112e-12	2
6283185.307179586	1114.4144144144145	2	0.0964852200971349	1.8917685390980423e-09	1
6283185.307179586	1664.014014014014	8	-1.3543566047833153	1.4794379436036425e-09	2
6283185.307179586	1559.6596596596596	2	0.8668229996283037	-1.362635752205302e-09	0
6283185.307179586	1427.4774774774776	7	0.4972471426358882	1.4128510744253937e-09	1
6283185.307179586	1392.6926926926926	7	0.7162573010074067	1.2711857823764596e-10	2
6283185.307179586	1629.2292292292293	5	0.18549664143284295	-1.6780940134920383e-10	1
6283185.307179586	1225.7257257257259	3	0.9318830825407329	1.569367707233673e-09	1
6283185.307179586	1615.3153153153153	8	-1.3650400200728443	-6.730312350536107e-10	2
6283185.307179586	1789.2392392392394	6	1.3237998386975094	-1.327164222988465e-09	1
6283185.307179586	1907.5075075075076	3	-0.5354963702276361	6.96896523886201e-10	1
6283185.307179586	1963.1631631631633	1	-1.3151019838340896	8.148124433095708e-10	2
6283185.307179586	4572.022022022022	6	1.2203279666545148	-6.863140599229065e-10	1
6283185.307179586	1963.1631631631633	6	0.7734267731653741	1.933616046732959e-09	1
6283185.307179586	1636.1861861861862	6	1.2661033654326679	-1.9977008612451425e-09	1
6283185.307179586	2519.7197197197197	2	1.3835465332590555	-1.7482229424064291e-09	1
6283185.307179586	2693.643643643644	8	0.11158146496867882	4.1690699378127915e-10	1
6283185.307179586	2651.901901901902	1	-0.9574973745813722	7.856394089350366e-10	1
6283185.307179586	1622.2722722722724	2	-1.0248883907222361	8.990953135749533e-10	1
6283185.307179586	3048.4484484484487	7	1.161175324699201	-2.91225917076075e-10	2
6283185.307179586	2366.6666666666665	8	-0.19668826227358993	-6.088354177583712e-10	1
6283185.307179586	696.996996996997	5	1.092197552806328	6.593810319024675e-10	1
6283185.307179586	2046.6466466466468	1	-0.30815133715126053	5.605524898192414e-10	1
6283185.307179586	3027.577577577578	6	-1.136090471784029	-1.3641180280661565e-10	1
6283185.307179586	1100.5005005005005	7	0.3132015816459348	1.5790781745448142e-09	1
6283185.307179586	1392.6926926926926	6	-0.021898040595015766	-2.9756429925940956e-10	2
6283185.307179586	752.6526526526527	1	0.5926597457112353	3.7031289026590257e-10	1
6283185.307179586	2958.008008008008	1	0.47871735486588696	7.338214650837066e-10	1
6283185.307179586	3451.951951951952	7	0.1729201627083825	-1.2627560216731952e-09	1
6283185.307179586	857.007007007007	7	-1.327993638723319	1.337423469379816e-10	1
6283185.307179586	2818.868868868869	3	0.7635066211634771	4.949717910236554e-10	1
6283185.307179586	2951.051051051051	8	-0.7638356593261411	-4.63354730713549e-10	1
6283185.307179586	1183.983983983984	8	-1.222969767043527	9.071213572583288e-11	2
6283185.307179586	1935.3353353353355	1	-1.3960105166911045	-1.3546117342166464e-09	2
6283185.307179586	766.5665665665666	5	0.44410674703356845	-1.4798996493963518e-09	1
6283185.307179586	1385.7357357357357	3	0.6804872168836016	-9.342227062224727e-10	1
6283185.307179586	2916.2662662662665	2	0.050809516613632866	-1.966578015528888e-09	1
6283185.307179586	1942.2922922922924	2	-0.991090409429006	-2.5407955405156774e-10	2
6283185.307179586	919.6196196196197	8	0.00586194862742917	8.90660531912339e-10	1
6283185.307179586	1830.980980980981	7	-1.1731350860930214	-1.1947222207236438e-09	1
6283185.307179586	2373.6236236236236	2	-1.1956561282594231	4.4705217158616967e-11	2
6283185.307179586	1462.2622622622623	4	-0.14620890988278568	-6.689163153369276e-10	1
6283185.307179586	1719.6696696696697	7	1.3721595315811168	4.509358241458223e-10	1
6283185.307179586	1664.014014014014	7	0.5833838015156569	-2.8826404202472576e-10	2
6283185.307179586	2199.6996996997	4	-0.4150050631879443	1.6039443884416075e-09	1
6283185.307179586	3006.706706706707	6	0.4884199546270587	-1.6366388787251358e-09	1
6283185.307179586	2199.6996996997	3	-1.0610105517918003	1.1535932117476986e-09	1
6283185.307179586	3166.7167167167167	7	-1.2002676828667984	6.003510385066151e-10	1
6283185.307179586	1629.2292292292293	6	-1.093035247491916	1.951091603028953e-09	0
6283185.307179586	2213.613613613614	1	1.3485186279180557	1.8968776414354057e-09	1
6283185.307179586	2373.6236236236236	6	-1.0840261836572966	-1.2891990207457883e-09	1
6283185.307179586	1483.1331331331332	6	1.4488374390465828	2.4561194157301784e-10	1
6283185.307179586	1893.5935935935936	3	-0.22553326306748578	4.746247918515873e-10	1
6283185.307179586	2304.054054054054	4	0.8457556266059383	4.168645207010786e-10	2
6283185.307179586	3382.3823823823823	6	-0.4344599306789523	-4.780028418130923e-10	1
6283185.307179586	1385.7357357357357	4	0.3142543349670732	9.153288503910592e-10	1
6283185.307179586	3298.898898898899	1	0.1524131632668737	1.3443601950725357e-09	1
6283185.307179586	1017.017017017017	7	-0.7755480692521113	-1.124968377485909e-09	1
6283185.307179586	1455.3053053053054	4	-1.4259719001931284	-7.476747057029254e-10	1
6283185.307179586	1142.2422422422424	6	-0.46831911923372727	-1.6467952336610156e-09	1
6283185.307179586	1330.08008008008	6	-0.2956570537302752	-1.7260740004298767e-09	1
6283185.307179586	571.7717717717718	1	-0.27894817664407356	2.1813456759159565e-10	1
6283185.307179586	1093.5435435435436	1	-0.0016733045975489969	1.893059847853045e-09	1
6283185.307179586	2617.1171171171172	4	-1.4545622211711702	-1.6049257320742207e-09	1
6283185.307179586	3222.3723723723724	4	0.010774331414653116	1.1680818538788903e-09	1
6283185.307179586	2631.031031031031	8	-0.5726472247901028	1.2924693177997306e-10	2
6283185.307179586	641.3413413413414	6	1.4539102598559333	-3.695976911380569e-12	1
6283185.307179586	2213.613613613614	1	1.2721244269317373	4.663249252019706e-10	2
6283185.307179586	2832.7827827827828	3	1.3905189805807927	-6.28453357705673e-10	2
6283185.307179586	1677.927927927928	5	0.929841222993165	1.6284754475496486e-09	1
6283185.307179586	1267.4674674674675	8	0.4373935347465552	-1.5035341959617946e-09	1
6283185.307179586	2547.5475475475478	1	1.5199895091451814	-3.197875230468043e-11	2
6283185.307179586	1990.9909909909911	1	-0.5792635318469155	1.6840571342539354e-09	1
6283185.307179586	1406.6066066066066	6	-1.5595666761854305	-1.7594052806917158e-09	2
6283185.307179586	1316.1661661661662	2	1.001202222705731	1.3497258173219031e-09	1
6283185.307179586	2144.0440440440443	4	-0.4524108694673188	-7.381150053951728e-10	1
6283185.307179586	1949.2492492492493	2	-0.9089973999445117	3.559653713331734e-10	1
6283185.307179586	1858.8088088088089	8	-0.41643365843916325	1.142917122337909e-10	2
6283185.307179586	1211.8118118118118	7	-0.008026443901416602	1.6481445274022916e-09	1
6283185.307179586	1225.7257257257259	7	-0.40743413788021154	-1.0578921824619686e-09	1
6283185.307179586	2491.891891891892	1	-0.14622409311459328	-1.4635461676380737e-09	1
6283185.307179586	2610.16016016016	4	-1.4604881482165013	1.2892107553378963e-09	2
6283185.307179586	3514.5645645645645	7	-0.4333635824469313	-1.2342713986495238e-09	1
6283185.307179586	787.4374374374374	2	-0.8988488830900504	4.376382401399033e-10	1
6283185.307179586	1712.7127127127128	1	-0.7886238641767639	-1.1572447309774336e-09	1
6283185.307179586	2860.610610610611	7	-0.8377340816720692	-9.67784244750303e-11	2
6283185.307179586	1190.940940940941	2	0.28967901949606945	5.133821219165147e-10	1
6283185.307179586	1218.7687687687687	4	0.9968909473852587	-6.00141549863087e-10	1
6283185.307179586	1330.08008008008	3	0.2169905423750338	-1.5330896594359011e-09	1
6283185.307179586	822.2222222222223	1	0.056855205525703445	1.632496598689667e-09	1
6283185.307179586	850.0500500500501	7	0.15942664769182513	1.7036623490069608e-09	1
6283185.307179586	2074.474474474475	4	0.09122448001670014	2.9567717248000614e-10	2
6283185.307179586	1747.4974974974975	5	0.14740258358495528	1.199837508337253e-09	1
6283185.307179586	1782.2822822822823	3	1.5152073531902457	1.2359334049752727e-09	2
6283185.307179586	2164.914914914915	4	-1.5546057831660194	-5.367607733139463e-10	1
6283185.307179586	1824.0240240240241	5	-0.7009046102086444	6.404529896570816e-10	1
6283185.307179586	2408.4084084084084	6	-1.056347227965318	-7.045374986827752e-10	1
6283185.307179586	2457.1071071071074	3	-0.24623232922007543	2.3128604076207372e-10	1
6283185.307179586	1970.1201201201202	8	-1.486881254857726	-1.8725642910602022e-09	2
6283185.307179586	1775.3253253253254	4	-1.4152609609754494	1.209977378253743e-09	1
6283185.307179586	2157.957957957958	1	-0.5836697996831967	-9.279706141851231e-10	0
6283185.307179586	2533.6336336336335	3	-1.5582157874185785	1.974612731823299e-09	1
6283185.307179586	1824.0240240240241	4	0.28748092333404296	1.5214577515521005e-09	1
6283185.307179586	1114.4144144144145	2	-0.17261346635667096	-1.0230331425836245e-09	1
6283185.307179586	1552.7027027027027	6	0.09732376928789543	1.3974693309520066e-09	1
6283185.307179586	1872.7227227227227	6	-0.9482965670891585	1.637396453679817e-09	1
6283185.307179586	1476.176176176176	5	-0.26814024673602366	-6.026267419844387e-10	1
6283185.307179586	1636.1861861861862	5	0.7450715359737852	-1.4586304171639509e-09	1
6283185.307179586	2123.1731731731734	6	1.569749971675463	1.3229040396603525e-09	1
6283185.307179586	1754.4544544544544	4	-0.3152020274156533	7.366212570574188e-10	1
6283185.307179586	1337.0370370370372	3	1.499117884317398	-1.818208529519979e-09	2
6283185.307179586	1023.973973973974	3	-0.26410473741048013	-1.704544159847933e-09	1
6283185.307179586	1552.7027027027027	7	-0.966305449753295	1.872935576316328e-09	1
6283185.307179586	1253.5535535535537	2	-0.9877908871781547	1.0620975244273887e-09	1
6283185.307179586	1837.937937937938	6	-0.510608611910017	-1.6153837920013037e-09	1
6283185.307179586	2930.1801801801803	4	-1.386086846533525	-1.5165865357633709e-09	2
6283185.307179586	1629.2292292292293	5	-0.6390021600051652	1.5919825038430423e-09	1
6283185.307179586	1552.7027027027027	3	-0.13311756841030897	1.3182291808541111e-09	1
6283185.307179586	3048.4484484484487	2	-0.18943808555477082	-1.7118477772752733e-09	1
6283185.307179586	3243.2432432432433	6	-0.1435126481548572	1.318130837066815e-09	1
6283185.307179586	1316.1661661661662	8	1.321642489027199	6.690960595154681e-10	1
6283185.307179586	3493.6936936936936	4	1.1910560810157254	1.4010850390780216e-09	1
6283185.307179586	3514.5645645645645	2	-0.9832028361127315	1.8613682638158721e-09	1
6283185.307179586	1559.6596596596596	6	0.6581797991263425	-1.431847511821855e-09	1
6283185.307179586	1636.1861861861862	1	0.8477956969995368	1.4381938023021941e-10	2
6283185.307179586	3020.6206206206207	3	-1.5447884877670228	3.380165163050618e-10	1
6283185.307179586	2992.792792792793	6	-1.4762387685295661	-2.6147845601982276e-10	1
6283185.307179586	2568.4184184184187	7	1.0099824466737184	5.847104711767579e-10	2
6283185.307179586	898.7487487487488	3	-1.0984311775813336	-1.5479676286687438e-10	1
6283185.307179586	599.5995995995996	1	0.9292639006589924	1.789220244208608e-09	1
6283185.307179586	968.3183183183183	1	-0.22053409330585438	-1.1657431370099746e-09	1
6283185.307179586	1650.1001001001002	8	-1.3981198491677573	8.465716643462835e-10	2
6283185.307179586	961.3613613613613	4	-0.0053990385535140906	9.60578157639703e-10	1
6283185.307179586	2533.6336336336335	7	-0.5553209737854545	-1.791852544976153e-10	1
6283185.307179586	1448.3483483483483	5	0.003661201138908332	-1.4106219168464086e-09	1
6283185.307179586	2373.6236236236236	2	-0.0698475650912187	-1.1650661455365206e-09	1
6283185.307179586	2874.5245245245246	6	1.3650627912455549	1.7291851556592902e-09	1
6283185.307179586	1204.854854854855	6	0.2897266614769891	-9.238277509678352e-10	1
6283185.307179586	1782.2822822822823	4	-0.3354212863874473	1.7435359945097958e-09	1
6283185.307179586	3041.4914914914916	2	-0.5307926978016735	1.986103987804395e-09	1
6283185.307179586	2888.4384384384384	4	-0.8208282854027517	1.1685676149508957e-09	1
6283185.307179586	1761.4114114114116	4	0.0195902316198191	5.464787484761786e-10	1
6283185.307179586	1761.4114114114116	6	1.4446928440659952	-9.156726926768979e-10	1
6283185.307179586	3598.0480480480483	2	-0.5134162750611675	-1.754611131758869e-09	1
6283185.307179586	3639.7897897897897	3	-1.1249488753646695	-1.3794354219793355e-10	1
6283185.307179586	2025.7757757757759	5	1.3966255158773948	9.972391365169778e-10	2
6283185.307179586	3911.1111111111113	1	1.0308247934093724	1.477062577546192e-09	1
6283185.307179586	2046.6466466466468	7	-0.22525096599097183	-3.382778832507419e-11	1
6283185.307179586	2707.5575575575576	3	1.3007424690831528	1.9729678139226853e-09	1
6283185.307179586	516.1161161161161	6	-0.04347065994521104	1.8493462284023073e-09	1
6283185.307179586	2693.643643643644	3	0.725434362996408	1.4416272668773603e-09	1
6283185.307179586	996.1461461461462	5	1.5680209037678696	9.927480108519215e-10	1
6283185.307179586	822.2222222222223	7	0.733297604782881	5.687744664378502e-10	2
6283185.307179586	1636.1861861861862	4	-0.19142028467930716	1.745964305005974e-09	1
6283185.307179586	1330.08008008008	1	-1.331331251949213	1.5149655633998015e-09	2
6283185.307179586	1128.3283283283283	8	-0.8681137539752765	1.0267646707184223e-09	1
6283185.307179586	1817.0670670670672	1	1.5408578590880597	6.990255644308123e-10	2
6283185.307179586	1907.5075075075076	3	1.0240599789668092	5.636798663389713e-10	2
6283185.307179586	2227.5275275275276	2	1.0213958185977012	-4.233325179438369e-10	2
6283185.307179586	662.2122122122122	4	-0.8325315285470665	6.579156125684432e-10	2
6283185.307179586	1371.821821821822	8	-1.3209725549122144	-9.135801604448842e-10	1
6283185.307179586	1107.4574574574574	2	-0.03241047318093404	-1.5462841327075327e-09	1
6283185.307179586	1761.4114114114116	6	0.32386398360587565	9.174544045037024e-11	1
6283185.307179586	1434.4344344344345	7	-0.9676464388682142	-1.6314240299680556e-09	1
6283185.307179586	1935.3353353353355	3	0.38802254898514654	7.015848142340568e-10	1
6283185.307179586	1796.1961961961963	5	-0.14942918967677832	9.348745410002116e-10	1
6283185.307179586	2338.838838838839	5	0.6346961034403651	-5.594558793606441e-10	1
6283185.307179586	3396.2962962962965	1	0.7612699628433437	1.6268023499632191e-09	1
6283185.307179586	495.24524524524526	4	-0.7521690174617454	7.308442431174711e-10	2
6283185.307179586	2964.964964964965	1	-1.1868707404209244	3.979262770345985e-12	1
6283185.307179586	2255.3553553553556	6	0.0560302061661373	-1.2267012477741375e-09	1
6283185.307179586	1907.5075075075076	4	0.8658614779674791	7.068304122675391e-10	1
6283185.307179586	773.5235235235235	8	0.0847807037821684	-8.335272584742777e-10	1
6283185.307179586	2032.7327327327328	7	-0.2853609183666801	-1.8443071929771309e-09	1
6283185.307179586	1107.4574574574574	2	-0.4795834267678072	2.206866686839199e-11	2
6283185.307179586	2714.5145145145148	8	-0.2033148509322169	-6.191158657714118e-10	1
6283185.307179586	3069.319319319319	1	-1.4130547590072318	1.6574962066717408e-09	1
6283185.307179586	3598.0480480480483	2	0.9321008052773081	8.912348959743179e-10	0
6283185.307179586	2283.1831831831832	3	-0.6357000909407383	-1.973384309995582e-09	1
6283185.307179586	2791.041041041041	7	0.1251744055350814	8.638160982576714e-10	1
6283185.307179586	1538.788788788789	4	0.5754469761013983	-8.633875430374083e-10	1
6283185.307179586	1323.1231231231232	1	-0.05254261541916838	5.7930383027012095e-11	2
6283185.307179586	1796.1961961961963	3	-1.1041033064297794	1.525647830239398e-10	1
6283185.307179586	1476.176176176176	5	-0.011634735085987113	-3.9791283901225987e-10	2
6283185.307179586	2797.997997997998	2	0.806364984372252	-9.208849126912879e-10	1
6283185.307179586	2171.871871871872	6	0.33777219729413543	-1.6199113040766402e-09	1
6283185.307179586	2324.924924924925	3	-0.5800401392807233	-1.7114627623077815e-09	1
6283185.307179586	1719.6696696696697	5	-0.056745637772023017	7.184677139476114e-11	2
6283185.307179586	2102.3023023023025	6	1.3673254213552353	1.1061188682683632e-09	1
6283185.307179586	1253.5535535535537	2	-0.5288874020574672	-1.4909492046955506e-09	1
6283185.307179586	1281.3813813813815	1	0.757729462213192	-1.2367485651327443e-09	1
6283185.307179586	2825.825825825826	1	-1.3082196630325553	1.4964449745904023e-09	1
6283185.307179586	1337.0370370370372	1	-1.5160427675178727	-4.1072103188647973e-10	1
6283185.307179586	1288.3383383383384	1	-0.6613753523938269	-1.7671427338600385e-09	1
6283185.307179586	933.5335335335336	5	0.5749738341349624	1.5594168911072726e-09	1
6283185.307179586	2311.011011011011	7	0.14967827848680804	-9.77626367963024e-10	1
6283185.307179586	1782.2822822822823	3	1.2429875267495087	-9.484897602108978e-10	1
6283185.307179586	1093.5435435435436	3	-0.537735291268103	1.3208517805441613e-09	1
6283185.307179586	2220.5705705705705	7	-1.2464128248786344	-6.103261194123705e-10	2
6283185.307179586	1100.5005005005005	5	0.7023020581375214	-1.225644271540966e-09	1
6283185.307179586	3758.058058058058	8	-1.2360953505618486	-5.662190751419045e-10	2
6283185.307179586	877.877877877878	6	-1.0110170083432097	-1.9225313543302673e-09	1
6283185.307179586	1476.176176176176	3	1.1076759420970972	-1.8071499300975128e-09	1
6283185.307179586	1650.1001001001002	5	-1.461651254924815	-5.676717029495851e-10	1
6283185.307179586	2095.3453453453453	7	-0.7094358202019463	-1.867680585805294e-09	1
6283185.307179586	1163.113113113113	2	0.05049864393542003	3.374980824002894e-10	1
6283185.307179586	1337.0370370370372	4	-0.5710554022260904	4.017723237761026e-10	1
6283185.307179586	2797.997997997998	6	-0.25729899514836263	7.514416818440334e-10	1
6283185.307179586	961.3613613613613	5	1.4964305376830027	6.964600100594054e-10	1
6283185.307179586	1003.1031031031031	2	-0.5472366449972437	-5.631750839534284e-10	1
6283185.307179586	4036.3363363363364	6	0.4527744495284045	9.612202676908905e-10	1
6283185.307179586	850.0500500500501	3	0.4705400694944979	-9.085964086584322e-10	2
6283185.307179586	2199.6996996997	6	0.07276568558273122	-1.8176127337956004e-09	1
6283185.307179586	2130.13013013013	2	-0.37725048739133804	-2.9558534955324407e-10	1
6283185.307179586	1183.983983983984	5	0.2796196903467867	5.429582427258314e-10	1
6283185.307179586	3264.1141141141143	5	-1.2537371276786002	-5.117034522736561e-11	1
6283185.307179586	2422.322322322322	1	0.5246803758007386	-1.3164646753255492e-09	1
6283185.307179586	1587.4874874874874	8	1.1398109223046506	1.5762677636644468e-10	2
6283185.307179586	1413.5635635635635	8	-1.4056906389613215	-3.482971605240341e-10	2
6283185.307179586	2498.848848848849	5	0.24313049958585342	4.2569261499545896e-10	1
6283185.307179586	1970.1201201201202	3	-0.7710490926500109	-1.0445976867413296e-09	0
6283185.307179586	3006.706706706707	8	0.8448666829989038	-1.8013535732105766e-09	1
6283185.307179586	933.5335335335336	1	-1.232685313003783	7.50811919701124e-10	2
6283185.307179586	891.7917917917919	4	-0.5233944447890193	-1.1609086388348359e-09	1
6283185.307179586	627.4274274274275	5	-0.5223923847589886	1.7209625213927756e-09	1
6283185.307179586	898.7487487487488	1	0.7173130193144779	-1.3340795915102538e-09	2
6283185.307179586	1476.176176176176	1	0.03180887218393069	1.6150071535766187e-09	1
6283185.307179586	1817.0670670670672	1	-1.5548356277562625	-8.943225196028079e-10	1
6283185.307179586	1121.3713713713714	8	-1.5387657394209786	-8.756510175007591e-10	2
6283185.307179586	2192.742742742743	1	0.33706164923306314	-1.6323447144460725e-09	1
6283185.307179586	2408.4084084084084	4	1.1353373531718765	6.521648155747371e-10	1
6283185.307179586	634.3843843843844	4	-0.6447474439083232	-1.51705954413477e-09	1
6283185.307179586	530.03003003003	1	0.462867870490717	-1.1451929580476184e-09	2
