axial trapping frequency (MHz) 	 velocity(m/s) 	 ion collided with 	 angle(rads) 	 collision offset(m) 	 reorder? (1 is reorder 2 is ejection) 
6283185.307179586	1023.973973973974	8	0.23033663998438447	1.823088292213832e-09	1
6283185.307179586	2213.613613613614	2	-1.2479035414497401	-2.5128030361439885e-10	2
6283185.307179586	2471.021021021021	3	-1.306397626711848	-5.264066697272973e-10	2
6283185.307179586	2951.051051051051	6	1.466470403884053	2.7515764790328263e-10	1
6283185.307179586	2477.977977977978	6	-0.46212870928777283	-1.9266627204439306e-09	1
6283185.307179586	1907.5075075075076	6	-1.2721909031066194	1.2267360395088383e-09	2
6283185.307179586	1970.1201201201202	2	0.20092709143960774	1.7985741237654338e-09	1
6283185.307179586	1664.014014014014	3	-0.43374388902361205	-1.9689182378659798e-09	1
6283185.307179586	3827.6276276276276	9	0.3903285855581793	1.0728164198906953e-09	1
6283185.307179586	2825.825825825826	8	0.8683006568767326	3.1211883167892137e-10	2
6283185.307179586	2060.5605605605606	8	-0.8843230944479283	1.2135360024153123e-09	1
6283185.307179586	1664.014014014014	2	-1.3715949266504246	1.1638101285958798e-09	2
6283185.307179586	203.05305305305305	9	1.3679452765376934	8.245908665613882e-10	1
6283185.307179586	2540.5905905905906	2	-1.2485853972022838	1.2445754978385962e-10	2
6283185.307179586	1608.3583583583584	2	-1.4658055547372018	9.510467719196556e-10	2
6283185.307179586	1914.4644644644645	3	1.3994653411230313	9.495594370266689e-10	2
6283185.307179586	1260.5105105105106	8	-1.139985306985142	-8.343179758008908e-10	2
6283185.307179586	787.4374374374374	5	-0.5866977826705718	1.3204748725345501e-09	1
6283185.307179586	2192.742742742743	9	-1.128830101442433	1.3650082315273073e-09	1
6283185.307179586	2791.041041041041	9	-1.0818599295317664	-3.915815908518309e-12	2
6283185.307179586	3069.319319319319	5	-0.13206077592375975	-1.8691952082509734e-09	1
6283185.307179586	1629.2292292292293	6	-1.1036753312753953	-3.4520548879718577e-10	1
6283185.307179586	1225.7257257257259	6	-1.06697195497354	-7.819865748045594e-10	1
6283185.307179586	752.6526526526527	2	-1.4025484691532555	-1.6634362240560492e-09	2
6283185.307179586	2011.8618618618618	4	0.17788239567459652	1.6154274584408848e-09	1
6283185.307179586	1810.11011011011	4	-1.1155480496746308	-1.7099747698162422e-09	1
6283185.307179586	1490.0900900900901	5	0.40108574294696653	-8.693833863359478e-10	1
6283185.307179586	1295.2952952952953	1	-0.999741900356553	1.15699576564203e-09	1
6283185.307179586	536.986986986987	1	0.9268023154908707	1.1933408597342257e-10	1
6283185.307179586	2345.795795795796	3	0.09693050236046807	-5.854839033213342e-10	1
6283185.307179586	2930.1801801801803	2	-0.523615656805271	1.4738990547577896e-09	1
6283185.307179586	1712.7127127127128	6	-0.4443007038361142	1.2997573651707543e-09	1
6283185.307179586	1239.6396396396397	1	1.4154515131593084	-6.520575252122508e-10	2
6283185.307179586	1260.5105105105106	5	-1.1679586842281071	-1.8911935879711253e-09	1
6283185.307179586	759.6096096096096	3	-0.22806697978582435	-1.1554532686064687e-09	1
6283185.307179586	3688.4884884884887	9	0.39670797563083093	1.3842021159545477e-09	1
6283185.307179586	1246.5965965965966	3	1.4060438022778667	4.1676242768457297e-10	2
6283185.307179586	1483.1331331331332	2	0.3155048655308681	-1.6275980987636146e-10	1
6283185.307179586	1072.6726726726727	1	-0.11349696313952418	4.3332933027447456e-10	1
6283185.307179586	2610.16016016016	8	0.4334936138602745	1.6231622322502975e-09	1
6283185.307179586	2088.388388388388	7	-0.9308172533524268	1.0473105904868571e-10	2
6283185.307179586	884.8348348348349	8	0.9792993732765312	1.6505357177579823e-09	1
6283185.307179586	1615.3153153153153	1	1.0928946751519786	-5.308658087762357e-10	2
6283185.307179586	1942.2922922922924	6	0.06295113460069257	1.5833037885487846e-09	1
6283185.307179586	2137.087087087087	7	-1.178706667199391	2.9300260197784315e-10	2
6283185.307179586	1337.0370370370372	8	0.41911985035156385	1.9020086908437576e-09	1
6283185.307179586	1615.3153153153153	6	-0.10323902824103359	-4.310445237518525e-10	1
6283185.307179586	488.2882882882883	6	0.5791304133433552	-7.893042510552158e-10	1
6283185.307179586	3034.5345345345345	6	1.159466113414239	1.2509621432431382e-09	1
6283185.307179586	690.04004004004	3	-0.6253869603007551	5.332427871555409e-10	1
6283185.307179586	1218.7687687687687	7	-0.4434299669118831	9.61526593198006e-10	1
6283185.307179586	2540.5905905905906	7	0.852507005578381	-1.2745627588523867e-09	1
6283185.307179586	2067.5175175175173	3	1.006553150413827	-5.620317306964464e-11	1
6283185.307179586	2032.7327327327328	2	0.9713691277737384	-6.731430372072498e-10	1
6283185.307179586	1260.5105105105106	3	0.1769122989487264	8.802231406919871e-10	1
6283185.307179586	829.1791791791792	8	-0.2391502643990342	-1.6564154865913987e-09	1
6283185.307179586	1350.950950950951	5	0.939685526695111	-1.7943760882910814e-09	1
6283185.307179586	1010.0600600600601	7	0.9389000689791605	-1.7430757794675055e-09	1
6283185.307179586	2032.7327327327328	7	-0.3257081259153449	1.905192077982721e-09	1
6283185.307179586	1684.884884884885	4	-1.3788557381222641	-1.0997107497475961e-09	2
6283185.307179586	432.63263263263264	3	1.5377605802656045	-8.19788140047181e-10	2
6283185.307179586	1107.4574574574574	9	1.4017854767256224	6.260414098596216e-10	2
6283185.307179586	1497.047047047047	4	1.3045895690320664	-8.411249496333384e-10	1
6283185.307179586	1260.5105105105106	5	0.8374310038985979	-1.0651688630798582e-09	1
6283185.307179586	1747.4974974974975	4	-1.1855098102008197	-1.9623591995251834e-10	2
6283185.307179586	2804.954954954955	1	0.998502591843474	2.8916309333566184e-10	2
6283185.307179586	2603.2032032032034	2	0.5212446947450231	9.21156749994565e-10	1
6283185.307179586	1010.0600600600601	8	-0.7542245503482394	-1.5386451334255955e-09	1
6283185.307179586	1740.5405405405406	2	0.14652143992641875	-1.7271653856271865e-09	1
6283185.307179586	1733.5835835835837	9	0.13801293798749348	-1.5262885346239338e-09	1
6283185.307179586	3431.0810810810813	5	0.7519790827506667	-2.35756716686255e-10	2
6283185.307179586	2554.5045045045044	6	-1.505644064922834	4.198935178503791e-10	1
6283185.307179586	1267.4674674674675	9	-0.3804434276665689	-9.67480200253259e-10	1
6283185.307179586	1921.4214214214214	8	-1.3352016617114326	1.1475365584926192e-09	2
6283185.307179586	2178.828828828829	9	-0.6573966589101797	1.847703976249416e-09	1
6283185.307179586	1552.7027027027027	2	-1.5707641998452897	1.318744189453944e-09	2
6283185.307179586	1469.2192192192192	9	-0.6333514889516747	-3.216628500788791e-10	1
6283185.307179586	2561.4614614614616	5	1.2859218094082694	6.350453380079962e-10	1
6283185.307179586	2561.4614614614616	6	1.2863328847462476	-3.982509567080812e-10	1
6283185.307179586	2185.7857857857857	9	1.2925295649881159	-6.860493659040438e-10	2
6283185.307179586	2220.5705705705705	6	0.6217615396756373	-2.382670957810196e-10	1
6283185.307179586	1316.1661661661662	7	-1.3404212025040922	6.434950160586865e-10	1
6283185.307179586	836.1361361361362	7	-0.04489507326465336	-1.2523751080030438e-09	1
6283185.307179586	1065.7157157157158	2	0.09183412060196794	-1.0976742509486975e-09	1
6283185.307179586	2025.7757757757759	7	-1.376937423832475	-1.1593342190587538e-10	1
6283185.307179586	2116.2162162162163	5	-0.7801154467643021	1.827824759804891e-09	1
6283185.307179586	1490.0900900900901	9	0.3233651541719491	1.638178737142266e-09	1
6283185.307179586	578.7287287287287	8	0.07876908124490312	1.576698613068708e-09	1
6283185.307179586	968.3183183183183	3	-1.2206953703514918	1.4789858157431032e-09	1
6283185.307179586	1775.3253253253254	4	-0.22143777315877888	6.876740469480096e-10	1
6283185.307179586	2324.924924924925	2	0.3643400253657787	-6.577435400316958e-10	1
6283185.307179586	1253.5535535535537	7	-0.2959003110466327	6.752310745699557e-10	1
6283185.307179586	1636.1861861861862	1	-0.8627891745487828	-1.220539486917798e-09	1
6283185.307179586	1100.5005005005005	1	-0.3438401538414386	-1.3222164670270488e-09	1
6283185.307179586	1510.960960960961	3	-0.11655007738483203	1.606814271100654e-09	1
6283185.307179586	850.0500500500501	4	-1.1200451474823554	-1.7500069718149002e-09	1
6283185.307179586	2505.805805805806	3	1.5528262532079604	1.541436579559791e-09	1
6283185.307179586	2157.957957957958	3	1.5247108543999919	-1.9901104139683703e-09	1
6283185.307179586	2109.259259259259	7	-1.3236016904148142	-6.059512531294649e-11	1
6283185.307179586	1837.937937937938	9	-0.6900787774213486	-8.330373047326436e-10	1
6283185.307179586	1928.3783783783783	1	1.5537897486883376	9.110928261402768e-10	2
6283185.307179586	1684.884884884885	8	-1.103081967780225	3.06148477170276e-10	1
6283185.307179586	1942.2922922922924	2	-0.9828568333418759	1.4710031330945208e-09	1
6283185.307179586	857.007007007007	4	-0.7080449972776873	8.688078920252971e-10	1
6283185.307179586	1420.5205205205204	9	-0.8962157320645738	-8.429158241726431e-10	1
6283185.307179586	1643.143143143143	9	0.18990102838679057	1.3319109345542265e-09	1
6283185.307179586	1267.4674674674675	8	-0.17605901490747544	-6.129004711619169e-10	1
6283185.307179586	2498.848848848849	7	0.04891288596697785	1.8116383341594483e-09	1
6283185.307179586	829.1791791791792	9	0.8766078298869711	1.3450655546082588e-09	2
6283185.307179586	710.910910910911	8	0.02140361985155015	1.972868981393821e-09	1
6283185.307179586	1281.3813813813815	6	-0.2568594889160949	-1.6592767910022865e-09	1
6283185.307179586	1524.8748748748749	8	-0.43362577392858426	-1.532853881119542e-09	1
6283185.307179586	1337.0370370370372	3	-0.02434782543921199	1.4605850969112976e-09	1
6283185.307179586	1170.0700700700702	6	0.3004002346368604	-4.0677571722750366e-10	1
6283185.307179586	1643.143143143143	4	1.2852481960867226	9.086048345784953e-10	2
6283185.307179586	1726.6266266266266	2	-0.6115093823116773	-6.774631022125117e-11	1
6283185.307179586	1476.176176176176	7	-0.7142565058653038	-2.841340021318363e-10	2
6283185.307179586	1559.6596596596596	1	-1.2474518134062096	6.257146866428022e-10	2
6283185.307179586	2290.1401401401404	7	-1.1766931422954463	2.439038653150794e-10	1
6283185.307179586	1782.2822822822823	1	-0.36867170378750624	3.884294424617268e-10	1
6283185.307179586	1427.4774774774776	6	0.3220212408553831	1.6890001380425057e-09	1
6283185.307179586	4168.518518518518	6	-1.2458925217064196	1.738029425595517e-09	1
6283185.307179586	1281.3813813813815	3	-0.4958070862799735	-7.015828275548989e-10	1
6283185.307179586	1691.8418418418419	4	-1.270256818344418	1.8479655394491934e-09	1
6283185.307179586	1183.983983983984	1	-0.732995586137349	1.2441572581289813e-09	1
6283185.307179586	1824.0240240240241	6	-1.2648618906128148	-7.047312415882753e-10	1
6283185.307179586	1107.4574574574574	5	-0.7631938510053462	1.892239956794586e-09	1
6283185.307179586	1504.004004004004	2	-0.5558507232708165	8.898309519604825e-10	1
6283185.307179586	1455.3053053053054	6	0.7915339659623077	1.0482300886880862e-10	2
6283185.307179586	1893.5935935935936	9	-0.8381147312992284	-1.3699227808868031e-09	1
6283185.307179586	1225.7257257257259	7	0.958240619303993	4.189374626292139e-10	1
6283185.307179586	2199.6996996997	7	1.0336897327218524	-1.8586072053839292e-09	1
6283185.307179586	474.3743743743744	6	0.255523079983879	1.6570222520392819e-09	1
6283185.307179586	1691.8418418418419	8	-0.13801777426580486	-5.922208419170931e-10	1
6283185.307179586	1371.821821821822	2	0.2543637458224819	6.564030286196982e-10	1
6283185.307179586	1928.3783783783783	6	-1.2536347138725117	-1.2991415244068302e-09	1
6283185.307179586	1218.7687687687687	9	-1.0493694819302515	6.926138944255233e-10	2
6283185.307179586	1190.940940940941	9	1.391150455088877	-4.4797663534866277e-10	1
6283185.307179586	2944.094094094094	9	1.456872077743233	8.097248106991542e-10	2
6283185.307179586	2658.858858858859	1	-0.8890755578429509	-1.6362501249984756e-09	1
6283185.307179586	2561.4614614614616	1	-1.262094381263568	7.095340686046554e-10	2
6283185.307179586	2471.021021021021	1	-0.06022591782847253	-1.6860618092146324e-09	1
6283185.307179586	2011.8618618618618	6	1.050867138416291	-1.4602798725914209e-09	1
6283185.307179586	1343.993993993994	5	1.330177056831252	-1.317909563144019e-09	1
6283185.307179586	1517.917917917918	9	-0.9193430792036383	1.9212440512190656e-09	1
6283185.307179586	919.6196196196197	5	-0.5513305049015329	1.1597667758642778e-09	1
6283185.307179586	1956.2062062062062	7	0.9684493516674042	-1.1503935461796826e-09	1
6283185.307179586	1253.5535535535537	5	0.3812052784103026	9.028235470872579e-10	1
6283185.307179586	1023.973973973974	7	1.5501215256667504	4.5038814659993775e-10	1
6283185.307179586	1462.2622622622623	6	-1.5673278868569662	7.874268908207712e-12	1
6283185.307179586	1963.1631631631633	9	0.4917897351652152	1.3038372134771287e-09	1
6283185.307179586	2269.2692692692694	7	1.421685077397595	-1.2764419407517084e-09	2
6283185.307179586	1267.4674674674675	6	1.3732672909735202	-1.9668743767681792e-09	2
6283185.307179586	2519.7197197197197	6	-0.6959710289010282	-1.2976510245940043e-10	1
6283185.307179586	1817.0670670670672	1	1.4961266676512053	-9.62268872613351e-10	2
6283185.307179586	397.84784784784785	9	1.1353806142904173	1.6435152124101095e-09	2
6283185.307179586	1733.5835835835837	8	0.18981653148345212	1.7966839924297688e-09	1
6283185.307179586	2004.904904904905	3	-1.3697740730082621	1.602386269183275e-09	2
6283185.307179586	926.5765765765766	1	0.22915133143970579	-1.038720272323181e-09	1
6283185.307179586	1768.3683683683685	2	-0.7036364188490615	-9.108196296207858e-10	1
6283185.307179586	1309.2092092092093	1	-1.0097900223418945	-1.7099975377105494e-09	1
6283185.307179586	1601.4014014014015	4	-0.3387017303007387	1.1812480244007486e-09	1
6283185.307179586	3382.3823823823823	7	0.49179459441069584	9.874648847435037e-10	1
6283185.307179586	509.1591591591592	3	1.0070272765235315	1.4542884578194743e-09	1
6283185.307179586	1469.2192192192192	6	0.13611554155414507	1.3905341348562506e-09	1
6283185.307179586	175.22522522522524	8	1.1337254124890168	3.620786499149216e-11	1
6283185.307179586	3347.5975975975975	8	0.7794439065227738	-1.302744732248867e-09	1
6283185.307179586	857.007007007007	1	0.07792237526699575	-2.0882179519078667e-11	1
6283185.307179586	3090.19019019019	8	-0.49883233404160476	1.27784755720664e-09	1
6283185.307179586	2213.613613613614	6	-0.2564925215291307	-1.1390088651721226e-09	1
6283185.307179586	1879.6796796796798	3	1.0953368606615022	3.395783709371834e-10	2
6283185.307179586	3250.2002002002005	8	-1.4074318235127277	6.600243497204908e-10	1
6283185.307179586	1782.2822822822823	3	0.6523528951371351	9.693282314230176e-10	1
6283185.307179586	1691.8418418418419	7	0.9678629816060589	1.6904053345568853e-09	1
6283185.307179586	2220.5705705705705	7	0.035940976700919114	-5.431734062801094e-10	1
6283185.307179586	2116.2162162162163	9	-0.7541795787987675	-2.463547024490826e-10	2
6283185.307179586	982.2322322322323	6	1.4644459893640103	-1.77596578087153e-09	1
6283185.307179586	1865.7657657657658	6	0.7645923274069011	2.7380247527035115e-10	1
6283185.307179586	1740.5405405405406	8	-1.0472509804408503	4.0185899556666573e-10	1
6283185.307179586	1225.7257257257259	1	1.197299902924009	4.901646156720188e-11	2
6283185.307179586	2596.2462462462463	6	-0.821567771505466	6.231501776003687e-10	1
6283185.307179586	1183.983983983984	3	0.5762816593485809	-3.84716924480752e-10	1
6283185.307179586	1225.7257257257259	2	-0.2889950125812104	1.8046633794902851e-09	1
6283185.307179586	1963.1631631631633	6	-1.3029121944436235	6.656225623443281e-10	1
6283185.307179586	1844.8948948948948	7	0.5380023926788793	3.0721730525915733e-10	1
6283185.307179586	2477.977977977978	1	0.8007897261853096	-1.2462831339674176e-09	1
6283185.307179586	1260.5105105105106	4	-0.41606485998827414	-1.4383664918923388e-09	1
6283185.307179586	1705.755755755756	7	1.0563154533278603	-1.2579249880138668e-09	1
6283185.307179586	2401.4514514514517	2	-0.4556251960643729	2.5869072912346546e-10	2
6283185.307179586	1490.0900900900901	2	-0.8325443140821911	-8.623124846278129e-10	1
6283185.307179586	2909.3093093093094	4	-0.26692279041497224	-3.199390636282007e-10	2
6283185.307179586	690.04004004004	9	0.13146507530932583	1.538773329789974e-09	1
6283185.307179586	2095.3453453453453	7	0.7250598384098832	1.016189704464153e-09	1
6283185.307179586	1608.3583583583584	7	-1.0734209414067797	6.313374094766745e-10	2
6283185.307179586	2749.2992992992995	4	0.5036337858633662	4.295362598540833e-10	1
6283185.307179586	1956.2062062062062	4	-0.16781390176736855	-1.4808156044164832e-09	1
6283185.307179586	1601.4014014014015	6	0.31884184714206465	1.8620966788108763e-09	1
6283185.307179586	1803.1531531531532	7	-1.0136356117018854	-1.1731061006174333e-09	1
6283185.307179586	2060.5605605605606	7	-1.1747923013475288	-1.2737451811981228e-09	1
6283185.307179586	2213.613613613614	8	-1.0080801899519916	-1.864229063582655e-09	1
