axial trapping frequency (MHz) 	 velocity(m/s) 	 ion collided with 	 angle(rads) 	 collision offset(m) 	 reorder? (1 is reorder 2 is ejection) 
6283185.307179586	877.877877877878	9	0.026724169794106523	1.1610084188115924e-09	1
6283185.307179586	2060.5605605605606	1	-1.1064487395151195	-6.799953991724698e-11	2
6283185.307179586	1970.1201201201202	2	-1.407364281775292	2.435557240288691e-11	2
6283185.307179586	1789.2392392392394	5	1.2144129590399015	1.4708767068404908e-09	1
6283185.307179586	1037.887887887888	1	0.4931220686819837	1.1916841286839368e-09	1
6283185.307179586	1183.983983983984	4	-1.3718881397612437	-5.249097116933489e-10	2
6283185.307179586	1747.4974974974975	4	0.0420197096411441	-1.2350371260671712e-09	1
6283185.307179586	1441.3913913913914	9	-0.26795871457378073	1.7683857612685316e-09	1
6283185.307179586	2387.5375375375374	9	-0.4199275466358643	-1.8934787113248644e-09	1
6283185.307179586	1580.5305305305305	4	-0.5719157838467807	1.0264405311471102e-09	1
6283185.307179586	1510.960960960961	3	-0.9365679452601373	3.198034357806775e-11	1
6283185.307179586	1448.3483483483483	4	0.2985116631693814	1.960589385229683e-09	1
6283185.307179586	1253.5535535535537	3	-1.278836109344969	-1.8808969954587547e-09	1
6283185.307179586	1768.3683683683685	8	0.8903510914558188	5.746371454637749e-10	2
6283185.307179586	1963.1631631631633	7	0.24744723358712473	1.0219715161585555e-09	1
6283185.307179586	1984.034034034034	9	0.4316568729001484	-1.899062889580444e-09	1
6283185.307179586	1455.3053053053054	9	-0.5113722928340456	-1.0106499955886545e-09	1
6283185.307179586	1726.6266266266266	8	0.20920557435260534	-3.3864313471423473e-10	1
6283185.307179586	2380.5805805805808	4	-0.31577936813061513	-8.52073502498206e-10	1
6283185.307179586	1274.4244244244244	5	1.048231053421476	1.0617621466598212e-09	1
6283185.307179586	2095.3453453453453	1	0.591442023594615	6.43221680800166e-11	2
6283185.307179586	1524.8748748748749	1	0.05210874324692871	1.7091998253460417e-09	1
6283185.307179586	1114.4144144144145	3	-0.6954263236537533	-1.5498103146400465e-09	1
6283185.307179586	1441.3913913913914	3	1.0317774839870437	-1.59148617296384e-09	1
6283185.307179586	2498.848848848849	8	-0.6402863068603808	5.304756840950931e-10	1
6283185.307179586	1017.017017017017	6	-0.9180011765578409	-7.445372905493835e-10	2
6283185.307179586	1246.5965965965966	7	1.13047279634374	-3.241519421689709e-10	1
6283185.307179586	1010.0600600600601	7	-0.8205748979383245	1.5319481952584677e-09	1
6283185.307179586	954.4044044044044	6	-0.7410334298773348	1.7350459669381953e-09	1
6283185.307179586	2832.7827827827828	6	-1.1945744569957348	-1.6236583817378483e-09	1
6283185.307179586	1837.937937937938	1	0.9195301248732863	4.0200048135721285e-10	2
6283185.307179586	2380.5805805805808	2	1.4326365267522525	-4.677688964360414e-10	2
6283185.307179586	1190.940940940941	1	1.0130646984490066	1.0502407829523648e-09	1
6283185.307179586	2450.1501501501502	8	-0.3286342554429573	-1.3986216300537162e-09	1
6283185.307179586	1149.1991991991993	8	1.1534803586946447	1.1928489949261694e-09	2
6283185.307179586	2039.6896896896897	6	-1.4845983581565985	9.81363338705371e-10	2
6283185.307179586	822.2222222222223	6	-0.9278546611038231	-8.892336899460363e-10	1
6283185.307179586	1246.5965965965966	6	-0.7557306951024063	1.582140466326743e-09	1
6283185.307179586	1197.897897897898	7	-1.363236994066442	2.3555530994240916e-11	1
6283185.307179586	1538.788788788789	6	-1.4571840792290498	1.0739872328143805e-09	1
6283185.307179586	836.1361361361362	6	1.4421600328901611	1.517008903555707e-09	2
6283185.307179586	1824.0240240240241	6	1.2925726420707502	8.232240885989209e-10	1
6283185.307179586	780.4804804804805	5	-0.39870862525309936	5.29010490070118e-10	1
6283185.307179586	1232.6826826826828	5	0.9729710108405776	-9.178067096372182e-11	1
6283185.307179586	1782.2822822822823	3	-0.7178090275573739	1.6454287319904336e-09	1
6283185.307179586	2283.1831831831832	9	-1.0756282856821924	1.736433675307228e-09	1
6283185.307179586	3208.4584584584586	7	-0.37474146141557996	9.746297162022e-10	1
6283185.307179586	3542.3923923923926	4	-1.408400117956671	-1.6192705695454533e-09	1
6283185.307179586	2784.084084084084	8	1.3242163203816393	-1.6704291650106864e-09	1
6283185.307179586	1107.4574574574574	2	-0.856930262269855	-7.35539746344863e-12	1
6283185.307179586	759.6096096096096	2	-0.7735619360073982	-1.2958224411519908e-09	2
6283185.307179586	919.6196196196197	6	-1.0878498009806352	4.1123340190554897e-10	2
6283185.307179586	1893.5935935935936	9	-0.5085875366874566	-1.316527826964333e-09	1
6283185.307179586	1378.7787787787788	4	-0.012358534216951655	-1.0016362623530033e-09	1
6283185.307179586	2171.871871871872	4	-0.7426212130295212	-3.4639041181152187e-10	2
6283185.307179586	857.007007007007	1	0.8665457176964928	-3.4930978135516127e-10	1
6283185.307179586	690.04004004004	7	1.4922151963277361	1.6492445327952742e-09	2
6283185.307179586	2464.064064064064	4	-0.8701591838368122	1.262889139917599e-09	1
6283185.307179586	2436.2362362362364	6	0.1623336098886794	-8.514279002077476e-10	1
6283185.307179586	599.5995995995996	6	-0.05341349357271152	9.855430095627741e-11	1
6283185.307179586	1545.7457457457458	8	1.1964039965897748	-5.584384860434066e-10	2
6283185.307179586	2519.7197197197197	7	-0.9809469747861854	1.8486128245183984e-09	1
6283185.307179586	1824.0240240240241	8	1.317819781325067	-1.8602826078833924e-10	2
6283185.307179586	1190.940940940941	5	-0.46714847124529	1.84427780886176e-09	1
6283185.307179586	2157.957957957958	5	1.309588982312218	1.2816806239066288e-09	2
6283185.307179586	1267.4674674674675	9	-0.2508277571720181	-1.3550002583400614e-09	1
6283185.307179586	3264.1141141141143	4	0.20774097823779591	1.3040639328580613e-09	1
6283185.307179586	898.7487487487488	6	0.6535709562106566	-1.5834134245337665e-09	1
6283185.307179586	1455.3053053053054	5	0.2984401457504111	5.114326232776608e-10	1
6283185.307179586	3090.19019019019	9	1.1932516541782237	-1.6018260605336914e-09	1
6283185.307179586	2206.6566566566567	3	-0.4893178133911593	-4.529060199444874e-10	1
6283185.307179586	1476.176176176176	1	-1.0479336266954307	1.8284643287439715e-09	1
6283185.307179586	2137.087087087087	8	-0.710098639083366	-1.9635300409688017e-09	1
6283185.307179586	2818.868868868869	7	-1.0293164866612496	-5.368591219196878e-10	1
6283185.307179586	690.04004004004	9	-0.888576817437069	1.5069928439123387e-09	2
6283185.307179586	523.0730730730731	7	0.29090498265349485	-3.960990613279366e-10	1
6283185.307179586	1420.5205205205204	9	0.6030218759408439	-1.0897200458107234e-10	2
6283185.307179586	2505.805805805806	1	-0.48148936498803896	-1.0554538814746559e-10	1
6283185.307179586	1559.6596596596596	5	-0.6795162271035871	-1.702968702339545e-09	1
6283185.307179586	2457.1071071071074	4	-0.17477039661963878	-1.57475147488386e-09	1
6283185.307179586	1754.4544544544544	1	1.2179873230449227	-1.0123167106287939e-11	2
6283185.307179586	2415.3653653653655	7	0.13701932780655035	-5.044022817139903e-10	1
6283185.307179586	2074.474474474475	9	-1.3253423384244778	2.2558563519575099e-10	2
6283185.307179586	1260.5105105105106	7	1.113026882012086	9.32352387059026e-10	2
6283185.307179586	1281.3813813813815	8	0.20863603263631147	4.4015916442702704e-10	2
6283185.307179586	1246.5965965965966	1	0.8390237565473857	1.2093075989750954e-09	1
6283185.307179586	1907.5075075075076	1	0.18250197746244257	-1.6668716136131253e-09	1
6283185.307179586	1190.940940940941	5	-1.1469751086780513	1.4337949503820766e-09	1
6283185.307179586	808.3083083083084	1	-0.15107176169404735	-1.7683285624149005e-09	1
6283185.307179586	1997.947947947948	9	0.494007432314135	-4.916345065281349e-10	1
6283185.307179586	1225.7257257257259	1	-0.17204608939652766	7.0977233927858e-11	2
6283185.307179586	1392.6926926926926	2	0.5025045908127628	1.5089573829629883e-09	1
6283185.307179586	2596.2462462462463	1	1.126817111133902	-1.7677321912930532e-09	1
6283185.307179586	947.4474474474474	3	0.39652539820553123	-1.9793801091406252e-09	1
6283185.307179586	1615.3153153153153	4	1.2473529849893907	1.7880988790759934e-10	1
6283185.307179586	3771.971971971972	6	0.35703835577296505	-1.2113099957880377e-09	1
6283185.307179586	1399.6496496496497	4	-0.7281447081147652	1.8479010627442788e-09	1
6283185.307179586	1712.7127127127128	1	0.20182976278201847	5.436066401339312e-10	1
6283185.307179586	557.8578578578579	2	0.06483344385285861	1.298223674106654e-09	1
6283185.307179586	3716.3163163163163	1	1.031595755542639	5.885563955884307e-10	1
6283185.307179586	3215.4154154154153	8	0.0930466189586101	5.239522863483741e-10	1
6283185.307179586	1844.8948948948948	7	-0.99251263023177	1.8560774417275326e-09	1
6283185.307179586	752.6526526526527	1	0.3284966094020292	-1.5429488686408997e-09	1
6283185.307179586	676.1261261261261	7	-0.3954007470396217	8.490282563214559e-10	2
6283185.307179586	2095.3453453453453	3	-0.17606598676956797	5.194464810169101e-10	1
6283185.307179586	488.2882882882883	4	-1.307157083145985	-1.3367157500335877e-09	1
6283185.307179586	2255.3553553553556	6	-0.6622734790682392	-1.6139315757998848e-09	1
6283185.307179586	2443.193193193193	4	1.4719318690546146	-4.811811995463321e-12	1
6283185.307179586	1900.5505505505505	5	-1.2682409532575512	1.8925742488909736e-09	1
6283185.307179586	1267.4674674674675	1	0.7837233348190735	-1.9432852824785544e-09	1
6283185.307179586	863.963963963964	1	0.6966649290554496	1.257559439958588e-09	1
6283185.307179586	1385.7357357357357	3	1.293833005768247	1.6080174757286787e-10	2
6283185.307179586	1970.1201201201202	1	-0.7197654326461547	1.1838559326450316e-09	1
6283185.307179586	2359.70970970971	9	1.193992155997917	-1.5490557204507214e-09	1
6283185.307179586	2331.881881881882	3	0.474371625522628	-1.485595211938314e-09	1
6283185.307179586	2011.8618618618618	1	0.9984468630317314	-4.0951929972864447e-10	2
6283185.307179586	2644.944944944945	5	-0.7166569681107585	3.8501697132014254e-10	1
6283185.307179586	1664.014014014014	3	0.2661599448886809	-1.931627253174674e-10	2
6283185.307179586	2241.4414414414414	5	-0.6731767813142834	-1.8691997883544923e-09	1
6283185.307179586	383.93393393393393	4	0.49283172052378577	-8.54683575568159e-10	1
6283185.307179586	1768.3683683683685	3	-0.6210299293298367	-9.833188092199312e-10	1
6283185.307179586	1865.7657657657658	5	-0.5951615612836275	-1.4039061617637156e-09	1
6283185.307179586	1608.3583583583584	5	0.0489218667547997	-1.254302868348518e-09	1
6283185.307179586	1608.3583583583584	7	0.26582170236885805	9.198686714280042e-10	1
6283185.307179586	1469.2192192192192	8	0.20208253429708556	-7.56552142894134e-10	1
6283185.307179586	1190.940940940941	2	1.2399977922842695	1.2106089402031287e-10	1
6283185.307179586	342.1921921921922	1	-0.5451421609384572	6.642689708752931e-10	1
6283185.307179586	1782.2822822822823	1	0.14554373283262478	-1.4649514032881298e-09	1
6283185.307179586	815.2652652652653	4	-0.45454908061879085	4.029636285472788e-10	2
6283185.307179586	1455.3053053053054	7	0.9829443456517213	2.750937203027214e-10	1
6283185.307179586	1177.027027027027	4	-0.25973228508949053	-1.425111261953526e-10	2
6283185.307179586	1364.864864864865	2	-1.1374657362928808	1.4516614054560229e-09	1
6283185.307179586	1232.6826826826828	7	-1.2707523073625469	5.290395266589363e-11	2
6283185.307179586	1865.7657657657658	4	1.2571553107179123	4.4629907605450733e-10	1
6283185.307179586	1462.2622622622623	2	-0.14372133531415243	-1.0176485437876274e-09	1
6283185.307179586	989.1891891891892	8	-1.153588935984697	1.7334281032124143e-11	1
6283185.307179586	1657.0570570570571	5	-0.27016041559057635	-5.383375466093199e-10	1
6283185.307179586	1858.8088088088089	3	-1.172026680128511	1.3121603170646296e-09	1
6283185.307179586	1608.3583583583584	6	-0.1847361230957827	9.382402879714286e-10	1
6283185.307179586	1942.2922922922924	4	-0.8693884298049133	5.64437822599858e-11	1
6283185.307179586	1183.983983983984	6	0.0012597807961789442	-9.240173927814678e-10	1
6283185.307179586	1552.7027027027027	7	-0.6317667735430439	-9.776025743026828e-10	1
6283185.307179586	606.5565565565565	3	-0.7098511901298666	1.7824258929713756e-09	1
6283185.307179586	1274.4244244244244	5	-1.2639870416409273	-6.306057355526136e-10	2
6283185.307179586	2095.3453453453453	9	-1.0422298666604837	4.5580486930565756e-10	2
6283185.307179586	2971.921921921922	3	0.8813205959632464	-3.7924540289801103e-10	1
6283185.307179586	2317.967967967968	9	-1.208093327632664	-9.372692516659136e-10	2
6283185.307179586	1093.5435435435436	1	-0.8534170568969163	1.7679795912257009e-09	1
6283185.307179586	1810.11011011011	9	0.9241539656348063	1.1895464787004508e-09	1
6283185.307179586	627.4274274274275	7	-0.04516078015665803	1.9406098037166233e-09	1
6283185.307179586	2693.643643643644	8	-1.487639225904621	4.18666681644602e-10	1
6283185.307179586	1378.7787787787788	4	0.47346660936941154	-1.2837590914495608e-09	1
6283185.307179586	3104.1041041041044	1	1.099321990217614	-9.99442522526048e-11	2
6283185.307179586	3417.1671671671675	5	0.7915117881722704	1.4442475572335413e-09	1
6283185.307179586	1636.1861861861862	8	0.11070276394149325	4.786268895460805e-10	1
6283185.307179586	1775.3253253253254	2	-0.0640890924465658	1.4426600094460747e-09	1
6283185.307179586	1921.4214214214214	9	-0.4010635587429001	-1.6959179420143831e-09	1
6283185.307179586	1900.5505505505505	5	-1.0302674026858423	5.848358141258019e-10	1
6283185.307179586	766.5665665665666	5	0.18325212372938982	1.6880794955090843e-09	1
6283185.307179586	808.3083083083084	9	-0.0029642129350289093	-1.8291490541153178e-09	1
6283185.307179586	3264.1141141141143	4	1.3231757220701827	7.696161472931773e-10	2
6283185.307179586	2004.904904904905	7	1.450636352211483	-8.385161000210082e-10	1
6283185.307179586	2860.610610610611	7	0.14462992023183996	3.440320651034506e-10	1
6283185.307179586	1872.7227227227227	4	1.0371997005896056	-1.0243737458392236e-09	1
6283185.307179586	961.3613613613613	9	0.28989820889737117	4.73790304565625e-10	2
6283185.307179586	1364.864864864865	7	0.8401009774734622	5.200172197279205e-10	1
6283185.307179586	822.2222222222223	4	0.36364225412722573	1.901905929687454e-09	1
6283185.307179586	1636.1861861861862	9	0.8670885717949726	6.293112057651306e-10	1
6283185.307179586	731.7817817817818	8	-1.0523770254087914	-1.7080530095329195e-09	1
6283185.307179586	1149.1991991991993	8	-0.5259699095143731	1.9917024403138784e-09	1
6283185.307179586	1872.7227227227227	5	-1.3392868874431514	4.0972973516261724e-10	1
6283185.307179586	2937.1371371371374	1	-0.5263116486773505	-1.0484750708117053e-09	1
6283185.307179586	2742.3423423423424	1	-0.338040676733264	1.7424363024109408e-09	1
6283185.307179586	1364.864864864865	6	-0.7416408228593555	1.91324299346796e-11	2
6283185.307179586	2944.094094094094	6	-0.6706742755293742	4.813057457183967e-10	1
6283185.307179586	1977.077077077077	5	-0.008572436283547757	6.701718002235569e-11	2
6283185.307179586	2157.957957957958	9	-0.7531241361256124	-1.0617295197477469e-09	1
6283185.307179586	4279.82982982983	5	0.13087366707346493	-1.7948565693331667e-11	2
6283185.307179586	2185.7857857857857	1	0.869731269566461	-1.2463706097501912e-09	1
6283185.307179586	1183.983983983984	2	-0.0055259577201800525	1.3438406879614524e-09	1
6283185.307179586	1483.1331331331332	2	-1.31942803212231	1.531068017766004e-09	2
6283185.307179586	2018.818818818819	1	1.2261499886152922	1.1663018982309963e-09	1
6283185.307179586	3118.018018018018	2	0.24383291299011134	-9.349804269091524e-10	1
6283185.307179586	495.24524524524526	9	0.24431278224590702	7.322297887076959e-10	1
6283185.307179586	1775.3253253253254	2	-1.266356144175338	8.938940313490332e-11	1
6283185.307179586	1065.7157157157158	4	-1.1340298918695528	-3.0740478657859345e-10	1
6283185.307179586	2352.7527527527527	6	1.0334955749900447	1.1441488195799756e-09	1
6283185.307179586	1267.4674674674675	1	0.2351054948438116	-1.5449027623119345e-10	2
6283185.307179586	2464.064064064064	2	-0.49830558774379363	7.373446468433589e-10	1
6283185.307179586	2944.094094094094	8	-1.1111000426125721	-9.423811827995503e-12	1
6283185.307179586	2123.1731731731734	5	-0.22233516286419186	3.1299058791553806e-10	2
6283185.307179586	2213.613613613614	9	-1.5035258607918518	-1.8316868331027845e-09	2
6283185.307179586	2185.7857857857857	7	1.426760369610518	-1.1156303914271352e-09	2
6283185.307179586	1949.2492492492493	4	0.33730838993732837	-3.773369574355213e-10	1
6283185.307179586	1664.014014014014	9	0.6567205291702942	1.9033045322078182e-10	1
6283185.307179586	1977.077077077077	3	-1.3717565438974555	2.439463209150333e-11	2
6283185.307179586	1121.3713713713714	8	-0.5228852792712726	1.783859220327223e-09	1
6283185.307179586	1170.0700700700702	1	0.23939136474505474	-1.3500758897708516e-09	1
6283185.307179586	1211.8118118118118	7	-0.09393337433718019	1.2694641529980784e-09	1
6283185.307179586	1441.3913913913914	1	-1.139299234636007	1.2778309833916384e-09	1
6283185.307179586	3403.253253253253	1	1.3803083988652305	-3.839521608437319e-10	2
6283185.307179586	2032.7327327327328	2	-0.06177986707467942	8.965176036964474e-10	1
6283185.307179586	2631.031031031031	2	0.40300531996929423	1.534946069312931e-09	1
6283185.307179586	1566.6166166166167	3	-0.7526121530555537	-6.428394980080654e-10	1
6283185.307179586	1872.7227227227227	9	0.9026370179255037	-4.296223308635483e-10	2
6283185.307179586	1879.6796796796798	2	-1.0738100946419782	1.3841670084766988e-09	1
6283185.307179586	1323.1231231231232	9	-0.6430932440630297	-4.560091516568106e-10	1
6283185.307179586	2018.818818818819	8	-0.4660636877959199	-1.7291532951314285e-09	1
6283185.307179586	1775.3253253253254	1	1.5352715787394997	4.913571683322945e-10	2
6283185.307179586	2728.4284284284286	6	0.3280759801930577	3.894762012969574e-10	1
6283185.307179586	321.3213213213213	9	0.7322386982855607	-1.9070121345115227e-09	1
6283185.307179586	2443.193193193193	8	-1.3713838347956118	-1.6309496815462163e-09	1
6283185.307179586	1392.6926926926926	6	-1.0628061319055047	-6.835986674902892e-10	2
6283185.307179586	2213.613613613614	9	-0.21264107161819323	-4.687250494425514e-10	1
6283185.307179586	599.5995995995996	8	-1.1636057948863612	-2.7341498466242156e-10	2
6283185.307179586	3291.941941941942	5	-1.3153543089831627	-2.3235067002433298e-11	2
6283185.307179586	2512.762762762763	1	1.3655113157197163	1.1258389374962415e-09	2
6283185.307179586	1803.1531531531532	5	-0.010770715803893216	1.6325896535484923e-09	1
6283185.307179586	2178.828828828829	8	-1.074322469155294	-1.462773764079433e-09	1
6283185.307179586	2116.2162162162163	9	-1.0330010822750624	9.522724668028097e-10	1
6283185.307179586	1552.7027027027027	3	-0.3380637863832936	6.298196820236374e-10	1
6283185.307179586	1406.6066066066066	6	0.8525324363766527	-1.7889965850629107e-09	1
6283185.307179586	599.5995995995996	3	-0.9047081167698439	1.1373760064964623e-09	1
6283185.307179586	2457.1071071071074	4	-1.345952403781704	-7.610667529394659e-10	2
6283185.307179586	1177.027027027027	3	-0.25508692512507825	1.8967667983282168e-09	1
6283185.307179586	641.3413413413414	9	-1.1548029448727288	-1.280522318136698e-09	1
6283185.307179586	2018.818818818819	5	-0.4924177977190336	-1.2454671121136586e-09	1
6283185.307179586	1107.4574574574574	3	1.484015161748466	-8.697040268377662e-11	2
6283185.307179586	1253.5535535535537	3	0.9321226290198195	-1.969935756176684e-09	1
6283185.307179586	2930.1801801801803	7	0.8084418044482353	1.5755667486636421e-09	1
6283185.307179586	982.2322322322323	4	-0.045410819229631416	-5.43791023948574e-10	2
6283185.307179586	1483.1331331331332	2	0.9467003835930341	-1.7362487903103473e-09	1
6283185.307179586	2088.388388388388	2	0.6880189821577791	-1.9647054797653632e-10	2
6283185.307179586	2999.7497497497498	3	-1.2253002323367157	1.2466580376099814e-09	1
6283185.307179586	425.6756756756757	7	0.018333569050232867	1.9734155537039322e-09	2
6283185.307179586	1928.3783783783783	1	-1.0110876894821685	-6.306118795945453e-10	1
6283185.307179586	2081.4314314314315	9	0.628073975133717	-6.377824220405777e-10	1
6283185.307179586	773.5235235235235	5	0.8206480981669051	1.1093858266774172e-09	1
6283185.307179586	3792.842842842843	4	-0.8836363755129764	1.0693286462217525e-09	1
6283185.307179586	2672.772772772773	4	0.9843496137477477	-1.060278600102338e-09	1
6283185.307179586	1851.851851851852	1	0.19030947470612225	-9.87283445118623e-10	1
6283185.307179586	954.4044044044044	1	-1.451444689574987	1.8010055008387748e-09	1
6283185.307179586	1281.3813813813815	8	0.5648268800530238	1.906593257912109e-09	1
6283185.307179586	1441.3913913913914	1	1.1519212052883643	-2.98888910041319e-10	2
6283185.307179586	2471.021021021021	8	0.2521997776053857	1.422688383603078e-09	1
6283185.307179586	2116.2162162162163	8	-1.1697806475021475	6.055726503450911e-10	2
6283185.307179586	1657.0570570570571	7	-0.23259082548560972	9.296652599368139e-10	1
6283185.307179586	342.1921921921922	8	-1.2106780062459328	-1.5795651219346319e-09	1
6283185.307179586	1984.034034034034	2	-1.4963901638418193	-1.1645657412744292e-09	1
6283185.307179586	989.1891891891892	4	0.006949595582286694	-1.7389475335350794e-09	1
6283185.307179586	1183.983983983984	6	-1.2654263158897194	4.780747713415105e-10	2
6283185.307179586	2881.4814814814818	7	-0.43989217929381463	-1.3326788639534104e-09	1
6283185.307179586	787.4374374374374	3	-0.8559628653427234	1.8819194932757366e-09	1
6283185.307179586	731.7817817817818	5	0.6286570476665876	1.0865467084977765e-09	1
6283185.307179586	1552.7027027027027	8	1.3433273004090434	1.6391479922223312e-09	1
6283185.307179586	1608.3583583583584	7	-0.14521697690540125	-1.3138683422699993e-09	1
6283185.307179586	2352.7527527527527	8	-0.2426322197722619	-3.6852814347659147e-10	1
6283185.307179586	543.943943943944	9	-0.9229673238609448	9.391051317056382e-10	2
6283185.307179586	940.4904904904905	2	0.7893333349173819	6.373011065667013e-10	1
6283185.307179586	1824.0240240240241	8	-0.36859318246855377	1.167432474505437e-09	1
6283185.307179586	1872.7227227227227	1	-0.24153757763979344	1.1446470509596553e-09	1
6283185.307179586	3284.984984984985	9	1.0010385446984804	-1.035649011779563e-09	1
6283185.307179586	2241.4414414414414	2	-1.5565776106029434	8.921464388320428e-11	2
6283185.307179586	2784.084084084084	2	1.0934006870062416	-7.845733935558484e-10	1
6283185.307179586	1907.5075075075076	5	0.7592044657651518	1.2688623062920445e-09	1
6283185.307179586	1100.5005005005005	5	-0.15135644759000955	-1.5688171323318449e-09	1
6283185.307179586	1350.950950950951	5	0.0014174324886899736	-4.1397536141516423e-10	2
6283185.307179586	1392.6926926926926	9	-1.4712966703405177	-5.006829773849111e-10	2
6283185.307179586	3403.253253253253	5	-0.8787353341122752	1.1729491095024407e-09	1
6283185.307179586	1747.4974974974975	1	1.323926999618792	9.189747924945429e-10	2
6283185.307179586	1441.3913913913914	2	1.119376346970847	-1.6778897148327792e-09	1
6283185.307179586	2484.934934934935	3	-0.5514615025542104	-1.9091425609783e-09	1
6283185.307179586	2331.881881881882	6	-0.30211698785093044	1.1331528707344087e-09	1
6283185.307179586	1469.2192192192192	1	-1.1131338799262298	-1.5904656400063468e-09	1
6283185.307179586	648.2982982982983	8	1.0170960095990065	-1.261320579990069e-09	1
6283185.307179586	3813.713713713714	8	0.6415959492506098	-3.8491080934888763e-10	1
6283185.307179586	1177.027027027027	8	0.9977656021927923	4.4952102742880145e-10	1
6283185.307179586	509.1591591591592	8	-1.0397643779352461	-1.5386461827756101e-09	1
6283185.307179586	1044.8448448448448	9	-1.532989554946754	5.941333994764473e-11	2
6283185.307179586	1761.4114114114116	3	-1.4740932508938018	4.351805495581862e-11	1
6283185.307179586	119.56956956956957	9	-0.7700126890764414	3.851641824060293e-10	1
6283185.307179586	1267.4674674674675	7	-0.2058730912054254	1.5275090599254526e-09	1
6283185.307179586	766.5665665665666	9	1.235590908434368	-1.48607184486152e-09	1
6283185.307179586	2429.2792792792793	9	1.397278359619683	-1.1934065859199596e-09	2
6283185.307179586	1775.3253253253254	8	0.4757297977451005	1.5129079208950898e-09	1
6283185.307179586	1121.3713713713714	1	-0.20725581720469588	1.1660899780679248e-09	1
6283185.307179586	2457.1071071071074	1	-0.15052972929776343	5.990822612608769e-10	1
6283185.307179586	1357.9079079079079	5	0.15133367522000363	3.401474387148199e-10	2
6283185.307179586	2373.6236236236236	3	-0.9492464526253331	-1.218064404368902e-10	2
6283185.307179586	2937.1371371371374	1	1.5642462562144672	1.5532831482431825e-09	2
6283185.307179586	2930.1801801801803	7	-0.061453161798553424	7.536098687926338e-10	1
6283185.307179586	1211.8118118118118	5	-0.9020346540719193	1.2611000767419809e-09	1
6283185.307179586	2756.256256256256	3	-0.18252293162875888	1.958528677137593e-10	2
6283185.307179586	1448.3483483483483	4	0.030505191624460082	8.429642977868062e-11	2
6283185.307179586	1657.0570570570571	5	0.827779013364033	3.013565052191734e-10	2
6283185.307179586	1622.2722722722724	4	-0.809784711644171	-1.5776602473534555e-09	1
6283185.307179586	1747.4974974974975	4	1.2478346043636095	-7.387054084385932e-10	1
6283185.307179586	2102.3023023023025	5	-0.4921511111875241	3.692850645912999e-10	1
6283185.307179586	1065.7157157157158	9	-0.5682355484276553	4.0705307399533114e-11	2
6283185.307179586	1371.821821821822	7	-1.2814339765399592	5.718997328280291e-10	1
6283185.307179586	1796.1961961961963	3	-0.7745527186551767	-1.7357485317646507e-09	1
6283185.307179586	2992.792792792793	1	1.0214410373946303	-2.7997312316621687e-10	2
6283185.307179586	3013.6636636636636	4	-0.280623929838242	1.8778487153486494e-09	1
6283185.307179586	613.5135135135135	2	0.15245786251233695	-9.979753765176432e-11	1
6283185.307179586	2213.613613613614	4	-1.029076586365349	1.7425563346927265e-09	1
6283185.307179586	2422.322322322322	4	0.47919249467590674	2.1992534291256374e-10	2
6283185.307179586	2164.914914914915	2	-0.5471594011898671	8.783961023691207e-11	2
6283185.307179586	3090.19019019019	2	-0.7716474899741436	-1.1080377877491846e-09	1
6283185.307179586	1357.9079079079079	8	1.1997295788653655	1.2009360917821234e-09	1
6283185.307179586	1197.897897897898	3	0.3366426580965627	1.6585163957258658e-09	1
6283185.307179586	1190.940940940941	2	-0.856042596679157	-1.769617406663927e-10	2
6283185.307179586	1504.004004004004	9	0.8225677917323275	5.415950598178418e-10	1
6283185.307179586	996.1461461461462	2	1.560736446577284	1.5761095772680537e-09	2
6283185.307179586	2429.2792792792793	4	0.3977102087448261	-1.9279421745310024e-09	1
6283185.307179586	1378.7787787787788	1	0.37728390979126036	-1.7404273903271298e-09	1
6283185.307179586	3424.124124124124	7	-1.4053099086221328	4.848851832090038e-10	1
6283185.307179586	1288.3383383383384	8	0.0019068464993667877	-1.4264207137725315e-09	1
6283185.307179586	1427.4774774774776	6	-1.021238887959158	6.415682931027908e-10	2
6283185.307179586	404.8048048048048	5	-0.06873244572984194	-4.8634785085635715e-11	2
6283185.307179586	1170.0700700700702	5	0.7474147179669299	-9.57164586952144e-10	1
6283185.307179586	1810.11011011011	9	1.20250314285312	-3.113024644839556e-11	1
6283185.307179586	2610.16016016016	5	-0.12435461193590491	-6.35617020285747e-11	2
6283185.307179586	1309.2092092092093	7	0.9718214129100491	1.6348557262098478e-09	1
6283185.307179586	1817.0670670670672	7	-0.27853921980006957	-6.775320491163774e-10	1
6283185.307179586	1664.014014014014	6	-0.07782706474998724	-1.030158770945754e-09	1
6283185.307179586	1740.5405405405406	5	0.6843022984105982	-1.5369285368846752e-09	1
6283185.307179586	2304.054054054054	6	0.6458345907974743	7.769035316294956e-10	1
6283185.307179586	1072.6726726726727	9	1.321277984378228	2.9784566255493867e-10	1
6283185.307179586	1858.8088088088089	6	-0.6802787927023458	4.680680644098116e-10	2
6283185.307179586	759.6096096096096	6	-1.1642681460028832	7.107891834190607e-10	2
6283185.307179586	1907.5075075075076	4	0.5202640743598907	1.4997507143973186e-09	1
6283185.307179586	3695.4454454454453	2	-1.017085610950713	1.3943940551261229e-09	1
6283185.307179586	168.2682682682683	9	-1.1905978874121645	-1.6634237282127385e-09	1
6283185.307179586	669.1691691691692	8	-0.5916159810433048	1.2061692704353444e-09	1
6283185.307179586	2123.1731731731734	1	-1.3036986616357709	6.60388271831973e-10	1
6283185.307179586	2958.008008008008	3	-1.263151633142761	1.6240835237606836e-09	1
6283185.307179586	397.84784784784785	8	-0.18516369797520094	1.241972926684622e-09	1
6283185.307179586	1733.5835835835837	7	0.5919292114801418	7.958063852340333e-10	1
6283185.307179586	3326.7267267267266	9	1.5027098480067997	1.5144397922098416e-09	1
6283185.307179586	1003.1031031031031	4	1.1291158445590677	1.0066016454605597e-09	2
6283185.307179586	2380.5805805805808	3	-1.0752559210896426	-1.0292083374414866e-09	1
6283185.307179586	1677.927927927928	2	-1.5133103897920017	4.538101457578565e-10	2
6283185.307179586	1371.821821821822	3	-1.4647608249972006	1.570452118266598e-09	2
6283185.307179586	1337.0370370370372	7	-0.37477201997441534	1.4765159205132505e-09	1
6283185.307179586	1935.3353353353355	1	0.34668539295585443	5.833323860941776e-10	1
6283185.307179586	2081.4314314314315	3	-1.10111170854283	1.738404108025479e-09	1
6283185.307179586	3236.286286286286	5	1.2112790736129089	-6.470953258427197e-10	1
6283185.307179586	1017.017017017017	8	-1.1342516071204456	7.993782444910272e-10	1
6283185.307179586	1420.5205205205204	8	1.532779980427497	-8.896493701751919e-10	2
6283185.307179586	2060.5605605605606	8	-0.4630784797946994	-1.956485575634123e-09	1
6283185.307179586	3639.7897897897897	2	-0.8835101131759256	-5.33244730000868e-10	1
6283185.307179586	2220.5705705705705	5	1.3402298176532037	1.126789546913597e-09	2
6283185.307179586	954.4044044044044	4	-0.5733496754540314	1.2838939948864317e-10	2
6283185.307179586	2032.7327327327328	6	-1.0656415724457036	8.59394793386589e-10	1
6283185.307179586	1239.6396396396397	3	-1.3153475215597803	-1.5157472233502625e-09	2
6283185.307179586	1977.077077077077	5	-0.9114543888469645	9.877240016674261e-10	1
6283185.307179586	1594.4444444444446	3	-1.198038342170402	-1.2987565276032696e-09	1
6283185.307179586	2317.967967967968	8	-0.24482565433447712	-1.0437150306901658e-09	1
6283185.307179586	376.97697697697697	1	-0.06673928959990016	7.067362191636283e-10	1
6283185.307179586	1170.0700700700702	8	0.8874175864767464	1.9050664778666875e-10	2
6283185.307179586	370.02002002002	6	-1.399743491195748	1.5123325043731334e-09	1
6283185.307179586	2464.064064064064	8	0.9901745914624822	-1.8225956808645854e-09	1
6283185.307179586	1177.027027027027	9	0.8989205846600692	1.628748768746665e-10	2
6283185.307179586	1225.7257257257259	7	-0.8994648106692162	-4.955662291298709e-10	2
6283185.307179586	1928.3783783783783	9	0.027189558036226913	-5.111768676713094e-10	1
6283185.307179586	1768.3683683683685	1	1.1389497925536212	-1.5847095687880987e-09	1
6283185.307179586	968.3183183183183	2	0.7611187257184406	1.0665926398911562e-09	1
6283185.307179586	863.963963963964	1	1.309731064441206	-5.240794906072313e-10	2
6283185.307179586	1754.4544544544544	7	1.2473866492244063	1.4286479938905257e-09	1
6283185.307179586	2909.3093093093094	1	-0.009944710159124126	2.60117600037079e-10	1
6283185.307179586	3695.4454454454453	1	1.2465295138306067	6.39244289969608e-10	2
6283185.307179586	2818.868868868869	8	-0.03399673221786559	6.56276115700698e-10	1
6283185.307179586	2123.1731731731734	1	-0.25139819270265895	1.4772048151052015e-09	1
6283185.307179586	3827.6276276276276	8	-1.4493547126372994	-1.4564114354689442e-09	2
6283185.307179586	877.877877877878	7	1.308460769213871	4.5034010403644323e-10	2
6283185.307179586	2617.1171171171172	4	-1.0428303210349945	3.7220426778716015e-10	2
6283185.307179586	2081.4314314314315	3	-1.5274270629108795	1.0859440807630456e-09	1
6283185.307179586	2651.901901901902	3	-0.4502703800111518	-1.686188625957175e-09	1
6283185.307179586	1691.8418418418419	5	1.0391268761460748	-3.0672665741654914e-10	1
6283185.307179586	1677.927927927928	8	-0.40151655701570776	-1.8873590546224338e-10	2
6283185.307179586	2185.7857857857857	1	1.1352939777716147	-4.4528432306022886e-10	2
6283185.307179586	2874.5245245245246	3	-0.9021340803102307	-9.195553282855494e-10	1
6283185.307179586	1879.6796796796798	8	-0.10086172034213803	-1.6379462951490994e-09	1
6283185.307179586	1309.2092092092093	2	-1.443502167245648	8.595207653764221e-10	2
6283185.307179586	1253.5535535535537	2	-0.9082432546096563	-4.952813212052889e-10	2
6283185.307179586	1622.2722722722724	6	1.2409436170051098	6.246268825026319e-10	1
6283185.307179586	829.1791791791792	7	-0.09569324655778377	1.3476098499257672e-09	1
6283185.307179586	1719.6696696696697	7	0.11440137390102478	1.9874963258494476e-09	1
6283185.307179586	2832.7827827827828	3	1.5672453134903686	1.2945264678049392e-09	1
6283185.307179586	1434.4344344344345	4	1.1192360318267047	-1.6003720998118106e-09	1
6283185.307179586	1601.4014014014015	4	-1.0674659872743337	4.5550215649313846e-10	2
6283185.307179586	2144.0440440440443	5	0.2258513826348485	-1.227007428334406e-10	1
6283185.307179586	1246.5965965965966	6	0.9472190574799346	1.7864523355711272e-09	1
6283185.307179586	2415.3653653653655	8	1.2228880234033963	7.931760470786801e-11	2
6283185.307179586	1796.1961961961963	5	-0.3828144596152667	1.5292682639164927e-09	1
6283185.307179586	940.4904904904905	7	0.4366357947286299	1.2842687277588857e-09	1
6283185.307179586	1650.1001001001002	7	0.34402592975704027	-1.7661463798308905e-09	1
6283185.307179586	3278.028028028028	1	-0.42824864325598133	-1.519243930563321e-09	1
6283185.307179586	1684.884884884885	2	-1.362565221724405	1.54400628535821e-09	1
6283185.307179586	1441.3913913913914	9	0.5489990362461037	-8.456201171342608e-10	1
6283185.307179586	1170.0700700700702	8	-0.14272764927765502	-2.9150819459081307e-10	1
6283185.307179586	1504.004004004004	1	0.2001280173233042	9.85426625380361e-10	1
6283185.307179586	1796.1961961961963	1	0.9020339678508842	1.6795955816032278e-09	1
6283185.307179586	808.3083083083084	6	0.4494189414193541	1.0199557897571893e-09	1
6283185.307179586	1260.5105105105106	2	0.18684047311204988	-6.755314217265122e-10	2
6283185.307179586	1768.3683683683685	6	-1.3240445796324019	-8.129618609484749e-10	2
6283185.307179586	2185.7857857857857	5	0.4226293186044714	-4.66912366031874e-10	1
6283185.307179586	1086.5865865865867	7	0.49122939415258005	3.937225400399374e-11	1
6283185.307179586	863.963963963964	4	-1.0876025096918558	1.1201111830620523e-09	1
6283185.307179586	3006.706706706707	9	0.990389924018896	9.156201330791378e-10	1
6283185.307179586	2721.4714714714714	8	0.01175469870167789	-1.4988304601944425e-09	1
6283185.307179586	1017.017017017017	6	-0.9562031455421048	7.023115494685103e-10	2
6283185.307179586	843.0930930930931	3	-0.5966991919965732	1.1924183041702904e-09	1
6283185.307179586	1587.4874874874874	2	-0.5363515535008634	-7.877598778851209e-11	1
6283185.307179586	4300.7007007007005	1	-0.16428426363241533	-1.2968638809672545e-09	1
6283185.307179586	1601.4014014014015	5	1.28123021125116	9.876027978973675e-10	1
6283185.307179586	2241.4414414414414	3	0.2642574671584361	4.4911469748582936e-10	1
6283185.307179586	2575.3753753753754	2	-1.1808920873607986	1.340519650208031e-10	2
6283185.307179586	1517.917917917918	1	0.08210473023728793	1.901709837458271e-09	1
6283185.307179586	2102.3023023023025	3	-1.1920271202709043	-1.1679737723667942e-09	1
6283185.307179586	2644.944944944945	5	-1.5115753046569202	-1.6647657462534837e-09	1
6283185.307179586	2881.4814814814818	4	-1.3228845665601852	4.976389350195155e-10	1
6283185.307179586	516.1161161161161	4	-1.2088079748842768	1.6566601514840315e-09	2
6283185.307179586	1587.4874874874874	1	0.8643790297811105	-3.032024283130822e-10	2
6283185.307179586	460.46046046046047	5	-0.35745368533019706	1.584613315845132e-09	1
6283185.307179586	1566.6166166166167	8	0.3373816233434128	7.481309513031485e-10	1
6283185.307179586	1399.6496496496497	7	-1.1844288907325509	8.251652033991714e-10	2
6283185.307179586	2116.2162162162163	3	0.5831422899074679	-1.9061031288017924e-09	1
6283185.307179586	474.3743743743744	2	1.1359051805279128	3.308646826272646e-12	1
6283185.307179586	2387.5375375375374	2	-0.7313523871856228	1.6145346435050374e-09	1
6283185.307179586	1156.1561561561562	4	0.800678873634451	-1.4226068260342526e-10	1
6283185.307179586	2039.6896896896897	3	0.018150918586793185	1.4547520137217923e-10	2
6283185.307179586	1378.7787787787788	4	-0.9275137236865671	1.2819948343074502e-09	1
6283185.307179586	2039.6896896896897	8	1.0708340121443292	-1.4628901108897541e-09	1
6283185.307179586	2331.881881881882	3	0.14941418971133036	-3.5608364168925145e-10	1
6283185.307179586	1796.1961961961963	9	0.10526322655166576	-1.2978198717096984e-09	1
6283185.307179586	2637.987987987988	8	1.1673332490754746	-1.0242463938429691e-09	1
6283185.307179586	1865.7657657657658	3	-1.1960381196347516	-1.5689164897624452e-09	1
6283185.307179586	1288.3383383383384	9	-0.1215689030332312	-1.2043381663516326e-09	1
6283185.307179586	495.24524524524526	2	-0.988722436467887	-6.821747216285857e-10	1
6283185.307179586	1796.1961961961963	1	-1.5646713897145523	-6.885339082666101e-10	2
6283185.307179586	1893.5935935935936	3	0.5928168356969334	1.7997657870674147e-09	1
6283185.307179586	912.6626626626627	2	0.666530486661439	6.985312172871352e-10	1
6283185.307179586	1517.917917917918	9	-1.2414456818181867	8.82181962570324e-10	2
6283185.307179586	1921.4214214214214	6	-0.23044793078943715	9.086280645094053e-10	1
6283185.307179586	1650.1001001001002	3	-0.44206906962469916	-5.43627642113215e-10	2
6283185.307179586	1636.1861861861862	9	1.4211339656387287	-8.617775452817803e-10	1
6283185.307179586	2074.474474474475	7	1.224335971611474	-1.4477116687609733e-09	1
6283185.307179586	1872.7227227227227	2	-0.45417988770669826	2.6287671260832076e-10	2
6283185.307179586	1107.4574574574574	9	-0.7142981472960129	3.7573211241499267e-10	2
6283185.307179586	1253.5535535535537	8	-0.36398024590771216	1.2591741462901983e-09	1
6283185.307179586	1636.1861861861862	3	-0.1141296009512558	-1.987640770450743e-09	1
6283185.307179586	3118.018018018018	3	-0.70424999725332	-7.828332876368106e-10	1
6283185.307179586	1490.0900900900901	1	0.243120369578812	-1.0322283079173734e-09	1
6283185.307179586	3097.1471471471473	4	0.05737634383426804	-7.409877664929502e-10	1
6283185.307179586	2721.4714714714714	3	0.7056168237622491	-2.956236963786885e-10	2
6283185.307179586	1093.5435435435436	1	1.1828820187344884	1.4491796259310084e-09	1
6283185.307179586	2206.6566566566567	3	1.4775975120501812	9.583409402687724e-11	1
6283185.307179586	3180.6306306306305	7	-0.0630869519550008	1.991013518168596e-09	1
6283185.307179586	2199.6996996997	5	1.37794999184888	-1.0747750257296593e-09	1
6283185.307179586	2241.4414414414414	9	-1.5465736198170523	-1.4618630105230827e-09	2
6283185.307179586	1782.2822822822823	1	0.7285732499919306	-1.7881548637898504e-09	1
6283185.307179586	1072.6726726726727	7	1.465611881539104	8.534010133372285e-10	1
6283185.307179586	1601.4014014014015	2	0.016025289040654478	4.22656404025718e-10	1
6283185.307179586	1914.4644644644645	4	-0.1388053198481174	1.8019508166885399e-09	1
6283185.307179586	1337.0370370370372	1	-0.3518579460770179	-1.3701632230009145e-09	1
6283185.307179586	2540.5905905905906	2	1.095439766707245	1.4490909418508473e-09	1
6283185.307179586	1782.2822822822823	7	0.7818133036568806	-2.2699888706863586e-10	2
6283185.307179586	1886.6366366366367	6	-0.5614252770728394	-1.323018320990797e-09	1
6283185.307179586	2477.977977977978	5	-0.28695480628206904	-1.2814534983113642e-09	1
6283185.307179586	1970.1201201201202	5	-0.4435203399368859	9.655658068793666e-10	1
6283185.307179586	2561.4614614614616	8	0.9599571431410254	-1.4031799313856191e-09	1
6283185.307179586	2137.087087087087	2	0.7597712104102796	1.726305729498113e-09	1
6283185.307179586	3723.2732732732734	6	-0.4631542037007148	1.8792665838706042e-09	1
6283185.307179586	2102.3023023023025	9	1.1313483035684997	-1.358672515283284e-09	1
6283185.307179586	2206.6566566566567	1	-0.8618582061584756	4.1824558136471694e-10	2
6283185.307179586	3076.2762762762763	8	0.8417304575598314	-1.0903139965505743e-10	1
6283185.307179586	1343.993993993994	3	0.9201349593537209	-1.2819311050624079e-09	1
6283185.307179586	1914.4644644644645	3	-1.440372921511252	5.463784329777321e-10	2
6283185.307179586	1705.755755755756	3	-1.2849199804503766	-1.3716366326181393e-09	1
6283185.307179586	1580.5305305305305	3	-0.6465478289157246	2.1986995123311699e-10	1
6283185.307179586	543.943943943944	3	-0.643918498320946	-8.472202409795396e-10	1
6283185.307179586	2324.924924924925	9	-1.5511001235316482	9.390781337225053e-10	2
6283185.307179586	2081.4314314314315	3	-1.4002147647008603	8.091047793268899e-10	1
6283185.307179586	2095.3453453453453	6	-1.5623121607950214	-1.4439244557293694e-09	2
6283185.307179586	1114.4144144144145	7	-1.2409727400415362	-9.747604109559226e-10	2
6283185.307179586	1914.4644644644645	6	0.3847985078402971	3.978573259809668e-11	1
6283185.307179586	2797.997997997998	3	-1.4715030628319588	-4.91764409506918e-11	2
6283185.307179586	1775.3253253253254	3	1.299972863528247	-4.862086251330529e-10	1
6283185.307179586	2046.6466466466468	2	0.374876894313678	-1.3732757527784686e-09	1
6283185.307179586	2011.8618618618618	6	-1.4834758969257824	-1.8363833428492172e-10	1
6283185.307179586	2693.643643643644	4	-0.7148512484267562	1.9407844485939275e-10	1
6283185.307179586	2707.5575575575576	4	-0.45165716631521957	-1.047397090898353e-09	1
6283185.307179586	1469.2192192192192	5	0.4401014771746601	7.946651631336816e-10	1
6283185.307179586	2081.4314314314315	4	-0.501121085493965	-6.794184788644793e-10	1
6283185.307179586	1837.937937937938	4	1.4182734277081992	-1.497425074755307e-09	2
6283185.307179586	2352.7527527527527	6	1.3924783478799005	-7.221631295620984e-10	1
6283185.307179586	1921.4214214214214	4	0.5487161642737237	3.124551736427179e-10	2
6283185.307179586	585.6856856856857	2	-0.48630973897187313	-7.607879996442546e-10	2
6283185.307179586	1350.950950950951	1	-0.4463726763858116	-1.0806569867010465e-09	1
6283185.307179586	2178.828828828829	2	0.4053335738479711	3.0779833232244266e-11	1
6283185.307179586	2304.054054054054	2	0.7816536546989381	1.317905986358938e-09	1
6283185.307179586	1650.1001001001002	4	-0.9464836747333544	-8.432869162281257e-11	1
6283185.307179586	1337.0370370370372	3	0.2621573220934892	-1.506510555237993e-09	1
6283185.307179586	1719.6696696696697	1	1.3259473713742245	1.9900551926265205e-10	2
6283185.307179586	1406.6066066066066	3	0.13417639394729575	6.6624475927167e-11	1
6283185.307179586	1281.3813813813815	8	0.4219801448810019	1.6552986017490463e-09	1
6283185.307179586	1524.8748748748749	6	0.2849648424742941	-1.6602615916404175e-09	1
6283185.307179586	1190.940940940941	3	0.9694454099205294	1.9037383680723295e-09	1
6283185.307179586	1810.11011011011	5	0.2623582625103402	-8.673019867725752e-10	1
6283185.307179586	780.4804804804805	1	-0.6723943280657888	1.804704107759298e-09	1
6283185.307179586	2130.13013013013	3	0.9379475699021911	-1.940165796870531e-09	1
6283185.307179586	2617.1171171171172	9	1.3537100052261306	-1.0386437248715597e-09	2
6283185.307179586	1552.7027027027027	3	-0.6661450204493977	9.784613793280364e-10	1
6283185.307179586	2937.1371371371374	6	0.7888230882486842	-1.1057434012502622e-09	1
6283185.307179586	1643.143143143143	9	-0.35736176549128373	-1.1515725603778443e-09	1
6283185.307179586	2477.977977977978	6	0.26338117797681293	-1.2490427874768732e-09	1
6283185.307179586	481.33133133133134	2	-0.10237473310559286	1.722271014984158e-09	1
6283185.307179586	1330.08008008008	9	-0.38673639487901945	2.613084826084856e-10	2
6283185.307179586	564.8148148148148	6	0.9554193865623057	-4.359362634816968e-10	2
6283185.307179586	1371.821821821822	6	1.505826664817636	1.4191127482379334e-09	1
6283185.307179586	2373.6236236236236	3	-0.12778074347860158	8.937846572809112e-10	1
6283185.307179586	1100.5005005005005	1	0.5002947258518402	-9.481598062692288e-10	1
6283185.307179586	1768.3683683683685	1	1.0926911661082688	-1.8777228846479246e-09	1
6283185.307179586	857.007007007007	9	-0.8413336592454176	7.465743955524748e-10	2
6283185.307179586	1476.176176176176	5	0.23095604061733144	-1.6703718594499866e-09	1
6283185.307179586	2144.0440440440443	4	-0.4090836010946004	1.305848760777639e-10	2
6283185.307179586	1260.5105105105106	4	1.292105445379355	2.681651978966034e-10	1
6283185.307179586	1003.1031031031031	8	0.40854978606767167	-1.880688392716362e-10	1
6283185.307179586	2895.3953953953956	7	0.4377932927333399	-7.076772126596121e-10	1
6283185.307179586	606.5565565565565	1	0.030862353693625222	5.395399186365814e-10	1
6283185.307179586	1260.5105105105106	7	0.24574094019759873	1.2662306508235347e-09	1
6283185.307179586	1775.3253253253254	5	-0.2004433179256453	-1.7484738099529792e-09	1
6283185.307179586	3605.005005005005	8	0.12656876738179923	-8.937827987486373e-10	1
6283185.307179586	1128.3283283283283	8	-1.1802056244011399	1.9748133810428823e-09	1
6283185.307179586	2025.7757757757759	4	-0.8869845053068814	-1.647675594493216e-09	1
6283185.307179586	1295.2952952952953	6	-0.279044278165546	1.243371783610054e-09	1
6283185.307179586	620.4704704704704	9	-0.48232954386519333	6.513020658363946e-10	2
6283185.307179586	676.1261261261261	2	1.3773416924654418	-1.2561505672016882e-09	1
6283185.307179586	940.4904904904905	4	-1.1753515990324808	-1.7896087666954e-09	1
6283185.307179586	1733.5835835835837	2	0.3349208354237041	-1.647572367317491e-09	1
6283185.307179586	2770.1701701701704	3	0.933938069765265	-4.871178870048892e-10	1
6283185.307179586	1830.980980980981	1	-1.5008695101771314	1.1166738527271268e-09	1
6283185.307179586	1824.0240240240241	4	-0.4685428143808599	1.991471891124111e-09	1
6283185.307179586	1357.9079079079079	8	1.139024977696141	8.46818042680213e-10	1
6283185.307179586	3598.0480480480483	7	-0.4423178796302041	7.500740421996704e-10	1
6283185.307179586	2519.7197197197197	8	0.2958255405942347	3.0245625900713066e-11	1
6283185.307179586	342.1921921921922	6	0.35647470475286225	-1.279266446670762e-09	1
6283185.307179586	3806.7567567567567	3	-0.9301947780747593	1.0245113080801933e-09	1
6283185.307179586	1580.5305305305305	5	0.7890852394802157	-3.4031776443300594e-10	1
6283185.307179586	1775.3253253253254	1	0.3140989671469385	-2.0098512135337555e-10	2
6283185.307179586	2589.289289289289	1	-1.5631662431170243	-2.560092010688445e-10	1
6283185.307179586	2359.70970970971	9	1.2621334858215776	1.1902637508934278e-09	1
6283185.307179586	1211.8118118118118	1	1.3746325458620476	8.440791564795502e-11	2
6283185.307179586	1956.2062062062062	3	0.3594772764665355	1.2642830930994433e-09	1
6283185.307179586	1664.014014014014	8	-0.245985294370217	-1.0127801227968817e-10	2
6283185.307179586	536.986986986987	1	-0.6183011982617791	-8.238491962588732e-10	2
6283185.307179586	1817.0670670670672	9	0.5013674896507307	1.7208590756906572e-09	1
6283185.307179586	1343.993993993994	2	0.6167910864304047	-1.1021098034631264e-09	1
6283185.307179586	1837.937937937938	9	-0.26494534927503266	-1.4224658289574656e-09	1
6283185.307179586	1524.8748748748749	1	-1.036912426006876	5.963148337857809e-10	2
6283185.307179586	1608.3583583583584	8	0.7816369277265132	1.2759059728189766e-09	1
6283185.307179586	2951.051051051051	3	-0.2611491726801727	1.2276526524934437e-10	1
6283185.307179586	1622.2722722722724	5	-1.4306166166519738	1.058631930091764e-09	1
6283185.307179586	3500.6506506506507	2	1.3083091190507643	1.8858672081303948e-10	1
6283185.307179586	717.8678678678679	7	-0.7180434548641018	-1.421542453602736e-09	1
6283185.307179586	3305.855855855856	8	0.2068171364306466	-1.6430286037936859e-09	1
6283185.307179586	2338.838838838839	7	0.8613487174359076	5.287317126023463e-10	1
6283185.307179586	592.6426426426426	2	1.1049796556872935	-8.901959091572213e-10	1
6283185.307179586	1107.4574574574574	8	-0.5463211223726254	-3.8580359713631205e-10	1
6283185.307179586	669.1691691691692	9	-1.544296523292379	6.993788216969526e-10	1
6283185.307179586	961.3613613613613	9	0.3753014154852965	-8.34172757057254e-10	1
6283185.307179586	1677.927927927928	3	1.0886951165259067	-1.2649972011626894e-09	1
6283185.307179586	1545.7457457457458	1	1.5485958555533181	5.404062553323965e-11	2
6283185.307179586	1650.1001001001002	2	0.5471996593401123	8.538151084105499e-10	1
6283185.307179586	2276.226226226226	7	0.021493362686787254	-5.765823609542449e-10	1
6283185.307179586	1615.3153153153153	7	0.24635021244228272	-6.84912817681389e-10	1
6283185.307179586	1490.0900900900901	3	0.4449782133580862	1.7697471477320949e-10	1
6283185.307179586	3194.544544544545	5	0.27704480949361776	-1.5666718250222395e-09	1
6283185.307179586	3076.2762762762763	8	-0.8769493823479566	-6.11589773670982e-10	1
6283185.307179586	2526.676676676677	1	-1.0331269157611194	-4.823022626158493e-10	2
6283185.307179586	2464.064064064064	2	0.20863593647488443	1.912902840810808e-09	1
6283185.307179586	1517.917917917918	2	-1.1463171625860018	1.9138113910260702e-09	1
6283185.307179586	1830.980980980981	7	0.4454675942716304	-6.989895986507877e-10	1
6283185.307179586	2324.924924924925	8	0.6237746370949133	-7.73348584211882e-10	1
6283185.307179586	3180.6306306306305	2	0.8573781767903834	1.6288441116470004e-09	1
6283185.307179586	2366.6666666666665	3	1.302297913161905	-5.031599053619145e-10	2
6283185.307179586	1399.6496496496497	5	0.7530451525197766	1.8001037361537749e-09	1
6283185.307179586	1517.917917917918	1	1.3297272033393686	6.066421234108121e-11	2
6283185.307179586	843.0930930930931	2	-0.7067509586265395	-2.417917351946625e-10	1
6283185.307179586	2304.054054054054	4	-0.9897908878534344	-9.212066996577653e-10	1
6283185.307179586	2032.7327327327328	6	0.7818999014793531	-1.7230144192164195e-09	1
6283185.307179586	2380.5805805805808	1	0.3275905209741523	-1.862503144438834e-09	1
6283185.307179586	1949.2492492492493	1	1.4080286652364746	-1.0922595379570187e-10	2
6283185.307179586	467.4174174174174	9	1.454910139581886	-1.8696171731971647e-09	1
6283185.307179586	1086.5865865865867	4	0.02825043514475012	6.851270869652354e-10	1
6283185.307179586	1364.864864864865	8	-0.42737485031044975	9.917598142248453e-10	1
6283185.307179586	2199.6996996997	1	-1.0990970197152359	-4.2232432121525576e-11	1
6283185.307179586	1441.3913913913914	4	0.8981191558073554	6.848363465613585e-10	2
6283185.307179586	481.33133133133134	7	-0.46045797055344684	1.4994142332623763e-09	2
6283185.307179586	752.6526526526527	3	1.1282005817955478	-8.229784451597521e-10	1
6283185.307179586	1239.6396396396397	1	-1.4067938086824374	-9.467823318791911e-10	2
6283185.307179586	1817.0670670670672	9	0.28128955855490845	1.755873364435668e-09	1
6283185.307179586	1664.014014014014	9	-0.7934134460336472	4.6211059196309327e-10	2
6283185.307179586	1893.5935935935936	1	-1.3327425141819509	-8.574670805136622e-10	1
6283185.307179586	1768.3683683683685	1	1.3293307908275027	4.6177969557406543e-10	2
6283185.307179586	1594.4444444444446	3	0.21565755270663023	1.4670771534031461e-09	1
6283185.307179586	1629.2292292292293	4	0.11302711135981691	-1.5411480891935985e-09	1
6283185.307179586	1963.1631631631633	3	-1.1648885164566551	-9.970550667139185e-10	1
6283185.307179586	1775.3253253253254	4	-1.3077072978380462	-1.2578152454856652e-09	2
6283185.307179586	2631.031031031031	8	1.1705116227963042	-1.0493154505014105e-09	1
6283185.307179586	1851.851851851852	3	-1.1129881068025194	-1.1848353808617951e-09	1
6283185.307179586	2512.762762762763	9	-0.6830536635672425	1.4031131511065802e-09	1
6283185.307179586	481.33133133133134	7	-1.5346658694978625	-3.436323211152243e-11	1
6283185.307179586	1636.1861861861862	4	1.5235067196534562	1.4922164148681018e-09	1
6283185.307179586	1003.1031031031031	7	0.8708265864809945	-1.6874875386435995e-09	1
6283185.307179586	4467.667667667668	3	1.4356543892764688	-1.4969513525441754e-09	1
6283185.307179586	1281.3813813813815	4	0.5386023604832064	-1.5462974364568522e-11	1
6283185.307179586	3187.5875875875877	6	1.2946601594923886	-1.4911202498706767e-09	1
6283185.307179586	2686.6866866866867	6	0.9504033663973948	3.1416420284653464e-10	2
6283185.307179586	905.7057057057058	3	1.283414253108269	1.3806615900160054e-09	2
6283185.307179586	1343.993993993994	7	1.4042923206262619	6.548283512388545e-10	2
6283185.307179586	1900.5505505505505	6	0.07096278646472576	-1.5920705362410588e-09	1
6283185.307179586	3368.4684684684685	8	1.242569843103848	-1.4929728580716488e-09	1
6283185.307179586	1295.2952952952953	3	-0.8851781091761735	-8.040928931503762e-10	1
6283185.307179586	1392.6926926926926	3	-1.1148841786976174	1.0326717498202537e-09	1
6283185.307179586	2227.5275275275276	5	1.4140343302467913	-1.1184130070467223e-09	2
6283185.307179586	1177.027027027027	5	-0.6093121324742132	6.32309726218563e-10	1
6283185.307179586	1865.7657657657658	4	0.2998424084803064	3.528205709343951e-10	2
6283185.307179586	418.7187187187187	9	1.5688417122816123	1.097283134765846e-10	2
6283185.307179586	975.2752752752752	7	-0.33863830377272897	9.03288338478468e-10	1
6283185.307179586	877.877877877878	8	1.2874562667644005	-1.355400218976409e-09	1
6283185.307179586	1754.4544544544544	5	1.4902278481355595	4.3540363662109836e-10	1
6283185.307179586	2881.4814814814818	8	-0.9523613786295482	6.131619947554981e-10	1
6283185.307179586	794.3943943943945	1	0.0701577758250882	5.240333166116641e-10	1
6283185.307179586	2338.838838838839	7	0.32556344896609857	2.4972810282285097e-10	1
6283185.307179586	1837.937937937938	6	0.1265896217482212	-1.8820710844114842e-09	1
6283185.307179586	1726.6266266266266	8	-1.065281701518395	-6.020140962121499e-10	2
6283185.307179586	1392.6926926926926	4	-0.5379011805254146	1.8457460036991312e-09	1
6283185.307179586	724.8248248248249	3	-0.4871224324473764	-1.9807183166361726e-09	1
6283185.307179586	2387.5375375375374	7	0.677586226425305	-5.449757908868778e-10	1
6283185.307179586	1587.4874874874874	1	-1.0711547638770411	6.245427759050858e-10	2
6283185.307179586	2443.193193193193	9	1.434310033782309	-3.596446183998544e-10	1
6283185.307179586	982.2322322322323	7	1.5684037739428147	-1.0613993541137515e-10	1
6283185.307179586	1879.6796796796798	8	0.5303643893229695	-6.200403768357718e-10	1
6283185.307179586	1142.2422422422424	9	-0.7515830634347552	1.7970118312156774e-09	1
6283185.307179586	1490.0900900900901	8	1.0182016292778484	5.405400497931774e-10	2
6283185.307179586	1664.014014014014	1	-0.3526724677013997	-4.762312142084167e-10	1
6283185.307179586	1643.143143143143	2	0.35446749919540976	2.800128431731434e-11	1
6283185.307179586	397.84784784784785	1	-1.2290294449304016	-7.569502415829371e-10	2
6283185.307179586	2610.16016016016	9	1.2926292782913102	4.076801514229769e-10	2
6283185.307179586	2060.5605605605606	1	0.2633709079356634	5.910942425227517e-10	1
6283185.307179586	1858.8088088088089	1	0.64198623911546	-3.138420438451679e-12	2
6283185.307179586	1817.0670670670672	8	-0.14348059512527467	1.8584046007907428e-09	1
6283185.307179586	446.54654654654655	8	0.17661697395917653	7.281188363073805e-12	1
6283185.307179586	1851.851851851852	5	1.3887845958412761	3.7050240711944825e-10	2
6283185.307179586	2046.6466466466468	8	-1.2264722770860343	3.723838179320348e-10	1
6283185.307179586	1010.0600600600601	7	-0.44718835179127114	2.7966902064594235e-10	1
6283185.307179586	2672.772772772773	2	1.2440775568216815	1.820466806981345e-09	1
6283185.307179586	759.6096096096096	2	-1.1168312565976064	-9.547793197347496e-10	1
6283185.307179586	2151.001001001001	9	0.8923389843886049	-1.9706704174800278e-09	1
6283185.307179586	696.996996996997	5	0.5387777721418119	1.042273428616883e-10	1
6283185.307179586	1956.2062062062062	9	-0.09194149257892992	1.1318014670148498e-09	1
6283185.307179586	1107.4574574574574	5	-0.25630198484704536	-9.005300720913861e-11	2
6283185.307179586	1705.755755755756	1	-0.19966003349839	1.7026467174089121e-09	1
6283185.307179586	1128.3283283283283	8	1.4385320909278518	1.344620661567254e-09	1
6283185.307179586	1142.2422422422424	3	0.4259163245702542	-1.2511674068819977e-09	1
6283185.307179586	2631.031031031031	8	-0.8702926610975611	-1.9066670241642956e-09	1
6283185.307179586	3187.5875875875877	9	0.5518253610485964	1.118673130000682e-09	1
6283185.307179586	1921.4214214214214	7	0.28190428247261456	9.437128134983008e-10	1
6283185.307179586	2331.881881881882	3	0.5500097350105086	-1.4593385067476228e-09	1
6283185.307179586	2380.5805805805808	6	1.102159667083546	-1.9478682387013163e-09	1
6283185.307179586	926.5765765765766	7	1.0526422018003148	1.0944318986707668e-09	1
6283185.307179586	3020.6206206206207	2	0.40684349804007436	-1.4876136034117833e-09	1
6283185.307179586	745.6956956956957	6	0.7950354209412955	1.1525083254252631e-10	2
6283185.307179586	1107.4574574574574	6	-0.0787030980225707	1.6558192767571169e-10	1
6283185.307179586	1190.940940940941	1	-0.5863192677984288	4.877973787150835e-11	2
6283185.307179586	1135.2852852852852	7	1.2665081932456004	1.7188170052437386e-09	1
6283185.307179586	2074.474474474475	8	1.5110996266534253	-1.6020316465087997e-09	1
6283185.307179586	1114.4144144144145	7	-0.39010013183835124	1.0073523959809426e-09	1
6283185.307179586	1865.7657657657658	7	-0.2122076339988488	-3.7024793486762736e-10	1
6283185.307179586	1552.7027027027027	3	-0.8890529037461629	2.981625110970317e-10	1
6283185.307179586	1824.0240240240241	1	0.6502143143079615	-1.6646870159390535e-09	1
6283185.307179586	578.7287287287287	2	-0.867159966649716	-1.7956984219947848e-09	1
6283185.307179586	1510.960960960961	2	0.7408600442440614	1.3908443390121553e-09	1
6283185.307179586	1935.3353353353355	3	-1.1204029657177268	1.2350109339076133e-10	1
6283185.307179586	1218.7687687687687	8	1.0031291143616174	-3.144754054757058e-10	1
6283185.307179586	1712.7127127127128	1	-0.8194760450009216	1.388805877992011e-09	1
6283185.307179586	3451.951951951952	8	-0.6782133180369433	-7.010265300449184e-10	1
6283185.307179586	2192.742742742743	4	-1.5366266150537113	2.7283882070440362e-11	1
6283185.307179586	2109.259259259259	3	0.15088801581604194	1.213376597252513e-09	1
6283185.307179586	189.13913913913913	3	0.6822995814164554	8.641879056661771e-10	1
6283185.307179586	1337.0370370370372	3	0.3387509324187177	-1.8842959599993937e-09	1
6283185.307179586	1357.9079079079079	2	-0.2764467687761194	-1.1935021177852657e-09	1
6283185.307179586	2116.2162162162163	1	1.3156660636879298	1.882321556239426e-09	1
6283185.307179586	2589.289289289289	1	-1.485094104966045	1.6224468294563174e-09	1
6283185.307179586	1914.4644644644645	4	0.3961491125658618	-1.7264443316311372e-09	1
6283185.307179586	1274.4244244244244	2	-0.012456338641307685	-7.280201954320731e-10	1
6283185.307179586	898.7487487487488	2	1.5053997567260788	-1.583350321217036e-09	1
6283185.307179586	1921.4214214214214	8	0.11558484449652062	-1.141212382096597e-09	1
6283185.307179586	1371.821821821822	3	1.567108492145942	2.5501201937584904e-11	1
6283185.307179586	1664.014014014014	3	0.1104966084219352	-7.051887857649204e-10	1
6283185.307179586	84.78478478478479	2	-1.3854715915013482	1.4201708682787447e-09	1
6283185.307179586	627.4274274274275	5	1.169093790049533	1.9837306743067994e-09	1
6283185.307179586	2290.1401401401404	8	1.3348301291147378	-6.9638883883432e-10	1
6283185.307179586	2422.322322322322	3	-0.8888830866973141	1.8019881332431548e-09	1
6283185.307179586	1378.7787787787788	9	-0.15409925618965326	-4.889372460460644e-10	1
6283185.307179586	2505.805805805806	3	0.7454774546229008	8.1522463401153e-11	1
6283185.307179586	1517.917917917918	7	1.2186986592346334	-1.4662846373135961e-09	1
6283185.307179586	2227.5275275275276	6	-1.5495604482621546	-4.2884944288789846e-10	2
6283185.307179586	3486.736736736737	5	1.3256824482576723	-4.5581171089676167e-10	1
6283185.307179586	2909.3093093093094	2	-0.5180465357759103	1.488521223360364e-09	1
6283185.307179586	2283.1831831831832	5	0.22853412718086275	1.2886628720649784e-09	1
6283185.307179586	1211.8118118118118	3	-0.41614103308493067	2.250031142743561e-11	1
6283185.307179586	2582.3323323323325	4	-1.3812545827148328	-1.1609159553682722e-09	2
6283185.307179586	1462.2622622622623	6	-1.302402520378219	-9.418302980543367e-10	1
6283185.307179586	1413.5635635635635	1	-1.2836306302917422	-1.311736296100123e-09	1
6283185.307179586	2554.5045045045044	4	0.7767543831889654	-1.4268190735528897e-09	1
6283185.307179586	2102.3023023023025	8	-1.1094334588110413	-5.169249914243465e-10	2
6283185.307179586	1371.821821821822	6	0.8435088972399187	1.760908829938623e-09	1
6283185.307179586	1232.6826826826828	1	-0.24436531483519164	-8.754400939610276e-10	1
6283185.307179586	2429.2792792792793	3	1.0295841767998763	-9.006917299060372e-10	1
6283185.307179586	2735.3853853853852	1	-0.7660603398153785	4.1577247569254876e-10	1
6283185.307179586	1754.4544544544544	5	1.2767494402450046	2.736584477031345e-10	1
6283185.307179586	1726.6266266266266	1	1.456797603248157	-1.2928247698823898e-09	2
6283185.307179586	1483.1331331331332	3	-1.4485512273746906	1.7379253125255615e-10	1
6283185.307179586	2505.805805805806	8	-0.22206067410581398	-1.3664193941579717e-09	1
6283185.307179586	1677.927927927928	7	-0.5948369182388172	-1.356957481091652e-09	1
6283185.307179586	1608.3583583583584	8	0.11193404567843701	-1.2329307028269576e-09	1
6283185.307179586	536.986986986987	7	-1.514327868780581	1.8029235879289398e-09	2
6283185.307179586	1163.113113113113	4	1.4539666131281699	6.136411759024201e-10	1
6283185.307179586	2575.3753753753754	3	-0.7284544660282686	6.964255953656723e-10	1
6283185.307179586	1170.0700700700702	9	-0.9154447016634145	9.654909618117028e-10	1
6283185.307179586	787.4374374374374	9	-0.40006601709162815	7.2400888768308e-10	2
6283185.307179586	530.03003003003	8	1.5569834706363075	7.991245129999575e-11	2
6283185.307179586	2582.3323323323325	2	0.20517121418014939	1.2979102040581793e-10	2
6283185.307179586	2234.4844844844847	3	-0.39859127029601593	-5.91672192906056e-10	1
6283185.307179586	696.996996996997	2	-0.7377408605419614	6.07269418357271e-10	1
6283185.307179586	1441.3913913913914	7	-0.7512395384414382	1.4274858998160867e-09	1
6283185.307179586	2902.352352352352	5	-1.2404936415008547	-1.6072567143181154e-09	1
6283185.307179586	2881.4814814814818	7	-0.5193617860575124	-8.161528858301269e-10	1
6283185.307179586	1211.8118118118118	5	-1.2907115865748826	4.951858455229281e-10	1
6283185.307179586	1970.1201201201202	5	1.1322621323537065	3.332282522261845e-10	2
6283185.307179586	1858.8088088088089	1	-1.4479980855512717	-8.417407100464215e-10	2
6283185.307179586	3271.071071071071	3	0.7906042000501685	-1.964905947940871e-10	2
6283185.307179586	2533.6336336336335	2	0.15998756694647698	-6.587443247902308e-10	1
6283185.307179586	905.7057057057058	2	-1.277197101428617	-1.4911705264412444e-09	2
6283185.307179586	2067.5175175175173	9	0.820373828209978	6.178890239630285e-10	2
6283185.307179586	3549.3493493493493	5	1.472957942891885	-1.7179064330456715e-10	1
6283185.307179586	724.8248248248249	6	-1.0885040739063354	-1.456181380552049e-09	1
6283185.307179586	961.3613613613613	8	0.8768626905304866	1.90700790195352e-09	1
6283185.307179586	1323.1231231231232	2	-0.3412008797281876	9.885228781278684e-10	1
6283185.307179586	2422.322322322322	3	0.5966754744771796	-1.5810912553539738e-09	1
6283185.307179586	662.2122122122122	1	-1.0229649438905755	3.7656181674834477e-10	1
6283185.307179586	1177.027027027027	8	-1.014879022065439	-8.967486041964837e-10	1
6283185.307179586	1218.7687687687687	1	-1.0502878628438792	3.7310091729451333e-10	2
6283185.307179586	1698.7987987987988	6	0.7377602622320034	6.69460126660431e-11	1
6283185.307179586	1197.897897897898	9	-1.5591781855484603	1.2742502855382453e-09	2
6283185.307179586	2825.825825825826	5	1.2580316082415144	1.8899925169520728e-09	1
6283185.307179586	1733.5835835835837	2	0.28382792614682595	1.9743562970219346e-09	1
6283185.307179586	2923.223223223223	5	1.3765432600250311	-4.732285590479216e-10	2
6283185.307179586	1225.7257257257259	7	-0.44881628434999143	1.1984155339244147e-09	1
6283185.307179586	2074.474474474475	8	0.6538743998059657	-1.6356516951013185e-09	1
6283185.307179586	2032.7327327327328	9	-1.545141334672909	3.919343981712758e-10	1
6283185.307179586	2304.054054054054	3	-1.5672868986897597	-1.4078719159139725e-09	1
6283185.307179586	2422.322322322322	6	-0.0370480366257242	7.824906139537603e-10	1
6283185.307179586	2220.5705705705705	5	-0.4177542665039653	1.616091103706825e-09	1
6283185.307179586	1629.2292292292293	6	0.3966278778189902	1.4624890556525483e-09	1
6283185.307179586	2679.72972972973	9	-0.5997832186187122	1.0800157407268252e-09	1
6283185.307179586	1963.1631631631633	2	1.1986038889906432	-1.4550399666124427e-09	1
6283185.307179586	2074.474474474475	9	1.3906569539469213	1.1398410174394989e-09	2
6283185.307179586	1531.8318318318318	4	-0.055821226833513427	-4.891326651508053e-10	1
6283185.307179586	2770.1701701701704	1	-0.5536915726089842	1.5156957218448328e-09	1
6283185.307179586	2137.087087087087	1	0.9661416448569113	-8.885978003202665e-10	1
6283185.307179586	1984.034034034034	5	-0.5444613011044026	1.3141349920332066e-09	1
6283185.307179586	1524.8748748748749	8	-1.268707334306275	-1.8854091028128638e-09	1
6283185.307179586	884.8348348348349	6	-0.2694561320147173	-3.138718921764148e-10	1
6283185.307179586	1796.1961961961963	6	-1.1416430925263774	-7.455269275695944e-10	1
6283185.307179586	418.7187187187187	7	-0.3444903583545744	5.219591284126451e-10	1
6283185.307179586	3076.2762762762763	5	0.8313306920328478	1.7223211518300373e-10	1
6283185.307179586	1830.980980980981	4	1.2572689485746205	-1.959374411750559e-09	1
6283185.307179586	870.9209209209209	5	-1.0450811469156465	-1.884916875311135e-09	1
6283185.307179586	2714.5145145145148	1	0.45470672729818906	-1.0229965084909854e-09	1
6283185.307179586	863.963963963964	7	-0.04649276669648983	-5.924596857947506e-10	1
6283185.307179586	3027.577577577578	8	0.41035132738603486	1.2167725931278345e-09	1
6283185.307179586	1657.0570570570571	3	0.40093079803587983	-8.381993400070586e-10	1
6283185.307179586	2867.5675675675675	2	1.537824296065931	-1.3890495772752152e-09	1
6283185.307179586	3744.1441441441443	4	0.8371808821576256	-1.5598109395896112e-09	1
6283185.307179586	467.4174174174174	1	-0.20737164319716883	1.2496006121228924e-10	1
6283185.307179586	947.4474474474474	7	-0.11598029838696822	-9.236987461885757e-10	1
6283185.307179586	1552.7027027027027	9	-0.608996430183067	1.992152567816357e-09	1
6283185.307179586	1865.7657657657658	1	-0.5666405863128401	1.1493710971282106e-09	1
6283185.307179586	2540.5905905905906	7	-1.2585535329510924	8.409909881426661e-10	1
6283185.307179586	1977.077077077077	6	-1.2527025004910652	5.3840768664947665e-11	2
6283185.307179586	1837.937937937938	8	0.9402088415717085	1.6556806373750947e-09	1
6283185.307179586	759.6096096096096	5	0.9446168736415936	-4.54885019453561e-10	2
6283185.307179586	3006.706706706707	1	-0.652712700178048	8.224548906203605e-10	1
6283185.307179586	1183.983983983984	2	-0.7979167573815346	1.5143412194433302e-09	1
6283185.307179586	1824.0240240240241	9	-0.502904787739541	1.0735699617366842e-09	1
6283185.307179586	1552.7027027027027	8	-0.4501721187719161	7.823128135640527e-10	1
6283185.307179586	1517.917917917918	4	-0.01790296242650169	8.368383245536464e-12	1
6283185.307179586	1253.5535535535537	1	-1.1194807379331149	4.908980010122753e-10	2
6283185.307179586	696.996996996997	6	1.0053198405105435	-2.836324802427362e-10	1
6283185.307179586	2589.289289289289	4	-0.6251211091860105	-9.005742672666184e-10	1
6283185.307179586	1907.5075075075076	6	0.2301223670216881	-9.48567761618385e-10	1
6283185.307179586	1851.851851851852	4	-0.015717979246669733	5.043630795176923e-10	1
6283185.307179586	3333.6836836836837	9	-0.5344541392230953	7.075858868789075e-10	1
6283185.307179586	599.5995995995996	9	0.15050861245955272	1.2181751068026015e-09	2
6283185.307179586	1218.7687687687687	5	0.2767014172602651	1.7013856238719232e-09	1
6283185.307179586	2631.031031031031	7	1.2522858377740498	9.581418257718976e-10	1
6283185.307179586	1399.6496496496497	8	-0.29484149122094916	7.280046207205834e-10	1
6283185.307179586	1267.4674674674675	9	-1.26632512781035	-3.134290836422051e-11	2
6283185.307179586	1810.11011011011	1	-0.6673221086128875	-1.770864929181984e-09	1
6283185.307179586	3653.703703703704	4	-0.7385668399991575	-8.713497030450818e-10	1
6283185.307179586	2749.2992992992995	9	1.3064729701001871	-1.859636160393452e-09	1
6283185.307179586	439.5895895895896	4	-0.8970601581007568	5.000700034739091e-10	1
6283185.307179586	1239.6396396396397	7	0.5445572909689482	8.45862830060434e-10	1
6283185.307179586	2269.2692692692694	3	-0.12784211123944744	-5.276822457914662e-10	1
6283185.307179586	536.986986986987	3	0.5248964719463869	-2.866370846451791e-10	1
6283185.307179586	1288.3383383383384	9	0.5720106178726541	7.14273559960627e-11	2
6283185.307179586	1323.1231231231232	6	0.05564280326140314	1.8858754518024823e-10	1
6283185.307179586	3083.2332332332335	9	-0.9890782575298739	-5.196123352411823e-10	2
6283185.307179586	1218.7687687687687	3	-0.48937621853755764	1.0843783093825792e-09	1
6283185.307179586	1462.2622622622623	4	-0.43146500199240645	-1.542871834401223e-10	2
6283185.307179586	1246.5965965965966	1	0.2670140251883917	8.253176548121748e-10	1
6283185.307179586	877.877877877878	1	1.018879991741362	1.6736111732390867e-09	1
6283185.307179586	1448.3483483483483	1	-0.7141649792387226	-3.3848201093919877e-10	1
6283185.307179586	3145.845845845846	8	-0.5044813010099487	4.972524751339231e-10	1
6283185.307179586	1364.864864864865	1	0.14466219909752587	4.653435791781756e-10	1
6283185.307179586	1434.4344344344345	8	0.3693776973363272	-1.3252236320972097e-10	2
6283185.307179586	1364.864864864865	9	-1.3755448868577222	-1.3630014158526707e-09	2
6283185.307179586	2255.3553553553556	2	1.1697035495496046	1.4081752343734768e-09	1
6283185.307179586	1510.960960960961	9	-1.0726469336423587	1.4547507779061709e-09	1
6283185.307179586	2679.72972972973	2	-0.12561523487468462	-1.7735841800133368e-09	1
6283185.307179586	2512.762762762763	5	1.2604918998910408	7.188531404839571e-10	1
6283185.307179586	1796.1961961961963	7	-1.0587762697924954	1.8203096244742384e-09	1
6283185.307179586	1803.1531531531532	7	1.310854124011886	6.536758567991245e-10	1
6283185.307179586	954.4044044044044	6	-0.04298784290395097	8.389312931352319e-10	1
6283185.307179586	3048.4484484484487	4	0.4055466579327005	1.008296363045855e-10	1
6283185.307179586	1782.2822822822823	2	0.2697429708410888	4.27042159243889e-10	1
6283185.307179586	1545.7457457457458	7	-0.14003507186044462	1.7901384392049544e-09	1
6283185.307179586	3702.4024024024025	7	0.024636354640275915	-6.908897849706755e-10	1
6283185.307179586	1705.755755755756	3	-0.8471919954476161	-8.295581711072754e-10	1
6283185.307179586	2185.7857857857857	7	-1.3113875056987174	9.058488851822354e-10	2
6283185.307179586	2582.3323323323325	2	1.3291193550168559	1.3059646788895324e-09	1
6283185.307179586	1608.3583583583584	2	-0.44801653271225006	-3.8827642512513e-10	1
6283185.307179586	1030.930930930931	3	-0.0630171441368188	1.6258950418423233e-09	1
6283185.307179586	1316.1661661661662	9	-0.9920152034353342	-3.539536022606473e-10	2
6283185.307179586	1775.3253253253254	9	0.29910379382984154	1.1516872136123184e-09	1
6283185.307179586	1761.4114114114116	9	-0.9378604498788825	1.017343442989543e-09	1
6283185.307179586	1385.7357357357357	8	0.7797614274453561	-4.0216594409892806e-10	1
6283185.307179586	1698.7987987987988	1	0.4479897128295889	-1.6318287876927508e-09	1
6283185.307179586	3291.941941941942	4	0.8897532883830142	-3.2859236332067083e-10	1
6283185.307179586	1378.7787787787788	3	-1.1377169027377838	-1.824563493287872e-09	1
6283185.307179586	3674.574574574575	1	1.2911775867693205	2.8679406404337825e-10	2
6283185.307179586	1796.1961961961963	1	0.005172642196752175	1.757146612239711e-09	1
6283185.307179586	1420.5205205205204	3	-0.4232017418495073	-1.3861550809212113e-09	1
6283185.307179586	2742.3423423423424	8	-0.7044328983758679	-9.671484497723256e-10	1
6283185.307179586	2269.2692692692694	1	0.505261226884937	-1.5532502013900802e-09	1
6283185.307179586	3006.706706706707	3	-1.4108765015879376	-4.506163112917223e-10	2
6283185.307179586	933.5335335335336	7	-0.8056536271592475	1.989081369125991e-09	1
6283185.307179586	3166.7167167167167	8	0.9361318885961372	-1.467010548007681e-09	1
6283185.307179586	1643.143143143143	1	-0.22896531902422623	1.8335322765516228e-09	1
6283185.307179586	1065.7157157157158	3	-1.3381720517574354	1.1505317109551137e-09	1
6283185.307179586	2714.5145145145148	4	-0.8654460902778444	4.511807784070733e-10	1
6283185.307179586	975.2752752752752	7	-0.44990248325941207	-1.1686001125394678e-09	1
6283185.307179586	1754.4544544544544	1	1.524450183755821	-7.728066041150692e-10	2
6283185.307179586	2450.1501501501502	5	1.510112886799396	2.0558526555361855e-10	2
6283185.307179586	2220.5705705705705	8	1.2761044558786416	-1.2732191863542848e-10	2
6283185.307179586	863.963963963964	5	1.560525435222846	1.41834085037574e-09	1
6283185.307179586	1517.917917917918	1	0.3934355761424049	2.888136243768264e-10	1
6283185.307179586	1858.8088088088089	8	0.10718624644097252	2.0520525209414347e-10	1
6283185.307179586	2999.7497497497498	6	-0.3751801610488974	-1.0614270750850561e-09	1
6283185.307179586	2074.474474474475	1	-0.7067472775670754	-4.214698727194599e-10	1
6283185.307179586	2359.70970970971	9	0.5678956470144967	-1.8934033001895008e-09	1
6283185.307179586	1434.4344344344345	5	0.3061530702455437	-1.770182078890545e-09	1
6283185.307179586	1302.2522522522522	9	-0.09579622473335947	1.8277339008945684e-09	1
6283185.307179586	1420.5205205205204	4	-0.4674505538059177	-5.852799292085455e-10	1
6283185.307179586	2484.934934934935	9	-1.220259011946347	-1.912670344107455e-09	1
6283185.307179586	857.007007007007	6	-0.48720037807117067	-1.435274099069836e-09	1
6283185.307179586	2004.904904904905	7	-0.4587554134984724	4.106452676054108e-11	1
6283185.307179586	2401.4514514514517	4	1.016635064254213	-1.6771205684517027e-09	1
6283185.307179586	1392.6926926926926	7	0.3587838635010563	-1.963175529581319e-09	1
6283185.307179586	2526.676676676677	7	-0.24699735146874624	2.933184519076823e-10	1
6283185.307179586	2429.2792792792793	7	-0.3882582498244389	-1.7927042782200356e-09	1
6283185.307179586	1921.4214214214214	7	-0.1606651439015523	9.987006488188023e-10	1
6283185.307179586	1580.5305305305305	1	1.166164830745497	7.252002567211796e-10	1
6283185.307179586	1010.0600600600601	9	0.3935897895627962	-1.9812508910713155e-09	1
6283185.307179586	641.3413413413414	3	-1.455121587775334	2.4885850348642385e-10	2
6283185.307179586	1573.5735735735736	3	0.6353171304759826	9.35265858044481e-10	1
6283185.307179586	1392.6926926926926	6	-1.2794356834950826	-8.471467946702527e-10	1
6283185.307179586	1441.3913913913914	7	0.3727061565350227	7.570107271152707e-11	2
6283185.307179586	3166.7167167167167	6	1.0539238301145701	8.42078581704672e-11	1
6283185.307179586	1142.2422422422424	5	-0.3976156655734109	-1.936065744856695e-09	1
6283185.307179586	2436.2362362362364	3	-0.8806353045746259	-6.601254542675038e-10	1
6283185.307179586	676.1261261261261	1	0.3587904347780675	-9.410436697403163e-10	2
6283185.307179586	933.5335335335336	2	0.1860247383723912	5.094706087835932e-10	1
6283185.307179586	5344.244244244244	5	0.06476274216017952	-9.295939498362636e-10	1
6283185.307179586	1288.3383383383384	2	0.4208064308302686	1.9986236081916e-09	1
6283185.307179586	2450.1501501501502	2	1.3215737954190376	-1.154566312711479e-09	1
6283185.307179586	1650.1001001001002	4	0.1953529446310791	5.19939022051979e-10	1
6283185.307179586	1427.4774774774776	7	0.5655273266664178	-1.179253086707065e-10	1
6283185.307179586	3410.2102102102103	5	0.3324816675940363	1.8102817810659998e-09	1
6283185.307179586	2074.474474474475	4	-0.15108290192540608	-1.5312342230314934e-09	1
6283185.307179586	1406.6066066066066	1	-1.4913346012396673	1.0632776899321033e-09	2
6283185.307179586	1316.1661661661662	2	-0.8097819580516429	-1.3890538568595533e-09	1
6283185.307179586	613.5135135135135	3	-1.3421683591895006	1.5684195497457264e-09	1
6283185.307179586	2686.6866866866867	8	0.15317338905794298	-2.6828346326373927e-10	2
6283185.307179586	1824.0240240240241	2	1.3354038566492266	1.2338849726574318e-09	1
6283185.307179586	1065.7157157157158	9	0.538444610337268	-1.6879927877772382e-09	1
6283185.307179586	1190.940940940941	6	0.6568848827027884	1.62788802713567e-09	1
6283185.307179586	2060.5605605605606	6	0.906311358409118	1.2914185340332594e-09	1
6283185.307179586	1385.7357357357357	9	1.0812198735917629	1.3912197106764565e-09	1
6283185.307179586	2304.054054054054	7	-1.0940108273387346	1.458347953710038e-10	2
6283185.307179586	2109.259259259259	3	0.015388715673920972	1.7606231596399391e-09	1
6283185.307179586	2192.742742742743	9	0.32443838478014553	-8.096540480579107e-10	1
6283185.307179586	1274.4244244244244	5	-1.3861355001199622	-1.8524327126854572e-09	2
6283185.307179586	829.1791791791792	1	-1.4599402234903345	-1.7818277234593541e-09	1
6283185.307179586	1253.5535535535537	1	-1.5332979514692022	-2.5284687029545126e-10	2
6283185.307179586	1970.1201201201202	9	-1.5582895838177673	-4.327065318072419e-10	2
6283185.307179586	2359.70970970971	1	-1.3082395000866223	-1.077334261111941e-09	2
6283185.307179586	2797.997997997998	9	1.509716894593701	6.103926071525381e-10	1
6283185.307179586	1782.2822822822823	7	-0.2203310283498452	6.885644885882015e-10	1
6283185.307179586	1664.014014014014	9	0.8655858357538557	-7.52001245992144e-11	1
6283185.307179586	1469.2192192192192	1	1.4271828193326321	7.172647776154127e-10	2
6283185.307179586	1364.864864864865	6	-1.179690892611838	-4.921541840412523e-11	2
6283185.307179586	1970.1201201201202	9	-0.7128109651714924	1.0117328762887406e-09	1
6283185.307179586	2853.6536536536537	8	-0.8262730520416289	-1.8974120899122642e-09	1
6283185.307179586	2937.1371371371374	6	-0.6512068773529179	-1.7550967691246727e-10	1
6283185.307179586	2039.6896896896897	2	-1.3335175951028377	-1.459652393984192e-10	1
6283185.307179586	2498.848848848849	3	-1.1918886883209854	-8.282204926951581e-10	2
6283185.307179586	1246.5965965965966	7	-0.7629243416610567	2.3570291682838326e-10	2
6283185.307179586	940.4904904904905	6	1.133754778822687	-3.8099711235888954e-10	1
6283185.307179586	2304.054054054054	3	-1.5291396822737868	5.623439057816061e-10	1
6283185.307179586	1747.4974974974975	7	1.30511283402237	-5.25727310794276e-10	1
6283185.307179586	3862.4124124124123	9	0.5487342594449616	1.6308299798156075e-09	1
6283185.307179586	1093.5435435435436	3	1.0748973764578595	-1.6074607275781197e-09	1
6283185.307179586	1817.0670670670672	6	-0.7376064828682728	-2.07555226443127e-10	1
6283185.307179586	2937.1371371371374	2	0.25810547412547113	-1.7373230470546544e-09	1
6283185.307179586	2324.924924924925	9	-0.5251353745958425	-2.360399166279753e-10	2
6283185.307179586	1810.11011011011	1	0.35583137913653795	9.705874269225663e-10	1
6283185.307179586	1253.5535535535537	3	0.13778019170536782	-8.790320509154609e-10	1
6283185.307179586	1740.5405405405406	6	1.3716258572090139	-8.664966264750188e-10	2
6283185.307179586	516.1161161161161	9	-1.5050721706793688	-1.383071986886816e-09	2
6283185.307179586	717.8678678678679	4	-0.36616864151583495	-1.8511349198423607e-09	1
6283185.307179586	2011.8618618618618	8	0.2565345711591034	1.6968853962892402e-09	1
6283185.307179586	1573.5735735735736	4	0.13539347765659948	7.104099669245494e-10	1
6283185.307179586	1629.2292292292293	7	1.2863604770990347	6.786447555532257e-10	1
6283185.307179586	1253.5535535535537	8	-1.3398721783425396	-1.2347521771829002e-09	2
6283185.307179586	641.3413413413414	4	1.125449152525241	1.0910624823147492e-09	2
6283185.307179586	2331.881881881882	1	0.615732343293907	-1.2593122610497948e-09	1
6283185.307179586	2269.2692692692694	3	0.31417980807752444	3.739427642008913e-10	1
6283185.307179586	3305.855855855856	4	-1.1903379677293238	-9.52512490376746e-10	1
6283185.307179586	1037.887887887888	9	-1.422614927745135	-1.1599875214580871e-09	2
6283185.307179586	1726.6266266266266	2	0.6112718323141464	-1.959914420886357e-09	1
6283185.307179586	1218.7687687687687	9	0.3187654495654695	1.636728280698429e-09	1
6283185.307179586	432.63263263263264	9	-0.704066659642673	-1.7689299101078305e-09	1
6283185.307179586	1545.7457457457458	8	1.1548095252880253	-9.41503273871641e-10	1
6283185.307179586	2923.223223223223	4	0.8961036409716563	9.29017932334469e-10	1
6283185.307179586	912.6626626626627	4	-0.532498590249662	-2.5229471503853646e-10	2
6283185.307179586	2276.226226226226	6	-1.4138845920857042	8.213597654584701e-10	2
6283185.307179586	1476.176176176176	7	1.4521750253035854	-1.7524611639212885e-09	2
6283185.307179586	1775.3253253253254	8	-1.2864557364755238	9.086896246370952e-10	2
6283185.307179586	1302.2522522522522	7	0.7888899780728744	-4.344425089532478e-10	2
6283185.307179586	2046.6466466466468	3	-1.4005084148780145	-2.920492343616346e-10	2
6283185.307179586	2095.3453453453453	2	-1.285194502581883	1.7769372366685528e-09	1
6283185.307179586	1907.5075075075076	4	-1.5108535360339679	3.1708256496973765e-10	2
6283185.307179586	2011.8618618618618	8	-0.2931458842057644	1.7746815896946167e-09	1
6283185.307179586	1218.7687687687687	4	-0.6309454574100186	-1.9337968502638515e-10	2
6283185.307179586	1747.4974974974975	9	1.5332171974106545	-1.4669387117902529e-09	2
6283185.307179586	2756.256256256256	9	-0.8828420349911477	1.8912961181200223e-09	1
6283185.307179586	2269.2692692692694	6	0.7232789187734099	-1.4564042922509027e-09	1
6283185.307179586	613.5135135135135	9	1.092257385264841	-8.622106310955099e-10	1
6283185.307179586	669.1691691691692	7	0.3838957506690357	1.5686750500345332e-09	1
6283185.307179586	2151.001001001001	9	-0.3188978979723367	1.1924874147283453e-09	1
6283185.307179586	2477.977977977978	5	0.5511766763091246	1.5297600390423913e-09	1
6283185.307179586	1385.7357357357357	1	0.9038578222680762	1.0457064109125775e-10	2
6283185.307179586	1789.2392392392394	1	0.4226741447580784	1.5551339746589718e-09	1
6283185.307179586	4043.2932932932936	3	1.4828091699320733	-1.3829433966308376e-09	1
6283185.307179586	1900.5505505505505	9	1.1703559541369049	-8.240118136244479e-10	2
6283185.307179586	1253.5535535535537	8	0.5047932812790963	1.7052462183389512e-09	1
6283185.307179586	2213.613613613614	5	1.3802900330898575	1.009099085203372e-09	1
6283185.307179586	1364.864864864865	2	1.4777460143403758	-1.8320043225722938e-09	1
6283185.307179586	3090.19019019019	3	-0.004066783203183544	-9.027377460254173e-10	1
6283185.307179586	1316.1661661661662	6	1.4877047708162658	3.531063900373423e-10	1
6283185.307179586	1698.7987987987988	5	-0.6418907412872761	-5.893363082768222e-10	1
6283185.307179586	1844.8948948948948	9	-0.7978090742725964	-1.2671229461136987e-09	1
6283185.307179586	1580.5305305305305	3	-0.27244640164758005	1.9126448498815626e-09	1
6283185.307179586	3013.6636636636636	5	0.922506939980341	-5.640764775557018e-10	1
6283185.307179586	1100.5005005005005	7	-1.507152268931614	-3.9973703048941414e-10	2
6283185.307179586	780.4804804804805	2	-0.10098700811572958	-7.931761731278121e-10	1
6283185.307179586	1170.0700700700702	5	0.5497917226738513	-1.2100227304418558e-09	1
6283185.307179586	863.963963963964	3	-0.02090262511669927	-8.177753090819807e-10	2
6283185.307179586	1044.8448448448448	7	-0.30719936989883245	1.9912237391608544e-09	1
6283185.307179586	891.7917917917919	8	-1.3256923492635564	-1.2227372409803717e-09	2
6283185.307179586	1413.5635635635635	6	-0.19948617344245134	-1.8569612770201316e-09	1
6283185.307179586	2540.5905905905906	4	-0.40898640402208786	1.7098522908693407e-09	1
6283185.307179586	474.3743743743744	6	-0.5654008433683262	-4.803593970905307e-10	1
6283185.307179586	2693.643643643644	3	1.500465961181602	1.9142761175840794e-09	2
6283185.307179586	1997.947947947948	1	0.5808120730193296	-6.177109610165418e-10	1
