axial trapping frequency (MHz) 	 velocity(m/s) 	 ion collided with 	 angle(rads) 	 collision offset(m) 	 reorder? (1 is reorder 2 is ejection) 
6283185.307179586	2637.987987987988	6	1.3733141140790863	1.2472159648178956e-09	2
6283185.307179586	1239.6396396396397	9	-0.8592578423403588	1.3464529815061181e-10	2
6283185.307179586	2505.805805805806	7	-1.3471318527431455	1.777566362818189e-09	1
6283185.307179586	1594.4444444444446	8	0.5764530147815252	-1.2842756099970434e-09	1
6283185.307179586	1782.2822822822823	9	0.7131398558404984	-1.7587850753123128e-10	2
6283185.307179586	1914.4644644644645	3	-0.5499895391578469	-6.525458996718495e-10	1
6283185.307179586	1260.5105105105106	6	0.45000260631625366	-9.854737368915663e-10	1
6283185.307179586	2053.603603603604	2	-0.36731124362548173	-5.106987164730623e-10	1
6283185.307179586	1921.4214214214214	9	-0.8158773461814021	-4.2608464175749414e-10	1
6283185.307179586	1490.0900900900901	9	0.672056897123325	6.820210391244944e-10	1
6283185.307179586	2429.2792792792793	5	-0.739766692422735	5.90174733766442e-10	1
6283185.307179586	481.33133133133134	4	0.5669653050937784	1.291566021133708e-09	1
6283185.307179586	2477.977977977978	9	-0.41802347096455095	5.381869128564729e-10	1
6283185.307179586	2422.322322322322	8	0.9157939815447635	6.470382481911129e-10	1
6283185.307179586	1510.960960960961	5	-0.09237158249102051	-1.5090483841342622e-09	1
6283185.307179586	3751.101101101101	4	1.2898865934287405	1.1627330456546444e-10	1
6283185.307179586	2157.957957957958	3	-0.3539552907054597	1.5027785467599898e-09	1
6283185.307179586	2130.13013013013	8	-1.0163958652659386	1.6244761219352005e-09	1
6283185.307179586	1190.940940940941	7	0.12039321415754256	-1.3769572388953721e-09	1
6283185.307179586	1406.6066066066066	9	0.8051195467994008	3.540995124342498e-10	1
6283185.307179586	766.5665665665666	9	1.2310341181677114	1.6447563210157275e-09	2
6283185.307179586	1559.6596596596596	5	-0.40180927601786465	1.9586737277999507e-09	1
6283185.307179586	439.5895895895896	9	-1.4756892989747947	1.9676160353788637e-10	2
6283185.307179586	2735.3853853853852	4	-1.2884032946786834	1.619537482643923e-09	1
6283185.307179586	3034.5345345345345	2	0.5723985993036518	1.9409293063834574e-10	2
6283185.307179586	2039.6896896896897	8	-1.138286694751808	-7.263510848301135e-10	1
6283185.307179586	2297.097097097097	9	1.1954876413872908	6.105126025306658e-10	2
6283185.307179586	1594.4444444444446	2	0.06297566485696171	-7.559523787706116e-10	1
6283185.307179586	1135.2852852852852	9	0.051934251009974286	-1.1273854745312551e-09	1
6283185.307179586	954.4044044044044	4	1.0477036132072142	1.0500021757152318e-09	1
6283185.307179586	1803.1531531531532	6	-0.5446880840426376	7.379479238944529e-10	1
6283185.307179586	1232.6826826826828	8	-0.38560520511470875	-2.8834488027662355e-10	1
6283185.307179586	2728.4284284284286	6	-0.8604843011588411	6.744229956713018e-10	1
6283185.307179586	1956.2062062062062	3	-1.3680359282323462	6.516634249690883e-10	2
6283185.307179586	2004.904904904905	9	1.0017414377103324	-7.041213919717025e-10	1
6283185.307179586	1601.4014014014015	9	0.31993576492813025	1.476776741430742e-09	1
6283185.307179586	1851.851851851852	2	-1.1601899952264183	1.435468698658899e-09	1
6283185.307179586	1817.0670670670672	2	1.0945875162477479	-1.5112406890107977e-09	1
6283185.307179586	1775.3253253253254	2	0.9906315045980736	1.0473315702365324e-09	1
6283185.307179586	3458.908908908909	8	-1.4561962498834724	-1.4657295394316712e-09	2
6283185.307179586	2777.127127127127	4	0.47503703683722254	3.492973276565625e-10	2
6283185.307179586	2276.226226226226	1	0.01940698649758632	-1.3928057493580898e-09	1
6283185.307179586	1260.5105105105106	9	1.1143085451385146	-1.396003196852246e-09	1
6283185.307179586	1684.884884884885	5	1.229639062255158	-4.837596294406681e-10	1
6283185.307179586	1364.864864864865	2	0.5120499781839851	1.979776235907062e-09	1
6283185.307179586	2345.795795795796	9	0.7219907829617025	-1.4403880751035043e-09	1
6283185.307179586	2672.772772772773	8	-1.4383443295965297	-1.3495425010385305e-09	1
6283185.307179586	2039.6896896896897	3	0.003911633900185896	1.354900449188234e-10	1
6283185.307179586	1545.7457457457458	6	-0.3114251191649091	9.165759438590964e-10	1
6283185.307179586	1865.7657657657658	7	-1.1990926187932975	1.148187482990697e-09	1
6283185.307179586	1302.2522522522522	3	0.7142853875581929	1.0900604868259336e-09	1
6283185.307179586	829.1791791791792	2	0.0029536746376812584	-1.864171685819475e-09	1
6283185.307179586	1309.2092092092093	6	0.5083822434417398	1.9548974740433246e-09	1
6283185.307179586	3771.971971971972	3	-0.7188449362702722	-1.1596046410852417e-09	1
6283185.307179586	3486.736736736737	8	1.447030780054698	-5.419268804985134e-10	1
6283185.307179586	1615.3153153153153	5	0.10284896998006876	-1.5767407867239856e-09	1
6283185.307179586	1796.1961961961963	9	-0.3572699141585043	-7.54803807337587e-11	2
6283185.307179586	2985.835835835836	9	-0.342345668172956	1.9030443209637364e-09	1
6283185.307179586	1434.4344344344345	7	1.3468754273745782	1.0671118263421785e-09	1
6283185.307179586	1086.5865865865867	4	-0.47773463404793093	1.3812724357905195e-09	1
6283185.307179586	1462.2622622622623	9	1.420693720436958	-9.142048991606724e-10	1
6283185.307179586	1935.3353353353355	4	-0.013844204701084717	1.96956875102821e-09	1
6283185.307179586	2331.881881881882	7	1.4927152234263605	-6.451691736977275e-10	2
6283185.307179586	2484.934934934935	9	0.7953961329773089	3.937545498096124e-11	2
6283185.307179586	1385.7357357357357	4	-0.7116445335473577	-9.995911136377634e-10	1
6283185.307179586	2721.4714714714714	2	-1.2488686224470997	8.692186553851927e-10	2
6283185.307179586	3528.478478478479	9	1.116564597761326	1.4711609821398074e-09	1
6283185.307179586	1789.2392392392394	4	-0.41109610816457276	-5.932197873800779e-10	1
6283185.307179586	1615.3153153153153	5	0.12827770804203698	-9.913241808908206e-10	1
6283185.307179586	1420.5205205205204	4	-1.0342646659535453	-1.4201885941662159e-09	1
6283185.307179586	2825.825825825826	9	-0.43481743674069784	1.391344579198751e-09	1
6283185.307179586	1427.4774774774776	5	0.45613598464368765	1.5210440863733798e-09	1
6283185.307179586	1350.950950950951	9	1.087141923285559	-1.6065781437508534e-11	1
6283185.307179586	2784.084084084084	1	-0.759426846638727	1.6099489769677604e-09	1
6283185.307179586	606.5565565565565	3	-1.0957760717959935	-1.310579626600571e-10	1
6283185.307179586	1121.3713713713714	5	0.8015471984313933	6.286458060247326e-10	1
6283185.307179586	696.996996996997	9	-0.682063312805313	-1.4248338189101616e-09	1
6283185.307179586	1107.4574574574574	9	-1.0275188752100746	6.123597554071511e-10	2
6283185.307179586	1170.0700700700702	1	-0.7311513037921561	1.0696343447845306e-09	1
6283185.307179586	1636.1861861861862	6	-0.9062023835908376	4.773177040488438e-10	2
6283185.307179586	1309.2092092092093	5	-0.18145135468388318	6.386853820782116e-10	1
6283185.307179586	947.4474474474474	2	1.317062517720855	5.277048495910899e-10	1
6283185.307179586	2248.3983983983985	2	-0.21802950880107197	-1.0414937859943523e-09	1
6283185.307179586	2582.3323323323325	7	-1.2174090584328385	-1.4279182037910068e-09	1
6283185.307179586	481.33133133133134	2	-0.48130430328651763	-4.590326884606475e-11	1
6283185.307179586	1552.7027027027027	2	-1.5626713552051426	-1.8427753076066622e-09	1
6283185.307179586	2081.4314314314315	6	1.4751252430846882	-6.706497649529434e-10	2
6283185.307179586	1984.034034034034	8	1.241865512549789	-7.400196916404788e-10	2
6283185.307179586	1538.788788788789	4	-1.4936472857723648	-1.5244711002918191e-09	1
6283185.307179586	1837.937937937938	2	0.0939766565011475	3.95048793523765e-10	1
6283185.307179586	1177.027027027027	4	0.35570533136623395	4.776259085070965e-10	1
6283185.307179586	1142.2422422422424	4	1.4444361753866541	2.9660057176795943e-10	1
6283185.307179586	1719.6696696696697	9	0.6764563329074917	1.8014322102553e-09	1
6283185.307179586	1698.7987987987988	2	-0.26473125735074077	5.483769567649928e-10	1
6283185.307179586	2498.848848848849	9	-1.0606972943836164	-6.802812591395468e-10	1
6283185.307179586	1768.3683683683685	6	-0.9353944124658242	9.132152276741616e-10	1
6283185.307179586	3396.2962962962965	3	0.6837627414454643	-1.0538292444600712e-09	1
6283185.307179586	2269.2692692692694	2	-1.1841353107772306	-1.5402338430453032e-09	1
6283185.307179586	3006.706706706707	7	-0.827303654142811	-9.10025026352138e-10	1
6283185.307179586	2185.7857857857857	5	0.596884583863142	5.115580818248539e-10	1
6283185.307179586	2777.127127127127	5	-0.25986967774443115	-1.677323806119422e-09	1
6283185.307179586	1552.7027027027027	2	-1.1378843245566665	-1.1371927097290501e-09	1
6283185.307179586	919.6196196196197	4	0.004289122218177788	5.175774852966076e-11	1
6283185.307179586	1900.5505505505505	7	-1.033480004565179	-9.055794025027928e-10	1
6283185.307179586	898.7487487487488	8	0.28178605140581703	8.323462439396869e-10	2
6283185.307179586	2763.2132132132133	5	1.2103471082391581	8.239800477772105e-10	1
6283185.307179586	1448.3483483483483	9	1.0661242682440988	-4.6163832747507965e-10	1
6283185.307179586	1942.2922922922924	2	1.4230999311196806	1.5518204443932952e-09	2
6283185.307179586	1747.4974974974975	1	1.4350692206547406	-1.6295218863339964e-09	2
6283185.307179586	2450.1501501501502	6	1.1584727552434493	1.7090890517699523e-09	1
6283185.307179586	1837.937937937938	1	-0.7221137558199131	-1.3684769596027927e-09	1
6283185.307179586	411.76176176176176	1	1.067200609363582	-1.7943787269680688e-10	1
6283185.307179586	2137.087087087087	5	1.0981889107931129	1.8231310769430733e-09	1
6283185.307179586	2248.3983983983985	6	-0.36660475837725426	1.3026907120945522e-09	1
6283185.307179586	863.963963963964	6	-1.4448108183357378	5.745955569945535e-11	1
6283185.307179586	1900.5505505505505	5	-1.4738071862368878	-8.348726336811373e-10	2
6283185.307179586	2971.921921921922	5	-0.8203277529121361	5.37500556548463e-11	2
6283185.307179586	1427.4774774774776	8	1.446213064981822	1.4368889310028216e-09	1
6283185.307179586	2164.914914914915	4	0.8845639983389213	-1.2798894934895233e-09	1
6283185.307179586	1295.2952952952953	8	0.6236162703036165	1.0485980026727906e-09	1
6283185.307179586	2352.7527527527527	4	0.6014219922930568	-4.3082016249738737e-10	2
6283185.307179586	1935.3353353353355	3	-0.6835005787194092	-6.997435273611705e-10	1
6283185.307179586	2164.914914914915	4	1.2587320811569147	-1.597929298325125e-09	1
6283185.307179586	2109.259259259259	9	0.7974736070891422	2.0565943892256487e-10	2
6283185.307179586	2596.2462462462463	4	-0.828930147207375	1.8934137333539513e-09	1
6283185.307179586	1524.8748748748749	7	0.12861664130059602	-1.041966817039728e-09	1
6283185.307179586	2199.6996996997	6	-0.11158467733016852	-1.4091255660418357e-09	1
6283185.307179586	2276.226226226226	4	-1.0979226524277743	1.6218487898053933e-09	1
6283185.307179586	1956.2062062062062	1	1.1288024541826878	9.131720112928656e-10	1
6283185.307179586	1754.4544544544544	4	0.9356163291206041	-5.782344813580619e-11	2
6283185.307179586	2610.16016016016	5	1.4776854021578503	-2.056505449588534e-10	1
6283185.307179586	2373.6236236236236	8	-0.888252579953656	-9.686125799625605e-10	1
6283185.307179586	474.3743743743744	8	0.21520921807252336	-8.972385657422472e-10	1
6283185.307179586	2032.7327327327328	5	-0.831343934314343	1.3473358278228576e-09	1
6283185.307179586	2498.848848848849	3	0.8430311503241303	7.41222919352882e-10	1
6283185.307179586	1128.3283283283283	9	0.04700328471095028	-1.4414118898920867e-09	1
6283185.307179586	2923.223223223223	6	0.002670022396643601	-1.6158473467410853e-09	1
6283185.307179586	1844.8948948948948	6	-1.0456314570628886	-1.968760989763163e-09	1
6283185.307179586	2269.2692692692694	8	0.7790808438953958	-9.471217761822337e-10	1
6283185.307179586	1086.5865865865867	8	1.4288816747423692	-9.366949277454527e-10	2
6283185.307179586	2081.4314314314315	4	-0.4083071888664269	-1.708045589551019e-09	1
6283185.307179586	787.4374374374374	9	0.8003245401779724	1.878115125811191e-09	1
6283185.307179586	307.4074074074074	1	-0.11110429017236756	5.045838118561331e-10	1
6283185.307179586	2373.6236236236236	2	0.9204309554391505	1.289241659507045e-09	1
6283185.307179586	2464.064064064064	7	-0.20138212603144234	5.063724726910458e-10	1
6283185.307179586	1865.7657657657658	9	-1.361119094824514	6.073974930752701e-10	2
6283185.307179586	1726.6266266266266	6	0.8695115976485384	2.997125609956523e-10	1
6283185.307179586	1121.3713713713714	3	1.1739734767635	1.0947024700516611e-09	1
6283185.307179586	1545.7457457457458	3	-0.5433011405088362	1.2037359824554039e-10	2
6283185.307179586	1844.8948948948948	1	0.2828548240548341	1.8975308613723847e-09	1
6283185.307179586	2116.2162162162163	8	1.0700807108365509	-5.539431995602634e-10	1
6283185.307179586	571.7717717717718	5	0.4634822984360394	-1.5987578275968565e-09	1
6283185.307179586	1907.5075075075076	7	0.43902845720001515	6.689688245357309e-10	1
6283185.307179586	1093.5435435435436	3	-0.9443320172113185	-1.4661666056063711e-09	1
6283185.307179586	3152.802802802803	5	-0.7019069332347725	-1.1721373116489646e-09	1
6283185.307179586	724.8248248248249	6	0.8761181019695679	-1.9927538170514434e-09	1
6283185.307179586	1114.4144144144145	6	-0.8238243658118221	7.14106406054516e-10	1
6283185.307179586	1357.9079079079079	5	1.3126619909222623	1.396274132796589e-09	2
6283185.307179586	1921.4214214214214	6	-1.1157425922700017	1.6253583436137303e-10	2
6283185.307179586	2338.838838838839	7	1.4726030743888319	-8.281821822518407e-10	1
6283185.307179586	2700.6006006006005	4	-0.09143260072643766	-1.1257715649163114e-09	1
6283185.307179586	2067.5175175175173	4	0.8353025553589264	-1.4624125897997878e-09	1
6283185.307179586	1824.0240240240241	1	0.004183519517535483	1.9061252498240914e-09	1
6283185.307179586	1705.755755755756	4	0.4440983114762891	3.173962312112316e-10	2
6283185.307179586	599.5995995995996	2	0.00837545154027719	-1.3364081789654019e-09	2
6283185.307179586	982.2322322322323	9	1.1354872642143095	1.1399297727786951e-09	2
6283185.307179586	376.97697697697697	3	0.3929196533064305	-1.7124397788795404e-09	1
6283185.307179586	2937.1371371371374	2	-0.2615434262242491	-9.292534029330577e-10	1
6283185.307179586	2491.891891891892	5	1.3384054455822398	1.5721852275566377e-09	1
6283185.307179586	1218.7687687687687	6	0.6518663753704876	-5.202455126372199e-10	2
6283185.307179586	2394.4944944944946	9	0.7880435848894418	-6.875461450386828e-10	1
6283185.307179586	1942.2922922922924	2	0.6753205296370073	-1.189536959736747e-09	1
6283185.307179586	1949.2492492492493	7	-1.3178476770236522	9.486774748026795e-10	2
6283185.307179586	2345.795795795796	8	0.982494073069303	-7.520664135955465e-10	1
6283185.307179586	2178.828828828829	5	0.46730044427462625	-1.6549428060770963e-09	1
6283185.307179586	891.7917917917919	7	0.6818371564436445	-1.1677093588639834e-09	1
6283185.307179586	1455.3053053053054	4	1.254509516681213	1.5133071075291323e-10	2
6283185.307179586	1928.3783783783783	5	-0.6881512660902335	1.2814260302126426e-09	1
6283185.307179586	2832.7827827827828	8	0.9855225688079958	1.3035526330659156e-10	2
6283185.307179586	1754.4544544544544	7	1.4865427705417948	-1.0492454764318576e-09	2
6283185.307179586	2074.474474474475	3	-1.22551899776502	-4.244231681993661e-10	2
6283185.307179586	1385.7357357357357	8	1.269423044671432	-1.3416786183354726e-09	2
6283185.307179586	1197.897897897898	6	0.24073702411289077	1.3796314776095896e-10	1
6283185.307179586	857.007007007007	6	-0.5056811504092786	-7.360911487882009e-10	1
6283185.307179586	1824.0240240240241	1	0.868253367625313	-4.3196410318049466e-10	2
6283185.307179586	1615.3153153153153	4	-0.23434067746716813	-4.9484811577607386e-11	1
6283185.307179586	1302.2522522522522	5	-1.4523240877068253	1.7898729742904303e-09	1
6283185.307179586	822.2222222222223	1	0.901922295952458	9.402570061492984e-10	1
6283185.307179586	975.2752752752752	5	-0.7409104789972774	-8.078383009208527e-10	1
6283185.307179586	1977.077077077077	2	-0.4108251705993602	1.8707356066053345e-09	1
6283185.307179586	1566.6166166166167	4	-1.0729440899100613	6.400249889155382e-10	1
6283185.307179586	2373.6236236236236	4	0.492683854262042	1.1704948217908499e-09	1
6283185.307179586	1371.821821821822	8	-1.2486621835094904	1.5806562302813214e-09	1
6283185.307179586	884.8348348348349	3	0.4499108109086829	-1.0655611122938719e-10	2
6283185.307179586	1740.5405405405406	6	-1.5114114436041521	-1.1845536363183031e-09	1
6283185.307179586	2053.603603603604	1	-0.2952141673120052	-1.8623879262050915e-09	1
6283185.307179586	2450.1501501501502	1	-0.8145641018548844	-8.261843537133694e-10	1
6283185.307179586	210.01001001001	8	-0.584478669774226	1.611055622245375e-09	1
6283185.307179586	1190.940940940941	3	0.9146471026802985	1.592139604390167e-09	1
6283185.307179586	2046.6466466466468	6	1.1072669072045396	-2.4095583013478225e-11	1
6283185.307179586	2046.6466466466468	8	1.3082082517284181	1.5117696558713213e-09	1
6283185.307179586	1990.9909909909911	8	0.8443662353963619	-1.0246605525177763e-09	1
6283185.307179586	571.7717717717718	5	0.7322991087749857	1.8504779825040098e-09	1
6283185.307179586	2575.3753753753754	4	0.7931560390194479	-1.1626989282162538e-09	1
6283185.307179586	2512.762762762763	5	-0.27822620784183627	1.5092585043729525e-09	1
6283185.307179586	2039.6896896896897	8	-0.3457364170028827	-1.5593596144308612e-09	1
6283185.307179586	1900.5505505505505	4	-1.1877898859531273	1.8315771713863253e-09	1
6283185.307179586	829.1791791791792	9	-0.4720386051528729	7.985611305701562e-10	2
6283185.307179586	1768.3683683683685	7	-0.4941842131944285	-7.000355419598669e-10	1
6283185.307179586	2324.924924924925	3	-0.7610834523762057	5.626425608819163e-10	1
6283185.307179586	1615.3153153153153	5	1.4651357238211467	2.8661586801758556e-10	1
6283185.307179586	2839.73973973974	1	0.6302119122279568	1.2123001739594288e-10	1
6283185.307179586	2338.838838838839	1	0.16630690693224803	-5.735129064891874e-10	1
6283185.307179586	1677.927927927928	4	0.6909646395603954	-1.010453989779244e-09	1
6283185.307179586	1664.014014014014	7	1.3619247193695068	-1.165552955909643e-09	2
6283185.307179586	1197.897897897898	5	0.04353883600213626	-1.684086837042846e-09	1
6283185.307179586	1775.3253253253254	4	1.056483029723101	-6.335546135066283e-10	2
6283185.307179586	3758.058058058058	4	1.331513031282892	1.6261595395353992e-09	1
6283185.307179586	1914.4644644644645	6	-1.1785213265174588	-1.695706612805609e-09	1
6283185.307179586	1010.0600600600601	8	-0.5117818126055225	6.751810921474219e-10	1
6283185.307179586	1900.5505505505505	1	-0.40078030411534105	1.5789709388704837e-09	1
6283185.307179586	578.7287287287287	6	0.4369758695945225	-2.5176751564315014e-10	1
6283185.307179586	954.4044044044044	3	-0.8973803507639112	3.605090167407531e-10	2
6283185.307179586	1420.5205205205204	3	-1.4141183776158308	1.8746245255489705e-09	2
6283185.307179586	2797.997997997998	8	0.8369120241451018	1.931149332082087e-09	1
6283185.307179586	2060.5605605605606	9	0.8484133991776837	1.7962138314528843e-09	1
6283185.307179586	2185.7857857857857	9	-1.3642689192916388	3.214135316082751e-10	2
6283185.307179586	2457.1071071071074	3	1.3168378300584793	-4.747961718903357e-10	2
6283185.307179586	1114.4144144144145	2	1.2296495258450482	7.60707872955112e-10	1
6283185.307179586	2269.2692692692694	6	-0.7931758352183682	1.2489052443825947e-09	1
6283185.307179586	1531.8318318318318	8	0.3690771437030056	7.594115329448643e-10	1
6283185.307179586	1650.1001001001002	1	-1.3551082046886755	1.873670848422883e-09	1
6283185.307179586	627.4274274274275	6	0.9907092018605996	-2.1339162544141452e-11	1
6283185.307179586	1413.5635635635635	5	-1.0111307189776595	1.2195841910207552e-09	1
6283185.307179586	564.8148148148148	1	0.8027363906198799	3.057275528308358e-10	1
6283185.307179586	1197.897897897898	9	0.6368094082992855	-9.274044187098311e-10	1
6283185.307179586	2575.3753753753754	5	0.5347334756253406	-4.929047642025752e-10	1
6283185.307179586	2429.2792792792793	3	0.9020069105164694	-1.2782572793473369e-09	1
6283185.307179586	1691.8418418418419	2	-0.1304128311121988	1.5762724958914484e-09	1
6283185.307179586	2651.901901901902	3	0.8400801854708586	-3.174165321050369e-11	1
6283185.307179586	488.2882882882883	5	0.19455671628468418	-1.0977782891813695e-09	1
6283185.307179586	1427.4774774774776	4	0.46601273640155005	3.1953214678079824e-10	2
6283185.307179586	1406.6066066066066	3	-0.5560122330590938	-1.0880188053103237e-09	1
6283185.307179586	3396.2962962962965	1	1.0034281684764759	-7.993930249274511e-10	1
6283185.307179586	1350.950950950951	2	1.3647752935554625	2.4333074030074324e-10	1
6283185.307179586	1552.7027027027027	3	0.1317866903374445	1.4295863958057637e-09	1
6283185.307179586	1608.3583583583584	9	-1.0816323556418972	-7.401623521070017e-10	2
6283185.307179586	1357.9079079079079	4	1.4398163797950247	-2.9069092959355257e-10	2
6283185.307179586	1204.854854854855	8	1.1266234493540441	1.2945717674194817e-09	1
6283185.307179586	1295.2952952952953	6	-0.8648338672465194	6.853254315021098e-10	1
6283185.307179586	1121.3713713713714	6	-1.374014714678927	-2.744972169418935e-10	2
6283185.307179586	2457.1071071071074	8	-0.9042378592411756	1.45388318756179e-09	1
6283185.307179586	2025.7757757757759	2	-1.2177405696772732	-5.225338057396144e-10	2
6283185.307179586	3382.3823823823823	7	-0.30449569882552674	-8.190379153337362e-10	1
6283185.307179586	3013.6636636636636	3	-1.2254094207249298	1.2591323876638514e-09	1
6283185.307179586	2999.7497497497498	3	-0.5401343400292495	-2.2750844689409262e-10	1
6283185.307179586	2317.967967967968	9	1.2151302387786886	1.5291983737523332e-09	1
6283185.307179586	3319.76976976977	1	-1.3787442833819195	1.3572586437424873e-09	2
6283185.307179586	2199.6996996997	1	0.09988213205944385	1.4387932651904113e-09	1
6283185.307179586	1399.6496496496497	4	-0.2964837991782783	1.4733637596316136e-09	1
6283185.307179586	3382.3823823823823	8	0.07473598861516151	1.003075824414422e-09	1
6283185.307179586	2707.5575575575576	1	-1.367855015875954	-8.630212007760393e-10	1
6283185.307179586	2185.7857857857857	9	-0.6096066199650675	7.469422693032115e-10	1
6283185.307179586	2262.3123123123123	8	-1.4652563530606497	3.6629230008546584e-10	2
6283185.307179586	2171.871871871872	9	-0.7072203491336264	-1.2372710944589885e-09	1
6283185.307179586	780.4804804804805	5	-0.9901563786401697	1.0729992186656069e-09	1
6283185.307179586	4098.94894894895	1	1.1867571441882099	8.772589305083334e-10	1
6283185.307179586	2199.6996996997	5	-0.19863566480969586	-4.950018865969126e-10	1
6283185.307179586	905.7057057057058	9	-0.28258555441274913	1.65338973571248e-09	1
6283185.307179586	1225.7257257257259	5	0.5289473288886066	4.510945273075611e-10	1
6283185.307179586	1490.0900900900901	1	1.249574588123874	-1.792632804492206e-09	1
6283185.307179586	1434.4344344344345	3	-0.8260204187535831	1.4415502713053076e-09	1
6283185.307179586	2505.805805805806	1	1.5683269274551805	-6.629801805586824e-11	1
6283185.307179586	1670.970970970971	2	-0.7701258318316224	1.2989203079296007e-09	1
6283185.307179586	1079.6296296296296	2	-0.3647443085301949	5.274383469905084e-10	1
6283185.307179586	1204.854854854855	2	-0.08184842826115624	-1.0559776234459398e-09	1
6283185.307179586	815.2652652652653	5	0.6103305714578737	-1.066552281105651e-09	1
6283185.307179586	363.06306306306305	1	0.4970992603074156	3.87147486173721e-10	1
6283185.307179586	2637.987987987988	3	0.14863828254262357	-5.96786694585207e-10	1
6283185.307179586	1538.788788788789	3	-0.7120180913933868	-1.1538430511721414e-09	1
6283185.307179586	2554.5045045045044	6	-0.13211185953404536	-7.248452218971129e-11	1
6283185.307179586	1337.0370370370372	2	0.642305327357195	-1.669697170336649e-09	1
6283185.307179586	1740.5405405405406	8	0.7854195330968441	5.477202917803058e-11	1
6283185.307179586	975.2752752752752	9	1.4296277250750276	-1.2099765043920612e-09	2
6283185.307179586	1580.5305305305305	1	1.0117163492385535	-5.272582673046587e-10	2
6283185.307179586	1775.3253253253254	3	-0.34539758991710534	1.759390029921587e-09	1
6283185.307179586	2081.4314314314315	2	-0.3990745469228476	5.650363936623961e-10	1
6283185.307179586	2693.643643643644	5	-0.6550855026133114	6.534765178530927e-10	1
6283185.307179586	2046.6466466466468	9	0.6917448562345037	1.5158116254213886e-09	1
6283185.307179586	1490.0900900900901	8	0.4444281327482038	-6.989181929449066e-10	1
6283185.307179586	1510.960960960961	3	-0.1865615188709322	-9.174670076693659e-10	1
6283185.307179586	2164.914914914915	9	-0.28668783283766275	-3.5824801740922395e-10	1
6283185.307179586	2881.4814814814818	6	0.8402070135696427	7.111600801138467e-10	1
6283185.307179586	1761.4114114114116	1	-1.4773636808287653	1.4470846943975675e-09	1
6283185.307179586	1935.3353353353355	7	-0.9396043129548304	-3.940824178011258e-10	1
6283185.307179586	3076.2762762762763	4	-0.01111036425923495	4.695449510982187e-10	1
6283185.307179586	2039.6896896896897	4	0.010984237957012866	-1.2852820629339625e-09	1
6283185.307179586	1086.5865865865867	3	-1.4889411260055574	2.216683356768445e-11	2
6283185.307179586	1997.947947947948	6	-0.16759373487805784	-3.952614147636103e-10	1
6283185.307179586	1622.2722722722724	3	0.7967738962738364	-7.899478595081945e-10	1
6283185.307179586	710.910910910911	6	0.872537351548496	1.9494031115917696e-09	1
6283185.307179586	411.76176176176176	4	-1.388718562594476	1.6451796244882533e-09	2
6283185.307179586	564.8148148148148	7	1.5620266549835353	5.084605767415819e-10	2
6283185.307179586	1747.4974974974975	9	-1.1440687307979098	1.788070009815561e-10	2
6283185.307179586	1657.0570570570571	7	-0.019904539974291424	-1.6059457166906516e-09	1
6283185.307179586	2756.256256256256	8	-0.5555667967632356	-9.10096407769074e-10	1
6283185.307179586	1997.947947947948	6	0.07944119072461486	-1.218118208199003e-09	1
6283185.307179586	1065.7157157157158	3	0.3554804213643534	4.260778911929315e-10	1
6283185.307179586	3090.19019019019	1	-1.2613400227117513	-1.0035084508069731e-09	2
6283185.307179586	1204.854854854855	9	-1.3927563409578623	9.679343821887907e-10	2
6283185.307179586	1350.950950950951	2	0.33283666981350324	-1.876667103166479e-09	1
6283185.307179586	1789.2392392392394	1	-0.08012088540091478	-5.640886459109135e-10	2
6283185.307179586	1267.4674674674675	3	-0.4916880391079794	-4.439524883174522e-10	2
6283185.307179586	857.007007007007	7	0.30093192779863287	-1.4167920650402386e-09	1
6283185.307179586	1323.1231231231232	3	-1.0948146226603979	1.89579259558892e-09	1
6283185.307179586	1893.5935935935936	7	0.4777599839733915	1.3685070661415848e-09	1
6283185.307179586	2144.0440440440443	7	-1.0208026911842363	-1.81606348163696e-09	1
6283185.307179586	3166.7167167167167	5	-1.5395853798320445	-1.8542947155325488e-09	2
6283185.307179586	968.3183183183183	3	-0.17327708239781892	1.8899656634327168e-09	1
6283185.307179586	1970.1201201201202	8	-0.9578568966432265	-8.759083975461474e-10	1
6283185.307179586	1288.3383383383384	5	0.9015077352954712	6.991688236616906e-10	2
6283185.307179586	2665.8158158158158	4	-0.6531615523434539	1.9775100802473945e-09	1
6283185.307179586	1601.4014014014015	4	0.28914754314692526	-1.4584016491301989e-10	1
6283185.307179586	286.5365365365366	3	-0.5095686529214947	-1.561673991452291e-09	1
6283185.307179586	1775.3253253253254	3	-0.6441965800620529	1.397854228014155e-09	1
6283185.307179586	2060.5605605605606	5	-0.6241562392485333	8.831322735235421e-10	1
6283185.307179586	982.2322322322323	7	-0.19871106753262224	1.4640195062154892e-10	2
6283185.307179586	1970.1201201201202	8	1.329451273443473	7.416107010711469e-10	2
6283185.307179586	1170.0700700700702	5	-0.4429159530157205	2.634154814338262e-10	1
6283185.307179586	1072.6726726726727	9	-0.8766379695135657	-6.583464258855459e-10	1
6283185.307179586	669.1691691691692	9	-1.4248570002890184	1.5775753435800776e-09	2
6283185.307179586	1789.2392392392394	1	-0.7344215993283869	8.927117504625669e-10	1
6283185.307179586	1469.2192192192192	5	1.426463379272275	-1.1773983499800025e-09	2
6283185.307179586	1538.788788788789	8	1.4973168442167397	1.4966316800728995e-09	1
6283185.307179586	2011.8618618618618	6	1.35809990119688	-1.170660030355235e-09	1
6283185.307179586	543.943943943944	1	1.0832339616899826	3.2180600378599875e-10	1
6283185.307179586	2304.054054054054	6	0.47333373462645234	-6.215924676074489e-10	1
6283185.307179586	1149.1991991991993	1	-1.127639357532356	-7.79299191876656e-10	2
6283185.307179586	2039.6896896896897	1	-0.24578412779746794	-8.146582655538414e-11	2
6283185.307179586	808.3083083083084	5	-1.3781147975404806	5.995765816204346e-10	2
6283185.307179586	1824.0240240240241	4	-1.2390933209508794	-1.1024432938272006e-10	1
6283185.307179586	982.2322322322323	2	0.2560435684843889	-9.806861779891882e-10	1
6283185.307179586	1775.3253253253254	8	-0.27846024635649336	-1.3982971789906747e-09	1
6283185.307179586	1003.1031031031031	6	-0.11461645066289394	-4.1096272709210917e-10	2
6283185.307179586	2603.2032032032034	3	-0.9871207089843965	8.782011241071029e-10	1
6283185.307179586	2157.957957957958	6	0.36069851908351214	-1.983607667510029e-09	1
6283185.307179586	1524.8748748748749	9	-0.6617430483773971	-4.632533231333729e-10	1
6283185.307179586	2067.5175175175173	5	-1.1927089457630964	-1.4949557824332277e-09	1
6283185.307179586	1434.4344344344345	7	0.8575735002145226	-1.0862107921506916e-09	1
6283185.307179586	2923.223223223223	8	1.5571207488302705	4.102298496081568e-10	1
6283185.307179586	808.3083083083084	3	0.14488079130632237	7.06667887829576e-10	1
6283185.307179586	1330.08008008008	5	0.9111034283061676	6.970759508508775e-10	1
6283185.307179586	1385.7357357357357	1	-0.33673587729493293	8.942861715971976e-10	1
6283185.307179586	2011.8618618618618	8	-0.7833593719400832	1.2712309063971467e-09	1
6283185.307179586	1288.3383383383384	2	0.8641936942958957	3.8604300344844087e-10	2
6283185.307179586	2714.5145145145148	2	0.03646865139830391	1.1906782719469646e-09	1
6283185.307179586	2909.3093093093094	2	-1.5192397077799094	-6.658770042687028e-10	2
6283185.307179586	2304.054054054054	6	-1.2177281741278496	5.820449836798085e-10	2
6283185.307179586	822.2222222222223	8	1.2351219735339	-1.5032543240080325e-09	1
6283185.307179586	780.4804804804805	3	-1.1255381774994326	-1.2274892677393023e-09	1
6283185.307179586	2178.828828828829	8	0.17406341179682694	9.742575229388615e-10	1
6283185.307179586	2714.5145145145148	7	0.16077306011746817	1.1118447765535259e-09	1
6283185.307179586	2102.3023023023025	8	0.8354445659542087	-1.351772779056669e-09	1
6283185.307179586	2032.7327327327328	8	0.3800475524647593	-3.463226222177407e-10	1
6283185.307179586	1455.3053053053054	4	-0.6932962736310626	4.4175961743410383e-10	1
6283185.307179586	1886.6366366366367	5	0.576869284038859	-1.746358828179295e-09	1
6283185.307179586	1684.884884884885	2	-1.1049506088405419	-1.2984082447911996e-09	1
6283185.307179586	1371.821821821822	1	0.2573835477586046	9.77855494228899e-11	2
6283185.307179586	1782.2822822822823	4	0.23443631873033	-1.0060659293069754e-09	1
6283185.307179586	2582.3323323323325	9	1.3837728609950513	-1.9011383727364358e-09	1
6283185.307179586	1504.004004004004	7	1.3260625746872208	1.1136627215812928e-09	1
6283185.307179586	1197.897897897898	3	-0.1857501744399277	-1.035129890795123e-09	1
6283185.307179586	1455.3053053053054	7	-1.4708226407188416	-4.500417859904266e-10	2
6283185.307179586	1963.1631631631633	5	-0.8473678241001884	-1.4235568911341949e-09	1
6283185.307179586	2123.1731731731734	3	1.0892796875427013	-9.252259212677841e-10	1
6283185.307179586	1545.7457457457458	5	-0.9119165458103653	1.0237167205974044e-09	1
6283185.307179586	2171.871871871872	8	-0.5965098529699725	-1.0106492836905692e-09	1
6283185.307179586	1907.5075075075076	8	0.8881649140024321	-1.7802312698777858e-09	1
6283185.307179586	1775.3253253253254	4	-1.4455956261455989	4.563161492555258e-10	2
6283185.307179586	905.7057057057058	9	1.2064153730198903	-2.005586084845956e-10	2
6283185.307179586	2206.6566566566567	9	-0.06641183333257272	-9.329766395159324e-10	1
6283185.307179586	2324.924924924925	4	0.3437160697271864	1.0146817601749781e-09	1
6283185.307179586	1441.3913913913914	6	0.2431194063235531	-6.48020007642144e-10	1
6283185.307179586	1636.1861861861862	4	-0.7150299005144428	-1.2832197488728886e-09	1
6283185.307179586	870.9209209209209	3	1.1445477910375836	-3.2191093235891436e-10	1
6283185.307179586	1462.2622622622623	9	0.43117564292002486	-1.2146106764197856e-09	1
6283185.307179586	1427.4774774774776	7	0.1187069028719343	1.9540780878516998e-09	1
6283185.307179586	1114.4144144144145	6	-1.4106844761003374	-2.6042841545466186e-10	1
6283185.307179586	2742.3423423423424	1	0.3920132771801994	-1.534152380651542e-09	1
6283185.307179586	2359.70970970971	4	-1.5190354513052067	1.9419522730549934e-11	1
6283185.307179586	1504.004004004004	6	0.7411828602867319	1.8323237991880624e-09	1
6283185.307179586	481.33133133133134	4	-1.1941152973069256	1.7113785514584579e-09	2
6283185.307179586	1740.5405405405406	6	-0.6335142775904831	1.8379146013426747e-09	1
6283185.307179586	1817.0670670670672	5	-0.7190647652819852	1.3190169663061884e-09	1
6283185.307179586	2345.795795795796	9	0.5092291817624366	-3.869660113617508e-10	1
6283185.307179586	1017.017017017017	2	1.4818174461523421	1.3630066274198548e-09	1
6283185.307179586	2533.6336336336335	2	-1.0446071664496988	-1.241327383406064e-09	1
6283185.307179586	2408.4084084084084	9	1.523811416843512	1.5839417201449072e-09	2
6283185.307179586	1601.4014014014015	8	-0.44580398563996027	-1.9738891878901013e-09	1
6283185.307179586	634.3843843843844	1	-0.9049306572759467	4.6339136035268525e-10	1
6283185.307179586	3284.984984984985	6	1.3891833837754999	-2.652996534829178e-10	2
6283185.307179586	1010.0600600600601	6	-0.003980647984818564	7.213922741866635e-10	1
6283185.307179586	1956.2062062062062	3	0.5532488592227067	6.122522633308305e-10	1
6283185.307179586	1378.7787787787788	3	-0.6696826626359059	-8.700594919680112e-10	1
6283185.307179586	1128.3283283283283	6	-0.5545118169056102	-4.753606359637909e-10	2
6283185.307179586	3688.4884884884887	9	-1.1907990098518524	3.5298604535627506e-10	2
6283185.307179586	1768.3683683683685	6	-1.2726089988933662	-7.876188605191529e-10	1
6283185.307179586	2617.1171171171172	2	-0.8548694484597793	2.0395925418341214e-11	2
6283185.307179586	2951.051051051051	3	0.10106810225286345	-1.8782957066909303e-09	1
6283185.307179586	2610.16016016016	9	-0.6423418850017311	1.8451629884257179e-09	1
6283185.307179586	1824.0240240240241	6	0.634141718091751	1.3172232196024103e-09	1
6283185.307179586	2505.805805805806	5	-1.2429742809474371	8.038104823762095e-10	1
6283185.307179586	1350.950950950951	9	0.8546398808873685	9.922421086659342e-10	1
6283185.307179586	1343.993993993994	8	1.5447899621488124	1.7250289490024308e-09	1
6283185.307179586	2262.3123123123123	6	0.013202474186513768	3.810206189578718e-10	1
6283185.307179586	2415.3653653653655	9	-0.7891361588979656	-1.8581007207792185e-09	1
6283185.307179586	1003.1031031031031	7	0.6969746292956813	-9.814180984855838e-10	1
6283185.307179586	2394.4944944944946	2	-0.9621385203444394	-9.76655803056333e-10	1
6283185.307179586	2262.3123123123123	9	-1.2154672669028028	1.100985861259397e-09	1
6283185.307179586	1267.4674674674675	4	1.0934390291232217	1.6517366106529825e-09	1
6283185.307179586	1733.5835835835837	1	0.5986404401698544	1.8390434587459644e-09	1
6283185.307179586	1622.2722722722724	8	0.6201011326493604	1.2392716579094147e-09	1
6283185.307179586	1789.2392392392394	4	0.9007444511256226	-1.2617349803594917e-09	1
6283185.307179586	3264.1141141141143	4	-1.1062777746055907	7.188336381697717e-10	1
6283185.307179586	2109.259259259259	9	-0.0637500335049932	-1.5166778714044354e-09	1
6283185.307179586	1573.5735735735736	1	0.36212761329062415	-4.992110267760125e-10	1
6283185.307179586	1295.2952952952953	9	1.3614522394065731	1.2363776806164409e-09	2
6283185.307179586	2700.6006006006005	6	1.0603020186382985	1.5945223758058951e-09	1
6283185.307179586	2234.4844844844847	5	0.4369156653858428	1.572757055538302e-09	1
6283185.307179586	1559.6596596596596	8	0.2886214111385801	4.941998844826535e-10	1
6283185.307179586	1657.0570570570571	8	1.1303111782425725	-4.488300492071629e-10	2
6283185.307179586	926.5765765765766	2	-1.4099996670966017	1.5944430876931956e-09	1
6283185.307179586	3465.865865865866	2	-1.4527690456352398	1.1801336502290236e-09	1
6283185.307179586	3055.4054054054054	6	0.19289426288751854	9.368611074436473e-10	1
6283185.307179586	3020.6206206206207	7	-0.9036441022596051	-1.7465524478013e-09	1
6283185.307179586	773.5235235235235	8	1.570605372745959	1.5350093070371475e-09	1
6283185.307179586	3104.1041041041044	9	-0.867458584434204	8.360571310139472e-10	1
6283185.307179586	620.4704704704704	1	-1.531352803613476	1.2899125947427131e-09	1
6283185.307179586	996.1461461461462	1	0.18505737643218434	6.973017392346618e-10	1
6283185.307179586	2046.6466466466468	9	-0.1569837253324593	-1.7357287121992832e-09	1
6283185.307179586	2992.792792792793	7	-0.5133596391640471	-1.3108707882706578e-10	1
6283185.307179586	2484.934934934935	4	-0.6134396854888416	1.3611476169061891e-09	1
6283185.307179586	3361.511511511512	8	0.7378977655168635	-7.897593802938366e-10	1
6283185.307179586	1309.2092092092093	1	-0.0752742094291583	-7.702017689676347e-10	2
6283185.307179586	1963.1631631631633	6	-0.5956002398148585	-7.212702702326409e-10	1
6283185.307179586	1170.0700700700702	2	0.12636561283278014	-1.971555161780471e-09	1
6283185.307179586	870.9209209209209	4	-0.8822965213490686	-3.015916475143329e-10	2
6283185.307179586	2575.3753753753754	7	0.9027083598562773	2.7856479965027403e-10	1
6283185.307179586	808.3083083083084	6	1.3316055816042565	1.6481676769847452e-09	1
6283185.307179586	1935.3353353353355	7	1.1105797832241473	1.9330864912000226e-10	1
6283185.307179586	2909.3093093093094	3	-0.05144837731412388	-8.235540088775149e-10	1
6283185.307179586	3131.931931931932	2	-0.24610009414705036	1.2272173924942502e-09	1
6283185.307179586	119.56956956956957	8	-0.17842217517142345	1.3395933985433856e-09	1
6283185.307179586	933.5335335335336	1	0.45333798417784266	-1.0604676406805066e-09	2
6283185.307179586	1420.5205205205204	2	-0.08397243881401684	1.9935946734773526e-09	1
6283185.307179586	989.1891891891892	1	-0.5685504858008703	7.105845020772813e-10	1
6283185.307179586	1281.3813813813815	4	0.15038467388651555	-1.9225704406833354e-09	1
6283185.307179586	3869.3693693693695	1	0.7750895407797	-1.1399187621656616e-09	1
6283185.307179586	2178.828828828829	6	-0.2267671698548579	-4.365456606559259e-11	1
6283185.307179586	2540.5905905905906	8	0.7685779253945109	-3.7130942928023414e-10	2
6283185.307179586	1462.2622622622623	9	1.5478251813043307	1.7607619668876712e-09	1
6283185.307179586	2464.064064064064	6	1.24292024076335	-1.6433217915095525e-09	1
6283185.307179586	1747.4974974974975	8	0.6558053068290586	1.0122272426351365e-09	1
6283185.307179586	2060.5605605605606	1	0.4492523799316528	1.5520053373462208e-09	1
6283185.307179586	1121.3713713713714	7	1.3380551393516837	-1.0925798788673778e-09	1
6283185.307179586	1990.9909909909911	1	0.005284890671535258	-9.220567798976434e-10	1
6283185.307179586	2304.054054054054	1	-0.20176956047333494	1.2520376787083878e-09	1
6283185.307179586	2554.5045045045044	2	-0.45935916503383245	-1.7815939828648335e-09	1
6283185.307179586	2018.818818818819	4	-0.3866801712941845	1.4856198632829594e-10	2
6283185.307179586	2686.6866866866867	5	1.2887206160879883	-4.732189442250712e-10	1
6283185.307179586	2582.3323323323325	8	-0.30376870783387777	1.626115389743625e-09	1
6283185.307179586	2032.7327327327328	1	-0.8263747270202858	-1.4506807068864012e-09	1
6283185.307179586	1740.5405405405406	1	0.9833746887849988	1.6079312843446427e-09	1
6283185.307179586	2464.064064064064	8	-0.5641137874357398	-1.399527352135332e-09	1
6283185.307179586	1935.3353353353355	7	0.9068241915553252	1.885009186222291e-09	1
6283185.307179586	3514.5645645645645	1	1.3412588811036739	6.844726467178688e-10	2
6283185.307179586	738.7387387387388	7	0.4627942316689335	-1.9182177847931784e-09	1
6283185.307179586	2199.6996996997	3	-0.7843443111008312	-1.7857700193541471e-09	1
6283185.307179586	2192.742742742743	3	1.4567749967405752	1.7739300602710602e-10	1
6283185.307179586	1566.6166166166167	5	0.37459605863703604	1.1998582931282718e-09	1
6283185.307179586	2088.388388388388	3	1.5367150090329331	1.9774020767789893e-09	2
6283185.307179586	1517.917917917918	9	1.166042747718599	4.154938735992178e-10	2
6283185.307179586	2637.987987987988	5	-0.6122934586585348	6.18989352122212e-10	1
6283185.307179586	2227.5275275275276	4	-0.22634460547699997	1.7000307522406646e-09	1
6283185.307179586	1872.7227227227227	2	0.6002965593220582	9.420356708779146e-10	1
6283185.307179586	1726.6266266266266	7	0.30000997765491877	-1.6644229445669057e-09	1
6283185.307179586	1837.937937937938	3	0.09768134088878977	-3.99281239468528e-10	2
6283185.307179586	2519.7197197197197	8	-1.4495437515536826	-1.2954773187209354e-09	1
6283185.307179586	1740.5405405405406	8	0.6528561370640418	5.931643795748893e-10	2
6283185.307179586	1469.2192192192192	7	1.3955182330667673	1.705004273837865e-09	2
6283185.307179586	1483.1331331331332	3	0.6741024694112574	-3.115897872730666e-11	2
6283185.307179586	1698.7987987987988	7	-1.1501383563398855	-8.141360342219426e-10	1
6283185.307179586	2053.603603603604	6	-0.6988957351336127	-1.2598643035374267e-09	1
6283185.307179586	1990.9909909909911	4	0.29586907991817113	1.7408824338639593e-09	1
6283185.307179586	2234.4844844844847	9	0.7213025979499692	-1.8431933863911679e-09	1
6283185.307179586	710.910910910911	7	1.2346099379588873	2.2032104048230875e-10	1
6283185.307179586	669.1691691691692	5	1.2643941219723631	8.544718141879549e-10	1
6283185.307179586	2651.901901901902	3	-0.25187312275994733	6.54953970940706e-10	1
6283185.307179586	2164.914914914915	4	0.7306631357011466	4.1825649379461707e-10	1
6283185.307179586	1239.6396396396397	4	-1.239631336851668	4.840231494643711e-10	1
6283185.307179586	2791.041041041041	2	-0.5345727001665654	-9.896129195312066e-10	1
6283185.307179586	1963.1631631631633	2	1.1342103820421015	2.0519767583899995e-10	1
6283185.307179586	1601.4014014014015	2	-0.5836592594829719	-1.5705204271677627e-09	1
6283185.307179586	676.1261261261261	9	1.0090213817173543	6.039188462686881e-10	2
6283185.307179586	926.5765765765766	4	-1.3395528103694996	3.7137084329037615e-10	2
6283185.307179586	710.910910910911	4	1.4096185389362565	-1.833336893928761e-09	1
6283185.307179586	815.2652652652653	9	-1.4438868272626242	6.76866069234341e-10	2
6283185.307179586	2178.828828828829	3	-1.442471062886854	2.9966180449930453e-10	1
6283185.307179586	2255.3553553553556	3	0.3999782602751145	-3.751890876082564e-10	2
6283185.307179586	1837.937937937938	9	-1.2977504791106615	-1.198416628940893e-09	2
6283185.307179586	1490.0900900900901	2	0.4564251822984695	-1.6739948658230968e-09	1
6283185.307179586	676.1261261261261	6	1.1927684215108636	1.1106894709280259e-09	1
6283185.307179586	1149.1991991991993	2	-0.9415677332865587	1.656261017503467e-09	1
6283185.307179586	2074.474474474475	4	0.5506516635991052	-9.82614908473596e-10	1
6283185.307179586	2637.987987987988	3	0.2079244952062489	-1.15203084574007e-09	1
6283185.307179586	3605.005005005005	1	0.766721792942163	-2.55060879146905e-10	1
6283185.307179586	1566.6166166166167	6	0.4003769595215547	-3.558182651593166e-10	1
6283185.307179586	1427.4774774774776	4	0.3694020801889535	5.55854125636817e-10	1
6283185.307179586	3542.3923923923926	7	0.025432313514071048	-1.3024153172788235e-09	1
6283185.307179586	1928.3783783783783	4	-1.4160634582211662	-5.390886843270316e-10	1
6283185.307179586	1441.3913913913914	1	-0.7324703073324851	1.1115222902030662e-09	1
6283185.307179586	599.5995995995996	6	-0.6133962700081791	-4.186987461736776e-10	1
6283185.307179586	1260.5105105105106	2	-0.4178002749616754	4.2999236510529365e-10	1
6283185.307179586	843.0930930930931	2	-0.5797873461859002	-1.0312900901835095e-09	1
6283185.307179586	1921.4214214214214	8	0.5696541302059082	1.724229614723708e-10	2
6283185.307179586	1594.4444444444446	3	-1.0580287941036994	-1.8231002393917258e-09	1
6283185.307179586	1865.7657657657658	7	-1.3584504710544032	-1.4633538665988835e-09	1
6283185.307179586	655.2552552552553	4	-0.05527698000210379	1.1342324367509824e-09	1
6283185.307179586	1670.970970970971	3	0.5397369711922391	-4.0802574222474417e-10	1
6283185.307179586	599.5995995995996	7	-1.3363614794864738	1.4565230543625212e-09	2
6283185.307179586	2018.818818818819	7	-0.594189787044926	-1.1451316544237237e-09	1
6283185.307179586	850.0500500500501	6	1.162583040557288	1.8755802875478625e-09	1
6283185.307179586	2491.891891891892	1	-0.28819508338128386	-2.3103358433328883e-10	1
6283185.307179586	2895.3953953953956	7	-0.37831755225996533	-3.418073529677597e-10	1
6283185.307179586	1010.0600600600601	9	-0.7415582961647352	-1.2331997595022594e-09	1
6283185.307179586	1281.3813813813815	6	-0.930204986678514	-1.3575416523070849e-09	1
6283185.307179586	1517.917917917918	2	-0.5943615165993824	2.1941842813040296e-10	2
6283185.307179586	870.9209209209209	4	-0.6447525698638896	9.759772633358767e-10	1
6283185.307179586	1963.1631631631633	9	-0.2842813081505078	-1.186232578808115e-09	1
6283185.307179586	1566.6166166166167	7	-1.2707857336975807	-5.408845964233375e-10	2
6283185.307179586	1413.5635635635635	9	-1.031691073543091	-9.994992847154318e-10	1
6283185.307179586	2241.4414414414414	5	-0.7959204332355134	-9.439325714460157e-10	1
6283185.307179586	1420.5205205205204	2	0.6623360413994681	-1.2384445540873607e-09	1
6283185.307179586	724.8248248248249	5	-0.8514448116782559	1.7455605413978466e-09	1
6283185.307179586	1225.7257257257259	9	1.33579676753503	-1.3430136220255832e-10	2
6283185.307179586	1705.755755755756	4	0.6124385840930122	1.9494096893044994e-09	1
6283185.307179586	683.0830830830831	1	0.4890164307991216	1.4510906375850108e-09	1
6283185.307179586	1670.970970970971	6	-0.21606903459075322	-1.3589339887565273e-09	1
6283185.307179586	1427.4774774774776	5	-1.394957896391142	-9.381740411036695e-10	2
6283185.307179586	1803.1531531531532	3	-1.4907235517953432	1.3350066562318721e-09	2
6283185.307179586	2311.011011011011	7	1.1544534521069907	-9.765830653432827e-11	1
6283185.307179586	1615.3153153153153	8	0.3445749273741363	-1.5887676684016838e-09	1
6283185.307179586	975.2752752752752	8	1.5002221929474868	5.270332198821808e-10	2
6283185.307179586	2352.7527527527527	3	1.3862704111194493	7.823601589282821e-10	2
6283185.307179586	2345.795795795796	5	-0.9212699912727947	1.493401200041829e-09	1
6283185.307179586	1323.1231231231232	3	-1.019456582906157	-5.065002923887989e-10	2
6283185.307179586	4140.690690690691	9	-0.6365840464152549	-2.803165137161336e-10	2
6283185.307179586	954.4044044044044	2	-0.6189182916218502	-4.690404793715689e-10	1
6283185.307179586	2297.097097097097	6	-1.371947984947211	9.753086275520015e-10	1
6283185.307179586	1712.7127127127128	8	-1.1114756547041207	-1.1176068645172928e-09	1
6283185.307179586	1997.947947947948	4	0.32063941782441496	1.3216603697356252e-09	1
6283185.307179586	2130.13013013013	7	0.07887021118692927	-1.9010834897326207e-09	1
6283185.307179586	1483.1331331331332	8	-0.7268428394769019	6.412398678775089e-10	1
6283185.307179586	703.9539539539539	4	0.016118416830643856	-1.0235170135041318e-12	2
6283185.307179586	1705.755755755756	3	0.09821450140335575	-9.008001938565028e-10	1
6283185.307179586	1413.5635635635635	9	1.4605324572474268	8.871552533318486e-10	2
6283185.307179586	1768.3683683683685	6	-1.3254692440961486	8.975630754863248e-10	1
6283185.307179586	1670.970970970971	4	-0.8445938622102656	-2.6485653595224476e-10	1
6283185.307179586	1378.7787787787788	1	-1.0257262161065905	1.4769250127642561e-10	1
6283185.307179586	1204.854854854855	3	0.030508454365265614	9.35620536591065e-10	1
6283185.307179586	1858.8088088088089	5	0.6133397089685673	-5.499470727298781e-10	1
6283185.307179586	446.54654654654655	3	-1.1128336605942315	-8.028880574862063e-10	1
6283185.307179586	3625.875875875876	3	-0.483376761627917	-1.8509246859046514e-09	1
6283185.307179586	1636.1861861861862	1	-0.2199580201398621	3.098518309161437e-10	1
6283185.307179586	4064.164164164164	3	0.44439424402042427	-1.6873456840614636e-09	1
6283185.307179586	1636.1861861861862	6	-0.7252867218853604	1.991503754026094e-09	1
6283185.307179586	1942.2922922922924	4	-0.9202559904260871	-1.7345219665825412e-09	1
6283185.307179586	676.1261261261261	1	0.6133092195238405	9.950707693078127e-10	1
6283185.307179586	884.8348348348349	9	1.3593053337365895	-8.955431061493634e-12	1
6283185.307179586	620.4704704704704	9	-0.6060777110524999	-3.0004174561335396e-10	1
6283185.307179586	1796.1961961961963	9	0.9267267320059407	-1.4852480456621172e-09	1
6283185.307179586	1949.2492492492493	8	0.8906718999179208	1.3874438906814426e-09	1
6283185.307179586	1135.2852852852852	9	-0.690292357125822	1.366769213309085e-09	1
6283185.307179586	1970.1201201201202	9	-1.2007328615898414	1.6788740574415303e-09	1
6283185.307179586	1239.6396396396397	9	-0.4006996387290609	-1.2147333448198406e-09	1
6283185.307179586	1302.2522522522522	2	1.246168594588379	1.766822959687742e-09	1
6283185.307179586	2679.72972972973	5	1.1475144512475772	6.911264615760916e-10	2
6283185.307179586	2241.4414414414414	9	0.7092532973049952	1.7041124204598523e-09	1
6283185.307179586	919.6196196196197	4	1.058994036251895	-6.304267280214547e-10	1
6283185.307179586	1761.4114114114116	4	0.40726078423034906	7.712068938201453e-10	1
6283185.307179586	1705.755755755756	9	0.7136309347502099	3.712061822865625e-12	1
6283185.307179586	1385.7357357357357	1	-0.05031712844895253	1.5741691338468467e-11	2
6283185.307179586	1942.2922922922924	7	-0.07713929386358465	1.9486936551258854e-09	1
6283185.307179586	2888.4384384384384	7	1.0009197277919317	-8.837603830812593e-12	1
6283185.307179586	1726.6266266266266	3	1.2575456172341726	-6.770864497215041e-10	1
6283185.307179586	1629.2292292292293	7	-0.730576727347102	1.2352913049585848e-09	1
6283185.307179586	1517.917917917918	8	-1.4941332323079344	6.888717283600718e-10	2
6283185.307179586	1650.1001001001002	5	-0.055990195559989075	-1.5249375124083159e-09	1
6283185.307179586	1177.027027027027	1	0.9702316020361272	1.6711372633099085e-09	1
6283185.307179586	648.2982982982983	4	0.7837624705830359	-1.2769548194447808e-09	1
6283185.307179586	745.6956956956957	1	0.44000825545354205	3.554985699056591e-10	1
6283185.307179586	1406.6066066066066	9	0.2654711491781512	-7.957686495541877e-10	1
6283185.307179586	2665.8158158158158	9	1.5059088242934164	1.3565776175335286e-09	2
6283185.307179586	1782.2822822822823	6	0.09003105357926744	1.9392472685486028e-09	1
6283185.307179586	1281.3813813813815	1	-0.3885329460851519	1.3253029989265062e-09	1
6283185.307179586	863.963963963964	4	-1.3370961720844217	-1.3081765176959626e-09	2
6283185.307179586	1044.8448448448448	1	-0.6878891816585971	1.7773456857778326e-09	1
6283185.307179586	690.04004004004	2	1.5621933666536636	-9.644549382346696e-10	1
6283185.307179586	1058.7587587587586	8	-1.1328585784536669	3.419442494330631e-11	1
6283185.307179586	383.93393393393393	4	-0.7269746634643308	5.911965776234491e-10	1
6283185.307179586	1691.8418418418419	2	0.8582955142071076	2.2196086898295277e-10	2
6283185.307179586	1170.0700700700702	7	-1.5237680974194094	-5.960665511584087e-10	2
6283185.307179586	1719.6696696696697	6	-0.6882166950865537	-8.4651987234952e-10	1
6283185.307179586	870.9209209209209	9	0.8862244103711459	5.875076397886132e-10	2
6283185.307179586	2631.031031031031	3	-0.3622903479242754	1.732350894814236e-09	1
6283185.307179586	2512.762762762763	7	-1.050008168295762	-5.02426201935427e-10	2
6283185.307179586	3681.5315315315315	1	-1.4605079473244882	-1.946798260295697e-09	2
6283185.307179586	2804.954954954955	7	-1.1648421502540918	1.6458752245072574e-09	1
6283185.307179586	2116.2162162162163	8	-1.3077100871525367	1.3707332708076693e-09	2
6283185.307179586	863.963963963964	2	1.0862640328884807	-1.2397640399288754e-09	2
6283185.307179586	3006.706706706707	3	-0.58142296186997	-1.9527878412691644e-09	1
6283185.307179586	1427.4774774774776	7	-1.5218451847682228	6.693804717212423e-11	1
6283185.307179586	2387.5375375375374	6	-1.1611207332655704	7.98550009773485e-10	2
6283185.307179586	1142.2422422422424	3	-1.3351042747959863	3.5876716194530604e-10	2
6283185.307179586	2192.742742742743	9	0.5931237904357936	1.427720632300265e-09	1
6283185.307179586	3048.4484484484487	5	0.8551627793849641	1.4573462039503947e-09	1
6283185.307179586	2679.72972972973	3	1.1470825369937532	-2.524320792473716e-10	1
6283185.307179586	2714.5145145145148	5	-0.06360305483052464	-1.6972076871074917e-09	1
6283185.307179586	2610.16016016016	4	0.7351369710977287	-1.973100294996991e-09	1
6283185.307179586	1810.11011011011	8	-0.39689373234557834	-8.459936839844754e-10	1
6283185.307179586	1601.4014014014015	5	-0.7692486092019793	-6.427874632251367e-10	1
6283185.307179586	1719.6696696696697	1	-0.030105577071148693	-6.196774528905418e-10	1
6283185.307179586	731.7817817817818	8	1.538617006192836	-1.5119419319863694e-10	1
6283185.307179586	613.5135135135135	1	0.5548561435191091	6.913891361844445e-11	1
6283185.307179586	1309.2092092092093	2	0.8889878218521194	1.2831276950713779e-09	1
6283185.307179586	3340.640640640641	8	-0.6738467585134248	9.680330784790226e-11	2
6283185.307179586	947.4474474474474	9	0.8159906599194122	-2.250769190126935e-10	2
6283185.307179586	2415.3653653653655	3	0.06961219558548559	1.143591432371318e-09	1
6283185.307179586	1281.3813813813815	1	0.7795138809619586	-1.8059578442065153e-09	1
6283185.307179586	363.06306306306305	6	-1.1550404211983323	-1.9633326411858054e-09	1
6283185.307179586	1824.0240240240241	6	1.517325128012263	1.4722723063615787e-09	1
6283185.307179586	1177.027027027027	6	-0.41203744241445195	-1.182070151906932e-09	1
6283185.307179586	1573.5735735735736	8	-1.3351995193620787	-1.1874346111643921e-09	2
6283185.307179586	808.3083083083084	6	-0.7008872869745859	1.1433181764234686e-10	1
6283185.307179586	1364.864864864865	2	1.2505626668415073	-1.45726633612188e-09	2
6283185.307179586	690.04004004004	5	-0.7436876624394627	1.68579958952466e-10	1
6283185.307179586	2951.051051051051	2	0.3109606097452331	3.919809443744886e-10	1
6283185.307179586	1441.3913913913914	2	-0.455288926285649	-1.2716641930145328e-09	1
6283185.307179586	2700.6006006006005	5	0.013665134977534077	-1.7333472712779418e-09	1
6283185.307179586	2895.3953953953956	4	-1.0733916436145772	-1.3484969212862092e-09	1
6283185.307179586	773.5235235235235	3	-0.2924391549474452	4.018001261442307e-10	1
6283185.307179586	2408.4084084084084	9	0.1936430303595551	-3.5750976912630076e-10	1
6283185.307179586	1037.887887887888	7	0.9695914803879138	4.721807533523556e-10	1
6283185.307179586	1225.7257257257259	3	-0.29313273815121765	2.1462146224034313e-10	1
6283185.307179586	822.2222222222223	1	1.2765675501548421	1.5882363667942471e-09	1
6283185.307179586	3611.961961961962	7	-1.2415049682202375	4.856022060671485e-10	2
6283185.307179586	1552.7027027027027	1	0.17746533712908663	1.4970442367339753e-09	1
6283185.307179586	1970.1201201201202	2	0.06549087230505046	1.258372268218322e-09	1
6283185.307179586	2123.1731731731734	5	0.37967860725969804	1.8708740760602845e-09	1
6283185.307179586	1872.7227227227227	1	-0.79559657379542	1.77940353970893e-09	1
6283185.307179586	432.63263263263264	4	1.5591964313901996	-8.047070819077308e-12	1
6283185.307179586	3507.607607607608	9	-1.031995919515541	-9.826259327336233e-11	2
6283185.307179586	2582.3323323323325	1	-0.44479429784241264	1.2813994505995103e-09	1
6283185.307179586	1093.5435435435436	8	0.7067883674940414	-1.2367973033114456e-09	1
6283185.307179586	1935.3353353353355	8	1.5126122759266956	1.5526548374312593e-09	2
6283185.307179586	1573.5735735735736	5	-0.0754764620426236	-6.391593736572597e-10	1
6283185.307179586	676.1261261261261	5	0.2637908020393518	-1.2946249934398942e-09	1
6283185.307179586	1135.2852852852852	4	-1.243527949212572	-1.4999093416866051e-09	1
6283185.307179586	321.3213213213213	8	0.030532483270383937	-3.2620422277913594e-11	1
6283185.307179586	1622.2722722722724	2	-0.8940668580673558	2.2439336905960215e-10	2
6283185.307179586	2004.904904904905	2	-0.659741636916513	5.259012836919411e-10	1
6283185.307179586	1684.884884884885	4	-0.7121248731625703	-5.239521956562499e-10	1
6283185.307179586	1003.1031031031031	3	1.1873402294846866	-3.4837088591259985e-10	2
6283185.307179586	2742.3423423423424	4	-0.9696226207470171	9.114058584339271e-11	1
6283185.307179586	1142.2422422422424	1	1.4164029179687718	1.3936279071949828e-10	1
6283185.307179586	933.5335335335336	4	1.1028220911237447	1.9818159304982398e-09	1
6283185.307179586	1970.1201201201202	4	-0.9414255331873413	-1.475604288150795e-09	1
6283185.307179586	2756.256256256256	2	-0.25982948546204576	-1.450833951007806e-10	1
6283185.307179586	836.1361361361362	3	0.22288812366041943	-5.408537931321289e-11	1
6283185.307179586	863.963963963964	9	-1.283284109685231	2.0979856535859268e-10	1
6283185.307179586	919.6196196196197	9	1.5547845932796474	-1.8792705825181284e-09	1
6283185.307179586	1768.3683683683685	4	-0.8910149752330108	1.8502348170417776e-09	1
6283185.307179586	3319.76976976977	9	1.5078185953706624	1.2437028393823678e-09	1
6283185.307179586	1330.08008008008	8	-0.04339819011327428	-1.5244500708728333e-09	1
6283185.307179586	2067.5175175175173	3	-0.2541712881328102	1.388565467751631e-09	1
6283185.307179586	1782.2822822822823	8	0.12677523915827993	6.906847035632118e-10	1
6283185.307179586	2644.944944944945	9	-1.133431828921998	-8.818928491374481e-10	1
6283185.307179586	1030.930930930931	2	-0.26556174222522255	-7.315632614466148e-11	1
6283185.307179586	898.7487487487488	4	1.33743618027105	1.9542440363909343e-09	1
6283185.307179586	2151.001001001001	4	-0.45333108518702514	1.7566410115857445e-09	1
6283185.307179586	1789.2392392392394	9	0.7343735739582105	-1.8282559383845173e-09	1
6283185.307179586	1357.9079079079079	3	0.6286065356856105	1.530981878395199e-09	1
6283185.307179586	2262.3123123123123	2	-1.2083566473549425	1.4674228280948892e-09	1
6283185.307179586	530.03003003003	1	1.2101042961231938	1.3730217485095244e-09	1
6283185.307179586	1733.5835835835837	3	1.4535243234904853	-1.079484065286391e-09	2
6283185.307179586	2137.087087087087	5	-1.0380615981271133	1.0208688304241315e-09	1
6283185.307179586	1343.993993993994	1	0.15534726111727548	-1.491215912359926e-09	1
6283185.307179586	585.6856856856857	7	-0.9727000482567492	-2.2015987184723993e-10	1
6283185.307179586	1684.884884884885	4	0.46669053279326933	4.227922157534544e-10	1
6283185.307179586	2276.226226226226	1	-0.17383106838263562	-6.270613068465378e-10	1
6283185.307179586	1177.027027027027	8	0.915843816087885	-1.0722027963872338e-09	1
6283185.307179586	3020.6206206206207	5	-0.2963688439974952	1.4283541074713075e-09	1
6283185.307179586	91.74174174174175	9	-1.1451888204624856	1.974400115459107e-09	1
6283185.307179586	1657.0570570570571	1	-0.28983169250066454	1.570053969070247e-10	1
6283185.307179586	2039.6896896896897	1	-0.764013319910796	-1.0766581624876803e-09	1
6283185.307179586	2317.967967967968	2	-1.3747349683485375	-1.15241411453228e-09	2
6283185.307179586	1058.7587587587586	3	-0.07131282108954928	-1.8416473390607144e-10	2
6283185.307179586	1392.6926926926926	5	-1.4346380322927637	-3.656033400879703e-10	2
6283185.307179586	2735.3853853853852	8	-0.13565576705496718	1.149956337941678e-09	1
6283185.307179586	1413.5635635635635	6	-0.5100316060676116	-8.181348144045577e-10	1
6283185.307179586	1510.960960960961	8	-0.5928085431562424	-1.339375817921367e-09	1
6283185.307179586	2951.051051051051	3	1.4811175796691782	-1.266180782821806e-09	2
6283185.307179586	1830.980980980981	4	0.6577397679312749	1.371792236270149e-10	2
6283185.307179586	912.6626626626627	1	-1.3812753090246757	9.776244740227634e-11	2
6283185.307179586	3639.7897897897897	7	0.3666100379534176	-1.1007380065234336e-09	1
6283185.307179586	1719.6696696696697	2	1.4041771695720762	1.3316461088583922e-09	1
6283185.307179586	1643.143143143143	6	-1.4681439154822096	1.1192899387951998e-10	1
6283185.307179586	2157.957957957958	8	-1.061097154564556	1.8275799956633861e-09	1
6283185.307179586	3055.4054054054054	7	1.1501835342336655	-5.796963965466161e-10	1
6283185.307179586	2137.087087087087	9	-0.8761842200322821	5.507990216739459e-10	1
6283185.307179586	1183.983983983984	8	-0.509440118651544	-1.5173373848813886e-09	1
6283185.307179586	1142.2422422422424	5	-0.067369590310149	8.214023494633099e-10	1
6283185.307179586	1114.4144144144145	3	-1.4452554155576984	-1.7544503655885987e-10	1
6283185.307179586	1003.1031031031031	1	-0.8462510192287812	1.1967457991698985e-09	1
6283185.307179586	1239.6396396396397	3	0.9804909375028212	-4.729868448062687e-10	1
6283185.307179586	2359.70970970971	7	-0.5758907683931125	-9.665411792612373e-10	1
6283185.307179586	2164.914914914915	6	-1.4377839698065182	1.981286086366459e-09	2
6283185.307179586	1364.864864864865	9	-0.1466161847466827	1.0340088970959065e-09	1
6283185.307179586	1037.887887887888	7	0.17573535315188238	-1.050278906658471e-09	1
6283185.307179586	1538.788788788789	4	1.025809987465721	-1.8213186067850985e-09	1
6283185.307179586	2025.7757757757759	1	-1.1032637123716884	1.2227941397325377e-09	1
6283185.307179586	1928.3783783783783	8	0.6400831485952381	-6.802946817430372e-10	1
6283185.307179586	2631.031031031031	9	-1.0413615477029474	-1.5816489183116472e-09	1
6283185.307179586	2958.008008008008	5	-0.30972858936635994	1.1548287486332663e-09	1
6283185.307179586	2095.3453453453453	1	0.7069766938438087	-8.636330069664756e-10	1
6283185.307179586	1350.950950950951	2	-1.3113479288996488	1.7395370999417924e-09	1
6283185.307179586	3291.941941941942	4	1.3863945270908276	1.8764319518821284e-09	1
6283185.307179586	1142.2422422422424	2	0.8539448336301882	-1.9834597796545036e-09	1
6283185.307179586	2415.3653653653655	5	0.10446181125930454	-9.412674689220433e-10	1
6283185.307179586	1455.3053053053054	9	1.5364359791862263	-1.424616795522644e-09	2
6283185.307179586	1156.1561561561562	1	-0.6706663573812969	-1.673040782653971e-09	1
6283185.307179586	2394.4944944944946	6	0.6274129826805064	1.3876263582770618e-10	2
6283185.307179586	1601.4014014014015	7	0.8989964394021173	-7.036771780359304e-10	1
6283185.307179586	1149.1991991991993	7	0.6216798290454757	3.391940881043855e-10	2
6283185.307179586	1712.7127127127128	1	-0.9826525925304224	1.9615783477184213e-09	1
6283185.307179586	1858.8088088088089	5	0.17584991450629062	-1.1577086347149283e-09	1
6283185.307179586	2185.7857857857857	3	1.0370494912954809	-1.4445957615733239e-11	1
6283185.307179586	947.4474474474474	4	-1.459553187803707	1.5402776231498278e-09	1
6283185.307179586	2324.924924924925	5	-0.9569869309177048	-1.2010462100045424e-09	1
6283185.307179586	1601.4014014014015	1	1.3770023151976747	-1.8823753765729576e-09	2
6283185.307179586	2290.1401401401404	1	-1.5318350178669193	9.400445773748626e-10	2
6283185.307179586	2039.6896896896897	2	0.011883816879473263	-1.1270130450938697e-09	1
6283185.307179586	3716.3163163163163	5	-1.2277394667166968	3.114371016342556e-10	1
6283185.307179586	1705.755755755756	3	-0.4434040461816917	2.536907507985643e-10	1
6283185.307179586	1580.5305305305305	7	-0.3711864594107257	1.0103545570576102e-09	1
6283185.307179586	1928.3783783783783	8	0.8901773373084176	-1.836143571326916e-09	1
6283185.307179586	1524.8748748748749	4	-0.14968877517225088	8.848149579685318e-10	1
6283185.307179586	3118.018018018018	1	-0.6839119027301498	1.1763777903148695e-10	2
6283185.307179586	495.24524524524526	7	0.26375297631255257	1.6136612138158022e-09	2
6283185.307179586	1782.2822822822823	5	-0.4032830115944914	1.3831919376421217e-09	1
6283185.307179586	2464.064064064064	4	0.45764267065471786	1.5962662183282928e-09	1
6283185.307179586	2811.911911911912	1	-0.313077888913184	-1.9852038987407417e-09	1
6283185.307179586	2290.1401401401404	1	-0.16624733902009337	9.775831620653354e-10	1
6283185.307179586	3952.852852852853	5	1.188305927513667	-4.874610904264941e-10	1
6283185.307179586	2582.3323323323325	1	0.7613995123254602	6.281269686037215e-10	1
6283185.307179586	3431.0810810810813	7	-1.561928322721213	1.1418173594282986e-09	2
6283185.307179586	2450.1501501501502	3	-0.29972583598348157	-1.747716675816907e-09	1
6283185.307179586	3591.091091091091	5	1.4615394262766652	1.3032975741944e-09	1
6283185.307179586	2401.4514514514517	2	0.6009385460214149	1.0888980960365869e-10	1
6283185.307179586	3354.5545545545547	6	-0.3839017925668162	4.2978460630307073e-10	1
6283185.307179586	669.1691691691692	3	1.052169934478703	1.0318762127915673e-09	1
6283185.307179586	2088.388388388388	2	-1.3206514659720652	6.64866654959728e-10	1
6283185.307179586	1893.5935935935936	6	0.22750510777054367	-1.4526128068131265e-09	1
6283185.307179586	293.4934934934935	7	-0.23917187202273316	-1.4629634394794878e-09	1
6283185.307179586	1587.4874874874874	6	-0.7835485129776005	1.5027509027925488e-09	1
6283185.307179586	1058.7587587587586	5	-1.5089699451180059	-1.0621484663807884e-09	2
6283185.307179586	2067.5175175175173	9	0.8331780193092362	-1.9650224745058012e-10	2
6283185.307179586	710.910910910911	3	-1.0762866121823464	-1.5641586490347585e-09	1
6283185.307179586	3507.607607607608	8	-1.1763770244750287	5.336039968994693e-10	1
6283185.307179586	1677.927927927928	5	0.8327879513879832	1.6889444383171586e-09	1
6283185.307179586	1170.0700700700702	5	1.3247911330109066	-6.504942122122172e-10	1
6283185.307179586	1309.2092092092093	5	1.0320516027676483	-1.8183792290714746e-10	1
6283185.307179586	1684.884884884885	3	0.33951529127026503	5.081631849696922e-10	1
6283185.307179586	968.3183183183183	8	-0.2434166773529891	-5.1929123776344664e-11	2
6283185.307179586	1017.017017017017	9	0.4128134048670902	-1.1931382959808177e-09	1
6283185.307179586	1483.1331331331332	7	-0.6034237595302109	1.5176975701349942e-09	1
6283185.307179586	1782.2822822822823	1	-1.5020706014512748	-1.3672574016442162e-09	2
6283185.307179586	2471.021021021021	5	-0.18120217171425712	1.2475720917264265e-09	1
6283185.307179586	1309.2092092092093	9	1.324321654920177	-2.9779934779253696e-10	1
6283185.307179586	2867.5675675675675	4	0.49938819145330404	5.630538117385002e-10	1
6283185.307179586	2311.011011011011	8	-1.367342485063883	-1.6893872088759983e-09	1
6283185.307179586	1684.884884884885	5	-0.8301709603654309	6.297606041631693e-10	1
6283185.307179586	2137.087087087087	5	-1.2270417476462865	-4.552325178000395e-10	1
6283185.307179586	3013.6636636636636	5	1.3057126197639284	2.935869240478004e-11	1
6283185.307179586	2067.5175175175173	3	1.3836871324584603	-6.266371457517676e-10	1
6283185.307179586	1796.1961961961963	7	0.898412673230498	-6.736546004688041e-10	1
6283185.307179586	1719.6696696696697	7	1.0534418284796305	-7.576149360600218e-10	2
6283185.307179586	1768.3683683683685	3	-1.5525207618541101	1.2872413624581319e-09	1
6283185.307179586	1601.4014014014015	2	-0.2811511967629108	-4.2326850935808314e-10	2
6283185.307179586	2025.7757757757759	4	0.7069607488110865	2.2853295887077624e-10	2
6283185.307179586	2311.011011011011	6	-0.477750951174045	-2.1535572479264655e-10	1
6283185.307179586	1573.5735735735736	4	1.562654944502062	1.4005425270995819e-09	1
6283185.307179586	1455.3053053053054	4	0.18306930783523212	2.8988214546218363e-10	1
6283185.307179586	801.3513513513514	4	-0.38711601866356005	7.486365926119199e-10	1
6283185.307179586	1462.2622622622623	6	0.6428797269278168	1.6693127777004345e-09	1
6283185.307179586	1316.1661661661662	6	0.9852949093025813	5.104363442992228e-10	1
6283185.307179586	2331.881881881882	7	-0.7096016562030995	-1.149891941675577e-09	1
6283185.307179586	2603.2032032032034	2	0.6081363399126429	-1.435178169657964e-10	2
6283185.307179586	1775.3253253253254	7	-1.4571080427650132	1.4216961417786897e-09	1
6283185.307179586	1977.077077077077	9	1.5497520677823111	-1.7220086824034906e-10	2
6283185.307179586	2317.967967967968	2	0.9900692698809204	6.666489281093666e-10	1
6283185.307179586	766.5665665665666	5	-0.1421810886591941	1.8740535746713658e-09	1
6283185.307179586	1309.2092092092093	5	0.7949043839124696	-5.628529529090783e-10	1
6283185.307179586	1824.0240240240241	3	1.0104540321966589	2.628653597397412e-10	1
6283185.307179586	1879.6796796796798	7	-0.462891403807131	5.743025459216571e-10	1
6283185.307179586	1455.3053053053054	9	-1.0919567005011679	-1.2509101136724655e-09	1
6283185.307179586	2067.5175175175173	7	-0.7877672700096848	4.02906399137868e-10	2
6283185.307179586	1434.4344344344345	2	-0.34096310575488964	3.273290717678584e-10	1
6283185.307179586	1413.5635635635635	3	0.7262819793331223	-4.1426333259154106e-10	1
6283185.307179586	2380.5805805805808	8	1.4419372060266018	-1.8048383276349293e-09	1
6283185.307179586	1796.1961961961963	2	1.056672087899952	-2.7585490066977367e-10	2
6283185.307179586	2067.5175175175173	7	-0.5729989582387233	-1.6171176383401119e-09	1
6283185.307179586	2074.474474474475	7	1.0120696541327994	-1.7799123183362192e-09	1
6283185.307179586	1810.11011011011	5	0.6521404890423144	1.4791345208073183e-09	1
6283185.307179586	1079.6296296296296	1	-0.8800258622477265	8.301246052769526e-10	1
6283185.307179586	2018.818818818819	2	-0.568236869060686	3.4556087370110606e-10	2
6283185.307179586	1768.3683683683685	2	-0.0437177059870375	1.593304802022863e-09	1
6283185.307179586	1984.034034034034	3	0.023923305423162233	-7.429610058224486e-10	1
6283185.307179586	2958.008008008008	8	0.4452617861778383	1.2824702714090126e-09	1
6283185.307179586	2109.259259259259	4	-0.5877488334312567	-1.8946336823930326e-09	1
6283185.307179586	1587.4874874874874	2	1.335712215913512	-1.0773512762225918e-09	1
6283185.307179586	1218.7687687687687	4	0.35276932335502	1.594455794202175e-09	1
6283185.307179586	3305.855855855856	4	-1.1012274660790151	1.3613515595117893e-09	1
6283185.307179586	2025.7757757757759	7	-1.3081473105246268	1.2584135542253448e-09	1
6283185.307179586	1037.887887887888	3	-0.9409251556033847	4.316851649051485e-10	2
6283185.307179586	2004.904904904905	7	-0.6418087137872234	-1.4034526390999778e-10	2
6283185.307179586	1858.8088088088089	9	0.6800867093090281	-1.0478220908180736e-09	1
6283185.307179586	1086.5865865865867	7	-0.7967816254184732	1.4283811182419252e-10	2
6283185.307179586	2255.3553553553556	1	-0.6487348784289425	-1.9104055468264803e-09	1
6283185.307179586	2311.011011011011	6	-0.5954835975760765	-4.432936596482669e-10	1
6283185.307179586	2958.008008008008	8	0.476852681244329	1.493314065898108e-09	1
6283185.307179586	1364.864864864865	6	1.1620994568599246	1.9436947398313916e-09	1
6283185.307179586	2352.7527527527527	1	1.3189618644383918	1.8938698821181664e-09	1
6283185.307179586	1768.3683683683685	6	0.9977703198721799	-5.439656120796576e-10	1
6283185.307179586	1128.3283283283283	4	0.36421247555236014	6.330392471954184e-10	1
6283185.307179586	724.8248248248249	1	0.7435377921786088	5.222446879117847e-10	1
6283185.307179586	3201.5015015015015	6	-0.06205118763773365	-1.0891505094579666e-09	1
6283185.307179586	1615.3153153153153	2	1.1111492169760186	1.203051032537001e-10	1
6283185.307179586	2290.1401401401404	5	-1.2673693035389184	8.609360375352655e-10	2
6283185.307179586	460.46046046046047	4	-0.6084840047285266	-1.9302100447637173e-09	1
6283185.307179586	1622.2722722722724	8	0.7393284140628973	5.601840442861342e-10	1
6283185.307179586	1997.947947947948	4	-0.13108994824389675	-5.396997360425578e-10	1
6283185.307179586	2213.613613613614	9	-0.5215751037352152	4.741913585191141e-10	2
6283185.307179586	1775.3253253253254	6	-0.05808096850980826	4.588838385780961e-10	1
6283185.307179586	2540.5905905905906	8	1.2702404823181652	1.0395683764338827e-09	1
6283185.307179586	1246.5965965965966	9	-0.08713229595810068	2.857464154727511e-10	2
6283185.307179586	808.3083083083084	5	1.0717358243630049	-3.103978546455574e-10	2
6283185.307179586	1608.3583583583584	8	-1.171699850796131	-1.8450569922045907e-09	1
6283185.307179586	2088.388388388388	8	-0.3451093985808078	1.8071405028338982e-09	1
6283185.307179586	1879.6796796796798	1	-1.0802834498955876	7.572961272168811e-10	1
6283185.307179586	3180.6306306306305	3	-0.4156695039733109	9.749319797014327e-10	1
6283185.307179586	1761.4114114114116	2	-1.4481006713822004	-5.045431591355425e-11	1
6283185.307179586	2018.818818818819	4	-0.19448895054420823	-4.097502330504886e-10	1
6283185.307179586	2171.871871871872	1	-0.2915136077455167	-1.7735669827760995e-09	1
6283185.307179586	2422.322322322322	1	-1.3526404765090643	-8.305023614399402e-10	1
6283185.307179586	1385.7357357357357	1	0.40699923745868305	2.671606421552924e-10	1
6283185.307179586	2352.7527527527527	8	-0.4404950845061677	7.351849197932648e-10	1
6283185.307179586	655.2552552552553	1	0.941000472580769	-9.055774088495216e-12	2
6283185.307179586	2923.223223223223	7	0.7660872372148213	-1.2686992582475744e-09	1
6283185.307179586	2276.226226226226	4	0.41502140979892954	-7.109404192250844e-10	1
6283185.307179586	2651.901901901902	1	-0.6093221469870226	-1.7553458417744722e-10	2
6283185.307179586	1211.8118118118118	6	0.04660960730812902	-1.1227719892632201e-09	1
6283185.307179586	1023.973973973974	9	-0.12563870271495903	2.2127431972359492e-10	2
6283185.307179586	2923.223223223223	6	-0.8497857488353715	-1.8079589877501096e-09	1
6283185.307179586	2213.613613613614	2	1.2171584524080625	1.964892639466786e-09	1
6283185.307179586	1914.4644644644645	8	-1.3508514157946887	-2.5021653279958393e-10	1
6283185.307179586	1775.3253253253254	6	0.033498530447506614	-1.9868521425795806e-09	1
6283185.307179586	1427.4774774774776	2	0.4868161172755965	3.911005017769934e-10	1
6283185.307179586	2978.878878878879	8	1.2605827762549917	-4.885948569502111e-10	1
6283185.307179586	3166.7167167167167	1	-0.11384979430825903	9.515817966824564e-12	2
6283185.307179586	1615.3153153153153	9	0.3037996651756474	1.8230759531461656e-09	1
6283185.307179586	745.6956956956957	2	-0.050425031729951275	-1.8601330426434332e-09	1
6283185.307179586	2985.835835835836	1	-0.6133270732150974	1.0055004673070214e-09	1
6283185.307179586	1030.930930930931	7	-0.06540540715345444	-1.896686997877821e-09	1
6283185.307179586	1664.014014014014	2	-1.2978816913955384	6.290305782585023e-10	1
6283185.307179586	1330.08008008008	7	-1.4513502585584022	1.48642244058409e-09	2
6283185.307179586	975.2752752752752	5	-0.49410855527829045	6.63564544062995e-10	1
6283185.307179586	1413.5635635635635	8	-0.8543480157878988	-1.2878649702195225e-09	1
6283185.307179586	947.4474474474474	9	1.2100705281973831	1.3759543742194684e-10	1
6283185.307179586	1531.8318318318318	1	-0.9312476935254256	-1.2836199973616005e-09	1
6283185.307179586	1601.4014014014015	9	-1.1070100415846162	2.576362705630739e-10	2
6283185.307179586	2067.5175175175173	8	-0.0472868535088844	1.947568831489634e-09	1
6283185.307179586	1657.0570570570571	4	0.6740776252813672	-3.975217795830815e-10	2
6283185.307179586	1977.077077077077	5	1.164682891388256	-1.8934556762966756e-09	1
6283185.307179586	968.3183183183183	3	-1.5633310948936097	4.746701354539595e-10	2
6283185.307179586	1643.143143143143	4	-0.91623659267778	-1.3645136876856322e-09	1
6283185.307179586	397.84784784784785	1	1.1771483118768349	1.9424789332223463e-09	1
6283185.307179586	1510.960960960961	8	-0.348039244667361	1.7959382692887002e-09	1
6283185.307179586	1427.4774774774776	9	1.4114678680709756	-1.7597409505325526e-09	2
6283185.307179586	2436.2362362362364	6	-0.7019746433371086	6.461603284316521e-10	1
6283185.307179586	1343.993993993994	6	-1.5473770459353777	-1.6184447104817125e-09	2
6283185.307179586	2276.226226226226	2	-0.3259854531517856	-6.396366378955985e-10	1
6283185.307179586	2464.064064064064	3	-1.4607230075329816	9.848492119574484e-11	2
6283185.307179586	1872.7227227227227	8	0.9452082641659945	-7.969582320304456e-10	1
6283185.307179586	1997.947947947948	7	-0.020035098270827056	-9.242979260995182e-10	1
6283185.307179586	1580.5305305305305	1	1.2854592979701334	-5.411926500023944e-10	2
6283185.307179586	3264.1141141141143	2	1.4295304430931952	-1.9026156454859923e-09	2
6283185.307179586	982.2322322322323	2	0.8917934330236066	6.30767730230342e-10	1
6283185.307179586	1657.0570570570571	3	-0.29040395303168354	-1.9554275554855253e-09	1
6283185.307179586	1531.8318318318318	8	0.7499157249730497	1.607129861730053e-09	1
6283185.307179586	1448.3483483483483	6	-0.31761619300583455	1.6952742770265857e-09	1
6283185.307179586	2317.967967967968	2	1.308124440753005	1.0174194683199498e-09	1
6283185.307179586	2178.828828828829	2	1.0617117064298962	-1.5858011744562086e-09	1
6283185.307179586	1538.788788788789	3	1.2864440830167574	1.439733789145623e-09	1
6283185.307179586	870.9209209209209	7	0.7473779542195245	-1.7691421815773755e-09	1
6283185.307179586	1705.755755755756	1	0.7708106397401218	-1.0804770436724596e-09	1
6283185.307179586	2394.4944944944946	2	1.3304141620063281	-1.1174191919396103e-09	2
6283185.307179586	2359.70970970971	2	0.0062810416986534	1.694110579010032e-09	1
6283185.307179586	1643.143143143143	9	0.6862683224922073	1.4819571814264647e-09	1
6283185.307179586	1190.940940940941	9	-0.24241868103669884	1.0804998525561152e-09	1
6283185.307179586	1643.143143143143	4	-1.43965942300932	-2.9543818371088373e-10	1
6283185.307179586	1691.8418418418419	2	-0.8914070930633144	1.701730302177798e-10	1
6283185.307179586	1538.788788788789	6	0.3739994135628788	1.2346692901582804e-09	1
6283185.307179586	836.1361361361362	4	-0.7962013233572498	-5.409824283023958e-10	1
6283185.307179586	905.7057057057058	2	1.3158351861062823	8.333777865057825e-10	1
6283185.307179586	801.3513513513514	4	1.0254159459080334	9.74019616932825e-10	1
6283185.307179586	1399.6496496496497	3	-1.331132152673149	1.4540593591806502e-09	1
6283185.307179586	1608.3583583583584	7	-0.29483432478617244	6.185656217848657e-10	1
6283185.307179586	2276.226226226226	5	0.12358086062305862	6.184286981039361e-10	1
6283185.307179586	2519.7197197197197	6	-0.46615999340337666	1.0139357746077838e-09	1
6283185.307179586	1343.993993993994	3	1.330234968117336	1.5031034244545552e-09	1
6283185.307179586	1851.851851851852	6	-1.2271713648369085	9.251363548984863e-10	1
6283185.307179586	2185.7857857857857	1	-1.2372154983795691	-1.5534519566911019e-09	1
6283185.307179586	870.9209209209209	6	0.9044172828834105	1.907850733699178e-09	1
6283185.307179586	3145.845845845846	9	0.10804239174190067	1.6459584587566128e-10	1
6283185.307179586	2213.613613613614	3	1.2378918938006178	-4.241021162695678e-10	1
6283185.307179586	2074.474474474475	5	0.431801739301362	1.6625547805195865e-09	1
6283185.307179586	2011.8618618618618	3	-0.9084346885750783	1.3134589562929058e-09	1
6283185.307179586	1309.2092092092093	5	0.073509845909147	1.1966229339415648e-09	1
6283185.307179586	1044.8448448448448	5	0.9997008795806681	9.267474094341851e-10	2
6283185.307179586	2046.6466466466468	8	1.1422213534957075	7.774164372976091e-10	2
6283185.307179586	2603.2032032032034	4	-0.5155711160715635	3.92662055020045e-10	1
6283185.307179586	1385.7357357357357	5	0.6097882175417246	-1.8367383781660564e-09	1
6283185.307179586	2895.3953953953956	5	0.7295703671489613	-1.4336838773080733e-09	1
6283185.307179586	1615.3153153153153	1	1.3743967353279696	-1.0944816689189838e-09	2
6283185.307179586	1629.2292292292293	2	-1.117852364528052	-2.2482634342881498e-10	2
6283185.307179586	1183.983983983984	3	-0.058309342079974735	-2.8273431774340944e-10	1
6283185.307179586	2575.3753753753754	7	0.5465700099506408	1.5351871394299266e-09	1
6283185.307179586	1017.017017017017	7	0.8515676044315708	3.682105468608538e-10	1
6283185.307179586	1441.3913913913914	2	0.7352784438703943	-6.560340627465014e-10	1
6283185.307179586	1928.3783783783783	4	1.072991468787118	-1.5333767684887745e-09	1
6283185.307179586	1622.2722722722724	8	0.7374695816421752	-1.276726596564303e-09	1
6283185.307179586	1594.4444444444446	1	-0.15968256990138863	8.335925001629258e-10	1
6283185.307179586	3584.1341341341345	1	-1.5242593131809754	-1.9703924481608204e-09	1
6283185.307179586	599.5995995995996	7	0.7127183667218708	1.1696995215922624e-09	1
6283185.307179586	1086.5865865865867	5	-1.15305526766107	-1.553708075079849e-09	1
6283185.307179586	3778.928928928929	4	1.4960870500039678	1.727532104135731e-09	1
6283185.307179586	1691.8418418418419	5	0.9020444194351387	2.861179973994947e-10	1
6283185.307179586	1907.5075075075076	7	-0.329397983746633	-1.3220312869480631e-09	1
6283185.307179586	1392.6926926926926	9	-0.7356632301027141	-5.016183558603493e-10	1
6283185.307179586	1448.3483483483483	9	0.18145752852118502	1.5045912539778107e-09	1
6283185.307179586	1003.1031031031031	3	-0.5068097778285321	-1.6809336209244598e-09	1
6283185.307179586	1510.960960960961	3	0.7289837623185829	-1.1416634337555085e-10	2
6283185.307179586	606.5565565565565	8	1.4937075684257874	6.950801765901266e-10	2
6283185.307179586	1580.5305305305305	3	-0.7827874196598722	7.261286647895446e-10	1
6283185.307179586	1754.4544544544544	6	-1.2561715950749266	-7.861512794285947e-10	2
6283185.307179586	2046.6466466466468	1	0.5513278411965201	-8.183467784098606e-10	1
6283185.307179586	1643.143143143143	9	-1.4726187862604316	-1.4874476523378175e-09	2
6283185.307179586	1350.950950950951	5	-0.10910963074207869	-1.7217542137855198e-09	1
6283185.307179586	912.6626626626627	5	-1.4306577785702221	9.68185808408145e-10	1
6283185.307179586	1879.6796796796798	4	0.8604836937249414	-1.0909216941139998e-09	1
6283185.307179586	954.4044044044044	3	-0.26011074020625435	-9.574646085654175e-10	1
6283185.307179586	2004.904904904905	3	-1.3784418525827926	-3.985296033640978e-10	2
6283185.307179586	2700.6006006006005	8	1.1991022168607568	1.4039253328413772e-09	1
6283185.307179586	1907.5075075075076	8	-1.3620089341656934	-8.082080902466942e-10	1
6283185.307179586	1323.1231231231232	7	-0.39656270122152004	1.3045738376940156e-10	1
6283185.307179586	3709.3593593593596	9	-0.8018290066004156	3.6195916645069464e-10	2
6283185.307179586	724.8248248248249	5	0.10342634853636001	-1.0789041033751886e-09	1
6283185.307179586	2241.4414414414414	7	1.5315462302801097	1.1249108501061255e-09	1
6283185.307179586	1622.2722722722724	2	-0.7257835708478241	6.798269186968705e-10	1
6283185.307179586	1295.2952952952953	9	-0.24237225450782018	1.5491124997232612e-09	1
6283185.307179586	1079.6296296296296	2	0.1754357590303519	-1.3796857242864245e-09	1
6283185.307179586	1183.983983983984	3	1.2108162990264524	-4.5426652009304286e-10	2
6283185.307179586	1225.7257257257259	1	1.3931591061102573	-1.1985834314778008e-10	2
6283185.307179586	1364.864864864865	6	1.22028642654986	-2.7809699218970645e-10	1
6283185.307179586	3521.5215215215217	1	0.938999037090118	-2.8429306696244667e-10	2
6283185.307179586	516.1161161161161	2	-1.4979558398739514	3.724768455469668e-10	1
6283185.307179586	1754.4544544544544	8	-0.7750646484389738	-1.4691041768733127e-09	1
6283185.307179586	717.8678678678679	7	0.17463082402002716	-5.842928453716109e-10	1
6283185.307179586	1323.1231231231232	2	-1.0746261846072303	1.6598580466725166e-09	1
6283185.307179586	1337.0370370370372	8	-0.7885786864239788	-7.668867607370809e-10	1
6283185.307179586	1065.7157157157158	1	1.5075447293448652	1.7747102172296573e-10	2
6283185.307179586	1239.6396396396397	5	0.035215290119979814	3.602325224867971e-10	1
6283185.307179586	2081.4314314314315	7	-0.5524827557628382	8.193366031161808e-10	1
6283185.307179586	1455.3053053053054	1	0.8440900379460512	-1.7887396290628265e-09	1
6283185.307179586	2018.818818818819	7	0.9143346016975618	7.608519056464417e-10	1
6283185.307179586	1719.6696696696697	8	-0.8525365977220699	-1.4900557407447696e-09	1
6283185.307179586	1177.027027027027	5	-0.5966986088031726	-9.5200310593704e-10	1
6283185.307179586	655.2552552552553	6	1.3205209431890843	2.7075098770534286e-10	1
6283185.307179586	3076.2762762762763	1	0.6017178499853832	-1.4028879672752887e-09	1
