axial trapping frequency (MHz) 	 velocity(m/s) 	 ion collided with 	 angle(rads) 	 collision offset(m) 	 reorder? (1 is reorder 2 is ejection) 
6283185.307179586	1232.6826826826828	8	0.1279757859672066	-1.6368078083649965e-09	1
6283185.307179586	947.4474474474474	8	-0.17081460116000846	1.991235072003635e-09	1
6283185.307179586	2366.6666666666665	9	0.7005441427432286	1.78333163138878e-09	1
6283185.307179586	1782.2822822822823	3	-1.0313806159173602	-1.4761291675549573e-09	1
6283185.307179586	1190.940940940941	6	-0.5059626128822063	5.859311917790306e-10	2
6283185.307179586	1587.4874874874874	5	0.22061500840571235	-9.92703130949788e-10	1
6283185.307179586	1128.3283283283283	7	0.5681912769192059	1.2122773425795632e-09	1
6283185.307179586	690.04004004004	2	0.14067411064736457	-1.8299493142810196e-09	1
6283185.307179586	1664.014014014014	1	0.2852715306931104	7.62211202619183e-10	1
6283185.307179586	1629.2292292292293	6	0.7420078804014851	-9.48508224889491e-10	1
6283185.307179586	3006.706706706707	7	1.3684944292278494	1.1122849963714293e-10	1
6283185.307179586	2032.7327327327328	10	-0.24215642479905264	1.0090086293987819e-09	1
6283185.307179586	1740.5405405405406	10	-0.5009123384216136	3.569398380158422e-11	2
6283185.307179586	1789.2392392392394	2	-1.1772713418417193	-1.011523361191157e-09	1
6283185.307179586	1128.3283283283283	2	0.7389569190499117	-1.3149011974522424e-09	1
6283185.307179586	3431.0810810810813	2	0.9942575556814357	6.310426093048206e-10	1
6283185.307179586	363.06306306306305	4	-0.8847707844265323	7.718443018946363e-10	1
6283185.307179586	1907.5075075075076	8	0.6043733041503123	2.985658138467334e-10	1
6283185.307179586	1030.930930930931	6	0.25350903354885546	-7.907047890833087e-10	1
6283185.307179586	2116.2162162162163	4	0.6973615517299687	4.6490869812915837e-10	2
6283185.307179586	2074.474474474475	1	0.6752986443758293	1.6385930771131325e-09	1
6283185.307179586	1323.1231231231232	8	-0.051946935257621396	1.622581074804119e-09	1
6283185.307179586	2255.3553553553556	8	-0.4464186247527102	1.0140187727654214e-09	1
6283185.307179586	3883.2832832832833	8	-0.8269252899849715	7.146868886558589e-10	1
6283185.307179586	2971.921921921922	3	-0.40541301042128364	6.004506311500214e-10	1
6283185.307179586	1183.983983983984	3	-0.04676612219186271	1.466000331952522e-09	1
6283185.307179586	2464.064064064064	3	1.0395129054336745	1.202447778411281e-09	1
6283185.307179586	1183.983983983984	8	0.14481443587005138	-8.883010507836629e-10	1
6283185.307179586	1274.4244244244244	3	-0.631673228831596	-2.718117498462332e-10	1
6283185.307179586	1010.0600600600601	3	-0.5977247136721417	1.5539152550957437e-09	1
6283185.307179586	2930.1801801801803	10	-0.30412875050349975	-1.3757994347413644e-09	1
6283185.307179586	1858.8088088088089	6	1.0105938688645035	5.30918525107694e-10	2
6283185.307179586	2213.613613613614	8	1.148661468252941	1.6463619765622463e-09	1
6283185.307179586	2039.6896896896897	6	0.8094582438529097	1.906436628565128e-09	1
6283185.307179586	1121.3713713713714	1	-1.5458220200647754	-1.6211488030905159e-09	2
6283185.307179586	1065.7157157157158	9	-0.7042251508266036	5.641305847728337e-10	2
6283185.307179586	696.996996996997	5	1.4092052619180415	4.9539221430807864e-12	1
6283185.307179586	3598.0480480480483	9	0.18806251290851206	-1.4231890091822882e-09	1
6283185.307179586	2269.2692692692694	7	0.6109748018754328	1.6228857807232956e-09	1
6283185.307179586	2582.3323323323325	7	-0.973134691186211	1.2230621471311213e-09	1
6283185.307179586	2123.1731731731734	1	1.320970855675272	3.0169158569867846e-10	2
6283185.307179586	404.8048048048048	9	1.2768412911164888	-1.967034923432358e-09	1
6283185.307179586	891.7917917917919	7	0.8045725961404999	-1.1257734991896494e-09	1
6283185.307179586	1935.3353353353355	10	-0.21647320355621802	1.1566083129116897e-09	1
6283185.307179586	2561.4614614614616	1	1.417521628351126	-1.200480665440474e-09	2
6283185.307179586	1698.7987987987988	10	-0.6196793125875455	-4.548493707986605e-10	1
6283185.307179586	710.910910910911	2	-0.5387742936187154	-2.940934357480222e-11	1
6283185.307179586	1497.047047047047	1	-0.3774598464270311	1.482094544522175e-09	1
6283185.307179586	1044.8448448448448	9	-0.2645703052531616	7.002559975565657e-10	1
6283185.307179586	2255.3553553553556	8	0.9720921034318089	-1.8921470405094014e-09	1
6283185.307179586	1712.7127127127128	4	1.5626010838021784	-2.836931766605951e-10	1
6283185.307179586	1232.6826826826828	5	-1.2357116224250402	3.4915319351978143e-10	1
6283185.307179586	2081.4314314314315	9	-0.44086475073560205	3.0638316063984896e-10	2
6283185.307179586	1650.1001001001002	6	-0.7267279510811608	-1.6271204240400184e-09	1
6283185.307179586	2262.3123123123123	7	-1.019218119630614	1.216596400861601e-09	1
6283185.307179586	1476.176176176176	9	0.0622132187863913	-5.974945855773934e-10	1
6283185.307179586	961.3613613613613	9	-1.519294737746275	2.0029981247880511e-10	1
6283185.307179586	4029.3793793793793	2	0.6491903824643157	-2.026242841694259e-10	1
6283185.307179586	2547.5475475475478	8	-0.8214973930629236	1.884356161303138e-09	1
6283185.307179586	1956.2062062062062	10	-1.569010280907245	2.6325623474254754e-10	2
6283185.307179586	836.1361361361362	4	0.31915665715920905	-9.488695577299206e-11	1
6283185.307179586	1323.1231231231232	10	-0.32215465349926564	-1.5165502970244893e-09	1
6283185.307179586	1197.897897897898	6	-1.1829370705493292	8.04810819673323e-10	2
6283185.307179586	321.3213213213213	5	1.3996270746422805	4.0636939797448193e-10	1
6283185.307179586	1935.3353353353355	4	0.39108711670592755	-1.5483941050655963e-09	1
6283185.307179586	3444.994994994995	9	1.1017886922917612	-1.820493280677448e-09	1
6283185.307179586	1608.3583583583584	4	-1.4800599868682165	3.341870375565979e-11	1
6283185.307179586	1385.7357357357357	8	-0.5285620257170163	-5.899834538347522e-10	1
6283185.307179586	2137.087087087087	7	0.9888786587019687	8.232761623573931e-10	1
6283185.307179586	1573.5735735735736	1	1.1187046365654143	9.759260481655487e-10	1
6283185.307179586	1204.854854854855	2	1.465966971995758	-1.5276512697749083e-10	2
6283185.307179586	1698.7987987987988	3	-0.781780936803932	-1.096333858357287e-09	1
6283185.307179586	2025.7757757757759	7	-1.3743116139046065	-1.98397784185674e-09	1
6283185.307179586	1079.6296296296296	2	1.2415927024978877	-7.798867976113298e-10	1
6283185.307179586	2644.944944944945	6	0.5372081432000684	-1.9248920749436907e-09	1
6283185.307179586	975.2752752752752	6	-0.07728454364905657	-8.571893890561846e-10	1
6283185.307179586	850.0500500500501	8	1.1853717484034316	2.586644545439924e-10	1
6283185.307179586	1302.2522522522522	2	-1.2967809900865603	1.182867747401138e-09	1
6283185.307179586	2443.193193193193	6	0.44151158565375725	-1.0140861616443995e-09	1
6283185.307179586	2338.838838838839	7	1.0522169685811673	-6.83203327196254e-10	1
6283185.307179586	1156.1561561561562	8	1.0591624909394195	7.998981692527478e-10	2
6283185.307179586	3312.812812812813	2	1.2103049501796432	1.6379097395610896e-09	1
6283185.307179586	2283.1831831831832	6	0.5855705664953335	1.5664861369515332e-09	1
6283185.307179586	787.4374374374374	10	-1.1428083324204228	1.5699712281239668e-09	2
6283185.307179586	1810.11011011011	6	-1.164821611133362	1.2725592533203586e-09	1
6283185.307179586	2373.6236236236236	4	1.1468831427890933	7.789711144129271e-10	1
6283185.307179586	1517.917917917918	7	0.3154589693430474	-1.0063731548592858e-09	1
6283185.307179586	1100.5005005005005	4	-0.12844310772876333	7.630465446117996e-10	1
6283185.307179586	2505.805805805806	7	0.7213005608436145	-3.465978667876071e-10	1
6283185.307179586	2206.6566566566567	9	1.2726980698281092	-1.4132120061050253e-09	1
6283185.307179586	2436.2362362362364	2	-0.41158981027792607	2.3074628404485925e-10	2
6283185.307179586	1970.1201201201202	6	-0.1750321809291111	6.042332264333149e-10	1
6283185.307179586	2568.4184184184187	9	1.1249986342923681	-1.742966463312667e-10	1
6283185.307179586	1448.3483483483483	7	0.5087091795405563	-8.597501627739886e-11	2
6283185.307179586	1385.7357357357357	7	1.0966449263542057	1.7251741379634077e-09	1
6283185.307179586	1670.970970970971	8	-0.8555205168810674	-4.3826627127211993e-11	2
6283185.307179586	2095.3453453453453	1	-1.1947761754913417	1.5756314877102963e-09	1
6283185.307179586	1093.5435435435436	6	1.0536873268100613	-1.660479212337468e-10	1
6283185.307179586	1837.937937937938	1	1.0138881107164783	-3.0394403570264316e-10	2
6283185.307179586	1469.2192192192192	7	0.5683530680168838	-2.6925413566499096e-10	1
6283185.307179586	2311.011011011011	6	0.9767583923358605	-1.4244143230841597e-09	1
6283185.307179586	2679.72972972973	2	0.34233982137167396	-6.44080504535973e-11	2
6283185.307179586	1204.854854854855	9	1.2808967070193713	1.6411759682012858e-09	1
6283185.307179586	2512.762762762763	7	-0.4507332667755708	-2.731957234095473e-10	1
6283185.307179586	1636.1861861861862	10	-0.48041718579541803	1.1601272656920647e-09	1
6283185.307179586	1747.4974974974975	3	-0.4356739071178348	-4.4844001083387705e-10	1
6283185.307179586	2255.3553553553556	1	-1.2938831237644122	-7.778406350813461e-11	1
6283185.307179586	1253.5535535535537	4	-0.4182988861782826	1.4590175848739287e-09	1
6283185.307179586	2992.792792792793	5	-0.875437046233061	1.0327591499941917e-09	1
6283185.307179586	1504.004004004004	2	-0.8994383322984545	-1.6667328092524146e-09	1
6283185.307179586	1622.2722722722724	5	0.1295563655161991	1.5562616277105074e-09	1
6283185.307179586	474.3743743743744	7	0.7235954767666288	1.229458066085854e-09	1
6283185.307179586	1782.2822822822823	2	-0.3207618593043353	-1.748854828366148e-09	1
6283185.307179586	1990.9909909909911	9	-0.29361057334054186	-5.9212432647863e-10	1
6283185.307179586	1170.0700700700702	2	-0.7689050922191307	1.3809798090248162e-10	1
6283185.307179586	2137.087087087087	7	1.2768947910340267	-9.62939248423095e-10	2
6283185.307179586	2123.1731731731734	1	0.5684423766331816	-4.1162223801803464e-10	1
6283185.307179586	703.9539539539539	9	0.37151285709884263	-1.3069538013664204e-09	1
6283185.307179586	2791.041041041041	10	0.7450368994100538	5.671484593977606e-10	1
6283185.307179586	2505.805805805806	10	-0.09181893958981813	4.863009229511751e-10	1
6283185.307179586	1267.4674674674675	3	-1.1338777677320904	5.513865864696126e-10	1
6283185.307179586	1420.5205205205204	1	1.0807314307649247	1.7064939987644763e-09	1
6283185.307179586	2582.3323323323325	1	-0.5008550939994454	-4.138261401679766e-10	2
6283185.307179586	2137.087087087087	4	0.46050169728487367	2.750101268578062e-10	2
6283185.307179586	891.7917917917919	10	1.184135628189813	-4.763580801185122e-10	1
6283185.307179586	1977.077077077077	10	0.7202411127003643	1.385752442838088e-10	1
6283185.307179586	2589.289289289289	7	-0.9468110245003023	1.5773176284369794e-09	1
6283185.307179586	2151.001001001001	3	-1.097623990887809	-1.0568452974295008e-09	1
6283185.307179586	1274.4244244244244	8	0.35805361279315284	1.772964626985795e-09	1
6283185.307179586	3222.3723723723724	3	-0.8551430782386004	-1.0346408741376401e-09	1
6283185.307179586	2144.0440440440443	2	-1.5643571264410485	-1.1455298505850219e-09	2
6283185.307179586	1337.0370370370372	10	0.2012241910590873	1.2924163653127043e-09	1
6283185.307179586	2408.4084084084084	8	0.7719119622763451	3.253139640285597e-10	1
6283185.307179586	1538.788788788789	1	0.5589614451752807	1.400338535907145e-10	2
6283185.307179586	1650.1001001001002	7	0.8703383516987326	-3.5726260879721126e-10	2
6283185.307179586	648.2982982982983	3	-0.8106037651475887	-1.7345159891800562e-09	1
6283185.307179586	2345.795795795796	6	0.34299871506219315	1.076251681861586e-09	1
6283185.307179586	1281.3813813813815	9	-0.3537577614508469	-6.06560822587145e-10	1
6283185.307179586	3013.6636636636636	6	-1.446353635422097	7.670799095204971e-10	1
6283185.307179586	2025.7757757757759	9	1.3615088932228092	-1.1478953522483694e-09	2
6283185.307179586	2095.3453453453453	3	-0.11036531133591221	-2.2423145652498225e-10	2
6283185.307179586	1580.5305305305305	7	1.217549386091425	-1.6626443889057115e-09	1
6283185.307179586	1385.7357357357357	1	-0.806887060124879	1.9096694301177597e-09	1
6283185.307179586	2011.8618618618618	8	1.1965305968268547	5.8695035350713e-10	2
6283185.307179586	926.5765765765766	6	-1.4685803494912335	8.606704427657611e-10	1
6283185.307179586	3215.4154154154153	7	0.7813549124432808	3.995887692928536e-10	1
6283185.307179586	1601.4014014014015	9	0.5583861985029182	1.7134015672096758e-09	1
6283185.307179586	996.1461461461462	6	0.6483544132205088	1.0904386540256856e-09	1
6283185.307179586	3159.75975975976	2	-0.5267138126817033	5.206539398143931e-10	1
6283185.307179586	2025.7757757757759	7	0.9274823175923372	-1.025949531349557e-09	1
6283185.307179586	571.7717717717718	5	0.741167152863206	9.353271462809143e-10	1
6283185.307179586	850.0500500500501	10	-0.536010164619406	4.7086626078771e-10	2
6283185.307179586	1170.0700700700702	5	0.0071257794656633955	-8.465455971188875e-10	1
6283185.307179586	1044.8448448448448	9	-1.0132474051576734	-1.0549729961077863e-09	1
6283185.307179586	2401.4514514514517	2	0.7269728938720839	-9.029965515210493e-10	1
6283185.307179586	1754.4544544544544	9	0.5734838291692701	-1.5711820076050387e-10	2
6283185.307179586	3166.7167167167167	4	1.1691565736726854	4.1527153398805605e-10	1
6283185.307179586	2345.795795795796	5	-1.0500220311177761	1.0643093785729047e-09	1
6283185.307179586	1684.884884884885	8	-1.33480786876138	1.8168574423400564e-09	2
6283185.307179586	2039.6896896896897	5	0.11139361463410791	1.924053352449097e-09	1
6283185.307179586	1538.788788788789	4	1.2074640958336356	1.5394080273650644e-09	1
6283185.307179586	2262.3123123123123	5	-1.3566519915149446	1.0007782961090865e-09	2
6283185.307179586	1872.7227227227227	4	-0.22163531185937946	1.8491927572590438e-09	1
6283185.307179586	1010.0600600600601	10	0.36137351483584434	-8.719224302732172e-10	1
6283185.307179586	1107.4574574574574	2	-0.7929509443455608	-1.7255026314049512e-09	1
6283185.307179586	1100.5005005005005	2	-1.4104026268778278	-6.232989048612238e-10	1
6283185.307179586	2777.127127127127	4	1.4922615943945785	-1.6205693400582015e-11	1
6283185.307179586	1524.8748748748749	5	1.5444160509516913	1.2151865248070907e-10	1
6283185.307179586	1573.5735735735736	4	1.4408875677169655	1.0025090066326507e-09	1
6283185.307179586	850.0500500500501	10	-1.4097527902130864	7.155493102340376e-10	2
6283185.307179586	474.3743743743744	1	0.3600573485743226	-3.538160631823137e-12	1
6283185.307179586	210.01001001001	5	-0.6703329411878445	1.75385897021031e-09	1
6283185.307179586	3243.2432432432433	5	0.44379653342935166	-2.7476530898361244e-10	2
6283185.307179586	1497.047047047047	2	-1.5407072873468663	7.795046617975935e-10	2
6283185.307179586	1810.11011011011	3	-0.7582131630510447	1.3713333572895596e-09	1
6283185.307179586	2568.4184184184187	1	-0.5602787645547669	4.919132518461861e-10	1
6283185.307179586	1580.5305305305305	9	1.409171880950641	1.3255686592539218e-09	1
6283185.307179586	1156.1561561561562	3	0.5179678188766785	-1.98315317922536e-09	1
6283185.307179586	1253.5535535535537	9	1.325512941323526	1.4809617900491988e-09	2
6283185.307179586	2025.7757757757759	8	0.2100240337478163	-5.281737244928655e-10	1
6283185.307179586	1225.7257257257259	6	1.4979441174010062	1.873614811412065e-09	2
6283185.307179586	1824.0240240240241	4	-0.1543136083933181	1.7573526525075053e-09	1
6283185.307179586	1650.1001001001002	1	-1.0452915574204424	-1.4034921937931584e-09	1
6283185.307179586	1726.6266266266266	3	1.5596974793811644	-1.2525340830458345e-09	1
6283185.307179586	1712.7127127127128	10	0.4311281285680937	-9.024721684599845e-10	1
6283185.307179586	1239.6396396396397	4	-0.056854534768222775	1.0563689592991589e-09	1
6283185.307179586	787.4374374374374	2	1.4053467952825547	2.2639385033168378e-10	2
6283185.307179586	724.8248248248249	10	1.4463495150938397	-2.1223356737563797e-10	1
6283185.307179586	321.3213213213213	6	1.459276609957672	9.562747143279683e-10	2
6283185.307179586	3486.736736736737	7	-1.090383861864045	-5.434248647800271e-10	2
6283185.307179586	1058.7587587587586	5	1.457844867649181	-1.1996471527081521e-09	1
6283185.307179586	2290.1401401401404	1	-1.3487225977077704	-9.591088181117044e-10	1
6283185.307179586	1323.1231231231232	3	-0.22442345787695794	1.0125716778527988e-09	1
6283185.307179586	1156.1561561561562	5	-0.2592435890879321	5.193093997422395e-10	1
6283185.307179586	363.06306306306305	7	-0.26132693853378774	1.921634928403816e-09	2
6283185.307179586	2359.70970970971	6	-0.12406119854819075	1.5604064621761976e-09	1
6283185.307179586	1239.6396396396397	3	-0.7466217167206873	2.618585829615217e-10	1
6283185.307179586	996.1461461461462	4	0.9846887004195817	-1.7133763571628078e-09	1
6283185.307179586	717.8678678678679	10	0.09508109824094846	2.4389126502783982e-11	1
6283185.307179586	1552.7027027027027	9	1.2622291603986615	-1.0930886471278757e-09	2
6283185.307179586	1462.2622622622623	6	0.9066689402654609	1.9790062322801897e-09	1
6283185.307179586	1003.1031031031031	5	1.1816882335380923	-1.6105008836550245e-10	2
6283185.307179586	495.24524524524526	7	0.8509394459968807	3.8766494619766766e-10	2
6283185.307179586	1615.3153153153153	7	1.3927714039215795	-1.2072824866823714e-09	1
6283185.307179586	1844.8948948948948	2	-0.941216558821662	2.5240228740020085e-10	2
6283185.307179586	1288.3383383383384	9	1.5505303334983953	5.62968844574181e-10	1
6283185.307179586	1559.6596596596596	9	1.3304847033994758	-8.594566686993802e-10	1
6283185.307179586	1517.917917917918	7	-1.3208766277796842	6.108533981813695e-10	1
6283185.307179586	1239.6396396396397	1	-0.16220110407846922	1.6553169754028526e-09	1
6283185.307179586	1281.3813813813815	9	0.4194066359549087	2.4266511392867476e-10	1
6283185.307179586	2380.5805805805808	10	-1.0419848315920355	-1.7327715880656103e-09	1
6283185.307179586	919.6196196196197	9	0.42596503025787635	-7.988256238173218e-10	1
6283185.307179586	1058.7587587587586	6	1.1400391499980942	1.2483849184038448e-10	2
6283185.307179586	2144.0440440440443	6	-0.9466835934702041	-3.820514991490125e-10	2
6283185.307179586	1072.6726726726727	7	-0.4557858375066932	1.0348947980261115e-09	1
6283185.307179586	2366.6666666666665	3	-0.6540324345278337	4.73119800242938e-10	1
6283185.307179586	1100.5005005005005	6	0.8019649844836767	1.2218423914496693e-10	1
6283185.307179586	1768.3683683683685	6	-0.6522812828816902	-9.61780319152311e-10	1
6283185.307179586	1288.3383383383384	7	1.0742325348619146	9.134763154406853e-10	1
6283185.307179586	1309.2092092092093	5	-0.2750042235196013	7.320859876576617e-10	1
6283185.307179586	1914.4644644644645	3	0.5978257041677604	-1.7297631045027543e-09	1
6283185.307179586	1510.960960960961	6	0.5730877099267171	-1.2878415496264064e-09	1
6283185.307179586	1900.5505505505505	10	-0.5787990407910135	6.657949834974188e-10	1
6283185.307179586	1858.8088088088089	2	-1.52152509543877	7.856056906174483e-10	2
6283185.307179586	2387.5375375375374	10	-0.7207262420290627	1.201908700957847e-09	1
6283185.307179586	1343.993993993994	9	0.18490166602826852	3.71845231997612e-11	1
6283185.307179586	773.5235235235235	7	0.3452606381922094	1.6930663665288466e-09	1
6283185.307179586	731.7817817817818	9	-1.372421461088406	1.5089136838449338e-09	2
6283185.307179586	1608.3583583583584	7	0.14674746377406178	1.3782436915465511e-09	1
6283185.307179586	1288.3383383383384	4	-0.697738289032083	-1.7497424638417721e-09	1
6283185.307179586	787.4374374374374	4	-0.7896177342060273	1.239321567572291e-09	1
6283185.307179586	940.4904904904905	1	-1.2676575926116336	-1.2339082979588278e-09	1
6283185.307179586	2512.762762762763	10	-0.6173419085092131	-3.492863835641473e-10	2
6283185.307179586	1657.0570570570571	1	-0.5570395669951205	1.903044084045262e-09	1
6283185.307179586	1072.6726726726727	5	-1.3088907044852123	3.4870740089588016e-10	1
6283185.307179586	1712.7127127127128	6	-1.2072991316705302	1.075839377280769e-09	1
6283185.307179586	1399.6496496496497	5	-1.5443167318684112	-1.4971913117929927e-09	2
6283185.307179586	1538.788788788789	6	1.5463072137938814	8.520606750035865e-11	2
6283185.307179586	1218.7687687687687	2	-1.172647043448364	-1.5557685145355224e-09	1
6283185.307179586	1114.4144144144145	10	-0.7523286581801832	-9.148175151972958e-10	1
6283185.307179586	1963.1631631631633	5	-0.051775110552234826	1.9034375403279424e-09	1
6283185.307179586	1844.8948948948948	4	-0.3503551970117853	-3.266117620588287e-10	2
6283185.307179586	877.877877877878	3	-0.8537343007532918	-4.192946625619074e-10	2
6283185.307179586	1350.950950950951	9	1.5223403083258602	-1.5564794977144892e-09	1
6283185.307179586	1274.4244244244244	9	-1.4612969873227348	-1.3714224559622982e-09	2
6283185.307179586	1837.937937937938	6	-1.1762106674714043	-1.949296745085911e-09	1
6283185.307179586	669.1691691691692	6	0.1681561606618649	-1.3302659173516146e-09	1
6283185.307179586	884.8348348348349	3	0.36173647893464445	4.765118420278593e-10	1
6283185.307179586	1309.2092092092093	6	-0.8452903888088791	1.7406391850536756e-10	1
6283185.307179586	1670.970970970971	8	0.3039759046419035	1.928474704233557e-09	1
6283185.307179586	2637.987987987988	9	-1.343326906862994	-7.784773784626978e-10	2
6283185.307179586	2102.3023023023025	2	0.26126450302892135	2.456195891597258e-11	1
6283185.307179586	1810.11011011011	3	-0.4379758933838711	-1.0997434992790203e-11	2
6283185.307179586	1378.7787787787788	6	1.0466805237521468	1.40264820536324e-09	1
6283185.307179586	1448.3483483483483	2	0.021857232929757275	7.611654641881282e-10	1
6283185.307179586	2540.5905905905906	9	-0.1529032026394208	7.428270595656381e-10	1
6283185.307179586	884.8348348348349	3	-1.2522259533144655	-1.8056742324021942e-09	1
6283185.307179586	1003.1031031031031	3	0.6044776977027144	-3.566530081659836e-10	1
6283185.307179586	877.877877877878	8	0.8209220859648658	1.2148570589617525e-09	1
6283185.307179586	1803.1531531531532	7	0.7302113067940783	8.753558480459062e-10	1
6283185.307179586	905.7057057057058	3	-0.5603947660894693	1.0099273114135217e-09	1
6283185.307179586	2575.3753753753754	1	0.4714647179524838	-1.906443348146916e-09	1
6283185.307179586	1274.4244244244244	8	1.2188622129600346	-2.1768539783521135e-10	1
6283185.307179586	954.4044044044044	8	-0.4227989790639046	-1.0451317960890833e-09	1
6283185.307179586	2394.4944944944946	5	-0.8813647923116136	1.1913958258593995e-09	1
6283185.307179586	2874.5245245245246	10	-0.2070850295987845	-7.627021918032019e-11	2
6283185.307179586	1837.937937937938	3	-0.6116791166460134	-1.0446897071602629e-09	1
6283185.307179586	1942.2922922922924	4	-1.0834649464456012	-1.5540181168579502e-10	2
6283185.307179586	2964.964964964965	2	-0.9624932547159314	-1.7206512062052945e-09	1
6283185.307179586	801.3513513513514	6	-1.3957898889699853	8.558829913400041e-11	1
6283185.307179586	1510.960960960961	5	0.2822103388410686	3.5786972253393103e-10	2
6283185.307179586	1455.3053053053054	9	1.189241489951549	-1.171419353092789e-09	1
6283185.307179586	919.6196196196197	2	0.5655768399076031	-6.544408594628882e-10	1
6283185.307179586	1413.5635635635635	5	-0.5795597081762396	5.288067351365005e-10	2
6283185.307179586	1142.2422422422424	8	-1.3040845324136525	1.6728040329568442e-09	1
6283185.307179586	1149.1991991991993	9	0.5083330795347232	-8.83710477625304e-10	1
6283185.307179586	926.5765765765766	10	-1.5622615313845438	1.692254298686466e-09	2
6283185.307179586	1768.3683683683685	6	1.0656819170675784	1.5011517281467448e-09	1
6283185.307179586	2011.8618618618618	2	-1.4551038655542021	-1.0930109168989947e-09	2
6283185.307179586	1107.4574574574574	6	0.0184932561474056	1.0393752854562147e-09	1
6283185.307179586	996.1461461461462	8	-0.722607032964969	-1.01827539387679e-09	1
6283185.307179586	2317.967967967968	7	-0.49321737237451857	-4.0388608169049563e-10	1
6283185.307179586	1914.4644644644645	6	0.7010043974763502	-1.552238961598778e-09	1
6283185.307179586	3013.6636636636636	6	0.9750709997008853	-1.4250816410943462e-09	1
6283185.307179586	3090.19019019019	6	-0.06480600320563168	1.4865663438975555e-09	1
6283185.307179586	2401.4514514514517	1	-0.03297450883716957	1.6131048556527302e-09	1
6283185.307179586	1650.1001001001002	10	-1.230094317804542	-1.076760479934558e-09	1
6283185.307179586	2895.3953953953956	8	-0.08718014310236222	-1.723895020597754e-09	1
6283185.307179586	2269.2692692692694	4	0.5697930897414687	2.2816745894635544e-11	2
6283185.307179586	2749.2992992992995	2	1.3345304922898804	-2.4176748400494303e-10	1
6283185.307179586	1872.7227227227227	2	-0.20571078744678517	1.973752666654123e-09	1
6283185.307179586	2457.1071071071074	5	-0.9575550662526451	-8.736106761090615e-10	1
6283185.307179586	2617.1171171171172	10	0.03221262053179008	1.2725083438814158e-10	1
6283185.307179586	2102.3023023023025	3	1.4017417051731296	1.781578339453179e-09	1
6283185.307179586	3055.4054054054054	9	0.4119211029123966	1.447587803557624e-09	1
6283185.307179586	1337.0370370370372	4	-1.3392426223234815	6.275662664800316e-10	1
6283185.307179586	2227.5275275275276	10	-1.094077891642777	-1.666013247596844e-09	1
6283185.307179586	1392.6926926926926	4	0.991030977396302	-1.8263341137974118e-09	1
6283185.307179586	2178.828828828829	6	-1.305513473826975	2.613925056077312e-10	2
6283185.307179586	2102.3023023023025	5	1.5552837941496507	-1.6085604390961166e-09	1
6283185.307179586	2053.603603603604	2	0.3864414081022858	1.599151149003813e-09	1
6283185.307179586	1232.6826826826828	5	-1.2289442853619161	-6.362108210937736e-10	2
6283185.307179586	1364.864864864865	4	1.4658177862611792	4.987115834888715e-10	2
6283185.307179586	2248.3983983983985	10	0.6832437579684028	4.107154590230216e-11	2
6283185.307179586	1107.4574574574574	8	1.0139376163459812	-1.0953806148848812e-09	1
6283185.307179586	1531.8318318318318	10	-0.509370590287979	9.594922097527695e-10	1
6283185.307179586	543.943943943944	1	-1.0609346768201355	1.5762450553552486e-09	1
6283185.307179586	2081.4314314314315	1	0.8371256912540455	2.3224718579594593e-11	2
6283185.307179586	1594.4444444444446	3	1.4807270983940986	1.6938850045919992e-09	2
6283185.307179586	3083.2332332332335	8	-1.0636544080849601	4.525386603102833e-10	2
6283185.307179586	1197.897897897898	8	0.9479433530203227	-1.776353492096016e-09	1
6283185.307179586	1142.2422422422424	5	0.28234114269599675	5.848801830270878e-10	1
6283185.307179586	2025.7757757757759	10	-0.7522313163231262	9.366704645937647e-10	1
6283185.307179586	1232.6826826826828	2	-1.3747645541827995	-7.634624454499339e-10	2
6283185.307179586	996.1461461461462	3	0.07662944810682504	4.693151536416476e-10	1
6283185.307179586	1392.6926926926926	8	-0.8900671526975114	-1.3829370350610467e-09	1
6283185.307179586	1413.5635635635635	4	0.5040797625046864	-1.728064242470558e-09	1
6283185.307179586	2784.084084084084	4	-0.43997494265557613	1.508190032969283e-09	1
6283185.307179586	975.2752752752752	9	-0.7139818324664824	-9.44410546325754e-10	1
6283185.307179586	982.2322322322323	1	0.6198949377896965	-1.5321593688391861e-09	1
6283185.307179586	3069.319319319319	10	-0.6973960490162525	-1.9383279398510117e-10	2
6283185.307179586	3305.855855855856	8	1.4939147231519176	1.3853025172528743e-09	1
6283185.307179586	1879.6796796796798	3	-1.044679491418148	3.9858865219423053e-10	2
6283185.307179586	1406.6066066066066	2	1.5004299204224574	-5.683029930109385e-10	1
6283185.307179586	2394.4944944944946	6	0.49914618757059914	-3.1265448588561593e-10	1
6283185.307179586	1684.884884884885	7	-0.2622468463491898	-1.095208650920534e-09	1
6283185.307179586	2276.226226226226	8	0.5224404449906861	-1.5105382878139739e-09	1
6283185.307179586	2561.4614614614616	7	0.7265910327178355	2.333711463903732e-10	1
6283185.307179586	2589.289289289289	5	0.2771161573875669	7.484950979823664e-10	1
6283185.307179586	905.7057057057058	6	0.4523135938842877	1.8883756507348523e-10	2
6283185.307179586	1190.940940940941	7	0.2758030954379844	5.707346112321151e-10	1
6283185.307179586	1552.7027027027027	7	1.0286257125122709	-1.4166321905352193e-09	1
6283185.307179586	1789.2392392392394	3	0.9604191485851294	-2.4338371702752943e-10	1
6283185.307179586	543.943943943944	9	1.0631664349323273	-7.633145291697657e-10	1
6283185.307179586	1378.7787787787788	3	-1.0175402700576472	-1.0107515543042866e-09	1
6283185.307179586	1921.4214214214214	7	0.1586186142997319	5.724605257910974e-10	1
6283185.307179586	1100.5005005005005	7	1.2174992150146937	1.1009607653847514e-10	1
6283185.307179586	1559.6596596596596	9	0.011481244565658688	-9.637160343950484e-10	1
6283185.307179586	1330.08008008008	5	1.1233071145775129	1.5967413994530504e-09	1
6283185.307179586	2081.4314314314315	3	0.1515541042212667	1.0709418348842121e-09	1
6283185.307179586	2088.388388388388	3	-0.2929715384489311	1.782803479791746e-09	1
6283185.307179586	1865.7657657657658	8	0.5996703307452873	3.7327479433640454e-10	2
6283185.307179586	954.4044044044044	7	-0.5199503681806352	-9.867549983989688e-10	1
6283185.307179586	1218.7687687687687	8	1.0397047598858569	-6.864588346307065e-10	2
6283185.307179586	2784.084084084084	1	0.5586804254917803	-8.07004480899765e-10	1
6283185.307179586	1608.3583583583584	8	-1.3650766825126905	-5.839000125246047e-10	1
6283185.307179586	1914.4644644644645	10	0.4539132534525274	-2.4864261144634177e-10	2
6283185.307179586	648.2982982982983	9	1.2885996849125414	-6.728099594357504e-11	1
6283185.307179586	1698.7987987987988	4	-0.3455012524194143	-2.37087301252294e-12	1
6283185.307179586	1330.08008008008	6	-0.9675143933823989	-1.2186304008384523e-09	1
6283185.307179586	1657.0570570570571	2	-1.2723563565554854	-1.4073939643244265e-09	2
6283185.307179586	2290.1401401401404	2	-0.7873208904652709	-1.3067579208774465e-09	1
6283185.307179586	1253.5535535535537	10	-1.282390765558995	-4.364893564019176e-10	2
6283185.307179586	1086.5865865865867	3	-0.8962347360913084	2.9549118649677627e-10	2
6283185.307179586	1420.5205205205204	6	0.49638427302630106	5.58453183520972e-10	1
6283185.307179586	1093.5435435435436	8	-0.989569252821784	1.2243633948808852e-09	1
6283185.307179586	2137.087087087087	4	0.43467646059245135	1.7628313526555006e-09	1
6283185.307179586	1698.7987987987988	10	-0.45437265680968086	8.105411057403037e-10	1
6283185.307179586	1928.3783783783783	4	0.40489326795102665	-5.448743674492104e-10	1
6283185.307179586	2018.818818818819	2	0.8466873052122685	4.727272950654982e-10	2
6283185.307179586	2311.011011011011	9	0.8867918403471671	1.236099813231538e-09	1
6283185.307179586	1517.917917917918	4	-0.05895875894098723	-1.8971448053870644e-09	1
6283185.307179586	808.3083083083084	10	0.9238538588257619	9.598804261978824e-10	2
6283185.307179586	1023.973973973974	5	1.3702778761494017	1.1987559818724102e-09	1
6283185.307179586	1559.6596596596596	8	0.5861274477151182	-1.2231538434774462e-09	1
6283185.307179586	1135.2852852852852	4	1.0478821452035505	-9.607223667294155e-10	1
6283185.307179586	2352.7527527527527	7	-0.022922421324472086	8.828775716131663e-10	1
6283185.307179586	1782.2822822822823	3	0.1235621102079576	-1.384043506763142e-09	1
6283185.307179586	3166.7167167167167	10	0.957694992313979	-7.444646387428097e-11	2
6283185.307179586	1789.2392392392394	5	0.2504454010443742	-1.6287481723665047e-09	1
6283185.307179586	1601.4014014014015	6	0.32243450850809663	9.242930964707112e-10	1
6283185.307179586	1010.0600600600601	6	0.25369143011801154	1.0174780952925911e-09	1
6283185.307179586	1747.4974974974975	2	-0.44173221381880734	-1.3428526374664065e-09	1
6283185.307179586	2220.5705705705705	2	-1.1285557866486178	-1.4867415266483814e-09	1
6283185.307179586	1156.1561561561562	6	-0.6098446926377857	-6.125718811279435e-10	1
6283185.307179586	1977.077077077077	10	0.589372331076758	-3.8062783223718856e-10	1
6283185.307179586	1323.1231231231232	10	-0.0075817908675499535	1.162765091129977e-09	1
6283185.307179586	2171.871871871872	3	0.027666084968752447	1.0394125973561329e-09	1
6283185.307179586	1524.8748748748749	4	-1.2012448171310541	9.130288030252796e-12	2
6283185.307179586	1531.8318318318318	7	-0.2297245586763812	-1.8615490796781164e-09	1
6283185.307179586	1149.1991991991993	10	-0.720709276938199	9.643095380090205e-10	2
6283185.307179586	2902.352352352352	7	1.2457584264093757	1.9110924338822913e-09	1
6283185.307179586	2234.4844844844847	4	-0.7683206494194468	-6.810339221071673e-10	1
6283185.307179586	550.900900900901	5	0.5019951077810259	1.1035024101670817e-09	1
6283185.307179586	850.0500500500501	7	1.3656677394605676	5.627383791944012e-10	1
6283185.307179586	2338.838838838839	6	-1.3549550223452171	1.6541679324506826e-09	1
6283185.307179586	3131.931931931932	7	0.8982624959696093	-1.7813421643668695e-09	1
6283185.307179586	731.7817817817818	1	0.5942732816478911	5.625179946876373e-10	1
6283185.307179586	599.5995995995996	2	-0.6564397952150479	8.326497939084765e-10	1
6283185.307179586	1260.5105105105106	1	-0.4759408612683298	1.7722606761289705e-09	1
6283185.307179586	1469.2192192192192	3	1.3879015948261042	-8.427669958128391e-10	1
6283185.307179586	2505.805805805806	8	-1.3793544720724136	8.322112223978461e-10	2
6283185.307179586	2109.259259259259	4	0.6619112322933192	-1.0115610945620143e-09	1
6283185.307179586	773.5235235235235	10	-1.1454644152049234	-1.2693883714527697e-09	1
6283185.307179586	495.24524524524526	2	0.5047600474327978	1.7872080365994647e-10	1
6283185.307179586	3730.2302302302305	4	0.417036622975137	-1.1844910833904386e-09	1
6283185.307179586	404.8048048048048	9	-1.5117038806012912	1.3011167822168882e-09	1
6283185.307179586	968.3183183183183	5	0.5758183607586389	1.4970122652096883e-10	1
6283185.307179586	1837.937937937938	6	0.36670038812564165	-7.681757870730191e-10	1
6283185.307179586	1190.940940940941	8	-0.15742022206319017	-7.701844085958116e-12	2
6283185.307179586	1030.930930930931	2	0.5050684871680824	-1.9793582690727955e-09	1
6283185.307179586	2749.2992992992995	9	-0.8530302753124642	1.3385745860200236e-10	1
6283185.307179586	1984.034034034034	10	0.20592180811863603	1.4414750965198356e-09	1
6283185.307179586	989.1891891891892	7	-0.039123135460834346	5.242499888499785e-10	1
6283185.307179586	3535.4354354354355	8	0.7817140358164485	1.0862973963817824e-09	1
6283185.307179586	1190.940940940941	4	0.2947822657924535	-9.844959056976205e-10	1
6283185.307179586	1726.6266266266266	9	-0.39227428876968995	1.5778584668854708e-09	1
6283185.307179586	1392.6926926926926	8	1.353688226741137	1.0394868055151613e-09	2
6283185.307179586	2290.1401401401404	6	0.2750362177106709	-9.709883600086892e-10	1
6283185.307179586	2373.6236236236236	10	-1.4952333227521382	3.065639907359691e-10	1
6283185.307179586	2429.2792792792793	7	-0.5236171590524403	3.6689248014208403e-10	1
6283185.307179586	1350.950950950951	4	0.7450467039998636	-2.8282921718219537e-10	1
6283185.307179586	1197.897897897898	1	0.38832928106612363	9.112517394194355e-10	1
6283185.307179586	1984.034034034034	10	0.2490666161941224	-1.5695649236527222e-09	1
6283185.307179586	3883.2832832832833	10	1.0654090219977785	6.101815431406289e-10	2
6283185.307179586	1622.2722722722724	2	0.5691743051841134	1.5708107993595584e-09	1
6283185.307179586	1399.6496496496497	5	0.2820119950732989	-5.168787929286679e-10	2
6283185.307179586	2039.6896896896897	7	0.464070614636213	-1.13036535998887e-10	2
6283185.307179586	1183.983983983984	4	-0.15080075288200656	1.8802766466235557e-09	1
6283185.307179586	801.3513513513514	2	0.6893174612101216	-1.0293007285889458e-09	2
6283185.307179586	1865.7657657657658	8	0.9485081907597088	-8.678840396329468e-10	1
6283185.307179586	2213.613613613614	6	-1.4173178447688999	-1.7341870179119905e-09	1
6283185.307179586	2728.4284284284286	8	1.411818087146354	4.4286532605056146e-11	1
6283185.307179586	2373.6236236236236	1	-0.4848931789896276	-4.7844344427382e-10	2
6283185.307179586	175.22522522522524	8	-0.576430279391866	2.415391712631286e-10	1
6283185.307179586	2304.054054054054	9	1.319423362466702	-1.6061576447026328e-09	1
6283185.307179586	1524.8748748748749	6	1.462874586515797	-4.94780705029617e-10	1
6283185.307179586	1650.1001001001002	1	1.476861886296852	5.187917830750006e-10	1
6283185.307179586	1837.937937937938	6	0.5065808890384971	1.7299174595725379e-09	1
6283185.307179586	3284.984984984985	4	-0.3932805929331835	1.9289063385355677e-09	1
6283185.307179586	592.6426426426426	8	1.5538827561716926	1.6087629997594814e-09	1
6283185.307179586	2171.871871871872	1	0.2993665081368173	-2.6317267295266683e-10	2
6283185.307179586	3069.319319319319	10	1.2706986396529616	-1.7892336867720273e-09	1
6283185.307179586	2714.5145145145148	8	-0.08825861382080058	2.099015419612317e-10	1
6283185.307179586	2700.6006006006005	2	-0.0029086079402826925	-1.3370686056531055e-10	2
6283185.307179586	2651.901901901902	6	1.269767995242601	1.6533147882746919e-09	1
6283185.307179586	1497.047047047047	8	-0.3838552427302624	6.411911380207818e-10	1
6283185.307179586	1399.6496496496497	1	0.0008669983604443487	-1.3636940165968797e-09	1
6283185.307179586	1650.1001001001002	3	-0.7946542645051738	5.87011176038251e-10	1
6283185.307179586	2436.2362362362364	6	-1.2484601630841938	9.244885800526325e-10	2
6283185.307179586	2262.3123123123123	6	0.9395784708734536	6.435269548702099e-11	2
6283185.307179586	1837.937937937938	6	1.416697158856508	-1.026559723054281e-09	2
6283185.307179586	1204.854854854855	3	-0.12480126276809922	1.0530918722765524e-09	1
6283185.307179586	1065.7157157157158	4	0.9871974927989555	-1.436602412726845e-09	1
6283185.307179586	1253.5535535535537	3	0.8602037393846929	-5.106656305790782e-10	2
6283185.307179586	1608.3583583583584	3	1.356609356936454	1.9482889229584783e-09	2
6283185.307179586	3090.19019019019	8	0.5645138332424162	1.893146230496095e-09	1
6283185.307179586	1580.5305305305305	3	-1.029451971849882	1.2305551467794658e-09	1
6283185.307179586	2700.6006006006005	6	-0.16541752060989556	4.204224015522086e-10	1
6283185.307179586	1128.3283283283283	9	-0.8659795404324099	-1.152706751206563e-09	1
6283185.307179586	2825.825825825826	6	-1.3956626694333467	6.24446894866779e-10	1
6283185.307179586	627.4274274274275	10	0.17290407376201444	-1.044583461464483e-09	1
6283185.307179586	2498.848848848849	6	-1.2046723786058118	1.298452683390389e-09	1
6283185.307179586	2352.7527527527527	8	0.5351415272182174	2.509137983145979e-10	1
6283185.307179586	2408.4084084084084	9	1.031308313737025	-1.4432383201228058e-09	1
6283185.307179586	1803.1531531531532	10	-0.8208772400321184	-5.994464252888988e-10	1
6283185.307179586	2276.226226226226	7	1.476148639070082	3.262006424463965e-10	1
6283185.307179586	2102.3023023023025	4	-0.8338003778670774	-7.532594403024651e-10	1
6283185.307179586	919.6196196196197	5	-1.297707497093781	6.221862156948173e-10	2
6283185.307179586	1531.8318318318318	6	0.43390932303395857	-6.124447136949352e-10	1
6283185.307179586	2477.977977977978	10	-0.8939259574526759	6.976957206514347e-10	1
6283185.307179586	724.8248248248249	3	-1.5115422638484781	1.9230190992198305e-09	2
6283185.307179586	2025.7757757757759	7	0.525232016235837	-4.637246915280513e-10	1
6283185.307179586	536.986986986987	10	-1.5137518334045446	2.830250512267995e-10	2
6283185.307179586	2130.13013013013	1	-0.5477392762801367	1.1470104618028932e-09	1
6283185.307179586	1643.143143143143	3	-0.8065178874539092	-8.297843430202057e-10	1
6283185.307179586	1065.7157157157158	4	-1.1923903047260922	1.2549154631376413e-10	1
6283185.307179586	1657.0570570570571	3	0.003576118723047861	6.316990058467701e-10	1
6283185.307179586	1510.960960960961	1	1.4536959292791463	1.332767964787368e-10	2
6283185.307179586	1977.077077077077	10	-0.7311308350817253	-1.297984562642595e-10	2
6283185.307179586	1343.993993993994	4	0.1758827630506241	1.603721452967166e-10	2
6283185.307179586	1949.2492492492493	6	-0.021284137624757005	1.5979251883004573e-09	1
6283185.307179586	1601.4014014014015	2	-0.37388004536385	-9.496416141889017e-10	1
6283185.307179586	731.7817817817818	7	-0.4661047427532399	-1.1351548645809534e-09	1
6283185.307179586	2283.1831831831832	9	0.5434427706081184	-1.5167329315200654e-09	1
6283185.307179586	1406.6066066066066	9	-0.37350113498167503	1.9934605383676833e-09	1
6283185.307179586	1128.3283283283283	2	1.185782393993133	1.8232687724040753e-09	1
6283185.307179586	1441.3913913913914	10	1.1163458331148233	-1.194472942389751e-09	1
6283185.307179586	1643.143143143143	6	-0.2548695305330708	-1.5901149855892506e-09	1
6283185.307179586	1017.017017017017	1	-0.5534157915627806	9.581306167916495e-10	1
6283185.307179586	1177.027027027027	1	-0.10830958085819598	1.8918452606767e-09	1
6283185.307179586	1309.2092092092093	10	-1.2716208313711637	1.0275531501588853e-09	2
6283185.307179586	1114.4144144144145	5	0.729720069453411	6.995069157152836e-10	1
6283185.307179586	1309.2092092092093	3	0.17333891176753036	5.227344014666856e-10	1
6283185.307179586	1803.1531531531532	4	-0.5663254923966465	1.0333448932866331e-09	1
6283185.307179586	1844.8948948948948	10	1.1360031700075073	3.922458565637924e-10	2
6283185.307179586	2171.871871871872	8	-0.5200527080478705	4.166766364574929e-10	2
6283185.307179586	1726.6266266266266	6	-0.3652894981412127	9.247620462144003e-10	1
6283185.307179586	1886.6366366366367	9	-0.8421651243681539	1.4475009169797909e-09	1
6283185.307179586	641.3413413413414	5	-0.06625156134050281	-1.8738291034829557e-09	1
6283185.307179586	1858.8088088088089	8	-1.1789370110808446	-1.2995184491203009e-09	1
6283185.307179586	1337.0370370370372	1	-0.7809462052197775	1.5755799222171473e-09	1
6283185.307179586	2331.881881881882	5	1.0084812450864984	-1.2895235185120173e-09	1
6283185.307179586	2651.901901901902	9	-0.42042148565165216	-1.6524919056855804e-09	1
6283185.307179586	2171.871871871872	5	-1.1580045971928021	7.318813819602076e-10	2
6283185.307179586	1761.4114114114116	1	-1.1112884328635464	1.416795735138262e-09	1
6283185.307179586	2672.772772772773	6	-0.07969493928580662	-1.7131730516861824e-09	1
6283185.307179586	1204.854854854855	5	0.3926972343823849	-1.251528797141956e-09	1
6283185.307179586	1197.897897897898	4	-0.9200303106045048	1.223415653232581e-09	1
6283185.307179586	1239.6396396396397	4	1.0725156572020125	1.028832547065337e-09	1
6283185.307179586	1684.884884884885	6	0.6739129886964443	-3.1372112853125345e-10	1
6283185.307179586	2053.603603603604	4	-0.04136392325935789	1.1417955449806012e-09	1
6283185.307179586	1531.8318318318318	4	-0.7233645017338817	-7.255231747322575e-10	1
6283185.307179586	2804.954954954955	1	-1.5555980677619026	1.3174610576957257e-09	2
6283185.307179586	2450.1501501501502	4	1.3682811965644248	6.162546528957323e-10	1
6283185.307179586	1455.3053053053054	1	1.3844633584020096	-3.5730776999643596e-10	2
6283185.307179586	1177.027027027027	8	0.13953762325636498	1.0306327134773995e-09	1
6283185.307179586	2700.6006006006005	1	0.7024265090563846	1.1691629208687319e-09	1
6283185.307179586	829.1791791791792	2	-1.3241486638537248	1.4938886233413607e-09	2
6283185.307179586	1357.9079079079079	8	-1.3568798320694144	1.8111678855154122e-09	1
6283185.307179586	1789.2392392392394	7	1.4738751224654627	-1.5233065546840293e-09	1
6283185.307179586	1733.5835835835837	2	0.7580719523578097	-3.2391631164852273e-10	1
6283185.307179586	1754.4544544544544	1	0.7961464948976551	-2.241943337468127e-10	2
6283185.307179586	2157.957957957958	7	0.20994220447361567	9.57234821915405e-10	1
6283185.307179586	857.007007007007	8	-0.6662542911622181	3.8238817756697987e-10	2
6283185.307179586	1900.5505505505505	10	-1.4487622717761863	-1.5144583261391737e-14	2
6283185.307179586	710.910910910911	4	0.3244791438159409	1.1857888752655328e-09	1
6283185.307179586	2213.613613613614	3	0.5332788106430031	1.7390024896395887e-09	1
6283185.307179586	2797.997997997998	8	-1.0077273210722484	4.802446685107642e-10	1
6283185.307179586	1357.9079079079079	3	-0.3845556906271206	-1.9394564448916013e-09	1
6283185.307179586	1984.034034034034	3	1.5119798816434074	-8.439820640367844e-10	2
6283185.307179586	3048.4484484484487	8	1.0643390571339562	-1.2991244651673274e-09	1
6283185.307179586	1622.2722722722724	10	1.3651416433653885	-1.5005474169955884e-09	2
6283185.307179586	446.54654654654655	3	0.7248059571622307	-1.9850339974049253e-09	1
6283185.307179586	1650.1001001001002	9	0.9673888802900352	1.0281672851567263e-09	1
6283185.307179586	1956.2062062062062	10	-0.6641684396067707	2.0345248133392721e-10	2
6283185.307179586	2561.4614614614616	6	0.23973583775263285	-4.693804528841135e-10	1
6283185.307179586	1830.980980980981	7	0.3789537528536828	-1.161912903886163e-09	1
6283185.307179586	1232.6826826826828	10	-1.160322110670139	-9.170582602367402e-10	1
6283185.307179586	1573.5735735735736	10	-0.37023462466896606	-1.2787910434707266e-09	1
6283185.307179586	1803.1531531531532	4	-1.390354111756642	-4.733196108853348e-10	1
6283185.307179586	933.5335335335336	5	-0.4679909180457853	-4.207983769069093e-10	1
6283185.307179586	836.1361361361362	8	0.3479575573205571	1.6669771355824312e-09	1
6283185.307179586	3486.736736736737	8	0.6476960358789787	9.292239551701686e-10	1
6283185.307179586	2116.2162162162163	3	1.013887061184053	-1.890097174757995e-09	1
6283185.307179586	724.8248248248249	10	-0.8329843387703704	1.0527286634569414e-09	2
6283185.307179586	1643.143143143143	3	-1.114177415124756	-5.060995467247027e-10	2
6283185.307179586	1719.6696696696697	9	-1.218565351545916	1.9108233638467512e-09	1
6283185.307179586	1879.6796796796798	10	1.4700709411650381	7.439673009409107e-10	2
6283185.307179586	2540.5905905905906	3	-0.8468091734197312	-5.54061673163611e-10	1
6283185.307179586	1872.7227227227227	5	0.9429366777571611	1.4219711052452728e-09	1
6283185.307179586	1740.5405405405406	10	-0.1320184164586724	8.756726414779049e-10	1
6283185.307179586	1608.3583583583584	2	-1.3915017220255403	-5.811842865232002e-10	1
6283185.307179586	1197.897897897898	4	-0.5977301099378143	-6.114021137471593e-10	2
6283185.307179586	1510.960960960961	10	-1.221311157409765	2.6622960085702373e-10	2
6283185.307179586	2185.7857857857857	5	0.6691551493559058	-1.4881205139441171e-09	1
6283185.307179586	2930.1801801801803	6	0.3738986207641748	6.362493030117116e-11	1
6283185.307179586	3173.673673673674	6	0.33654627141930704	1.2456132014863885e-09	1
6283185.307179586	1476.176176176176	1	-1.088000345585935	9.65126492327074e-11	2
6283185.307179586	1058.7587587587586	9	0.42748646245667543	1.2062656967398807e-09	1
6283185.307179586	1337.0370370370372	7	-0.20034859944379568	1.283610150098281e-09	1
6283185.307179586	870.9209209209209	3	-1.3951837679702652	7.505524971626771e-10	1
6283185.307179586	2109.259259259259	5	1.512181941131744	-2.858750492188271e-10	2
6283185.307179586	2171.871871871872	4	1.2445481566855077	1.9765791972050597e-09	1
6283185.307179586	2359.70970970971	3	1.0312151154650078	-1.598741764064581e-09	1
6283185.307179586	1017.017017017017	7	0.8835158266216827	4.4793226512865696e-10	1
6283185.307179586	446.54654654654655	8	-1.0138324527020206	-1.8972628179467784e-09	1
6283185.307179586	2130.13013013013	7	-0.9724075901330667	1.4938668694943969e-09	1
6283185.307179586	1914.4644644644645	3	1.1855876348506942	3.011815208665897e-10	2
6283185.307179586	1225.7257257257259	2	-1.5074292916554635	-1.4631316164289344e-09	2
6283185.307179586	703.9539539539539	4	0.3157400752692583	-9.304697501619637e-10	2
6283185.307179586	543.943943943944	5	1.3389394796936385	1.305757174010052e-09	1
6283185.307179586	1531.8318318318318	9	-1.0634225104088655	-6.09993802019016e-10	1
6283185.307179586	2102.3023023023025	8	-0.6996039623024324	1.347202001870587e-09	1
6283185.307179586	940.4904904904905	1	-1.2202365390043406	-1.9814165103287976e-11	1
6283185.307179586	1316.1661661661662	3	0.3789567758039989	-7.726984710307941e-10	1
6283185.307179586	1441.3913913913914	6	-1.2670470468713244	-5.707135998060471e-10	1
6283185.307179586	2401.4514514514517	5	-0.6152884612396646	-5.717112748551779e-10	1
6283185.307179586	2081.4314314314315	8	0.31639322117714364	9.62615263606683e-10	1
6283185.307179586	1684.884884884885	3	-1.395863917658061	1.0988931605422406e-09	2
6283185.307179586	1622.2722722722724	1	1.1162924348616379	7.767595319490806e-10	2
6283185.307179586	1455.3053053053054	1	0.0333623696792158	-7.621057366657566e-10	1
6283185.307179586	752.6526526526527	10	0.06710312126300821	2.284217524590186e-10	1
6283185.307179586	2331.881881881882	10	1.202653211720596	8.628297364945092e-10	2
6283185.307179586	1114.4144144144145	2	1.3929525797036608	-8.319314107087955e-10	1
6283185.307179586	655.2552552552553	10	0.2315387023438784	1.4246903110680555e-09	1
6283185.307179586	2387.5375375375374	9	-0.5723123874569263	-9.747024257289497e-10	1
6283185.307179586	2352.7527527527527	9	-0.6238541984186596	-1.6670296374451243e-09	1
6283185.307179586	2192.742742742743	6	0.46522743587693016	1.3169908756882084e-09	1
6283185.307179586	3855.4554554554556	2	1.1235709135505472	-1.565995726320627e-09	1
6283185.307179586	1886.6366366366367	10	0.3116714210515861	6.572105949125553e-10	1
6283185.307179586	1893.5935935935936	9	0.8953468932903679	1.9591141209973582e-10	2
6283185.307179586	2081.4314314314315	4	-0.36222233125371917	-9.081178469401424e-10	1
6283185.307179586	2171.871871871872	5	-0.66811609814924	1.0356423662018939e-09	1
6283185.307179586	1573.5735735735736	2	0.774607322262082	3.1526963585562075e-10	2
6283185.307179586	1246.5965965965966	9	-1.0870130979645336	1.4277503765044267e-09	1
6283185.307179586	1392.6926926926926	5	0.37671383425881566	-1.0128765262480855e-09	1
6283185.307179586	1719.6696696696697	4	-1.236051827272243	-1.8511364359122659e-09	1
6283185.307179586	2637.987987987988	4	0.36746081413288256	1.0785938777059498e-09	1
6283185.307179586	2999.7497497497498	9	-0.0786306708693898	-8.039224893616651e-10	1
6283185.307179586	3201.5015015015015	7	-0.03978405786672945	1.0614094392835064e-09	1
6283185.307179586	926.5765765765766	1	-1.3849260742488838	1.8693286839623115e-09	1
6283185.307179586	1524.8748748748749	10	0.43718668800700033	-5.441894240144327e-10	1
6283185.307179586	982.2322322322323	2	1.528284130219872	1.5127635160164913e-10	2
6283185.307179586	1643.143143143143	3	-1.2381070812045867	-1.8024498211318678e-09	1
6283185.307179586	2443.193193193193	4	1.1259363338180775	6.424778202710462e-11	2
6283185.307179586	1782.2822822822823	10	-0.37003826590944566	-1.9107946637939415e-09	1
6283185.307179586	2839.73973973974	1	0.11023068421893822	-1.087772760642061e-09	1
6283185.307179586	1490.0900900900901	2	-0.5676063812054932	-2.920839270607628e-10	2
6283185.307179586	2262.3123123123123	9	0.1924224050487413	-4.010088381739645e-10	1
6283185.307179586	3124.974974974975	2	0.676684037423497	-1.4012671050181137e-09	1
6283185.307179586	2157.957957957958	8	0.13591138510619594	-9.228085504891098e-10	1
6283185.307179586	1177.027027027027	9	0.7799366032254285	-1.5123504626133064e-09	1
6283185.307179586	1643.143143143143	2	-0.6470028592720986	1.654818772965768e-09	1
6283185.307179586	1023.973973973974	7	-0.2347320998580722	-4.669285429463037e-10	1
6283185.307179586	1142.2422422422424	4	0.8262828824188011	4.2847822222870673e-10	1
6283185.307179586	2916.2662662662665	9	-1.1958561492224864	-1.8315277461992801e-09	1
6283185.307179586	2387.5375375375374	3	1.2054527952395362	1.122207086851459e-09	1
6283185.307179586	2241.4414414414414	1	0.055248147126269354	-1.3000814810910987e-09	1
6283185.307179586	3229.3293293293295	1	0.7429430108452779	-1.073367936877844e-09	1
6283185.307179586	2130.13013013013	4	0.2897842660697765	1.3036978889589244e-09	1
6283185.307179586	1302.2522522522522	4	-0.9889515484767327	-7.466461002236273e-10	2
6283185.307179586	1337.0370370370372	6	0.16201839937402807	-9.879363801883923e-10	1
6283185.307179586	1698.7987987987988	6	1.3771584616170114	-1.465305475888207e-09	1
6283185.307179586	1010.0600600600601	1	0.37807319468585243	1.4769399494345981e-09	1
6283185.307179586	808.3083083083084	8	-0.7144429302754938	-1.3995868286752656e-10	2
6283185.307179586	3618.918918918919	8	-0.4663513904753629	-1.4228318735540774e-09	1
6283185.307179586	940.4904904904905	6	-0.34003898499194496	1.759623503159212e-09	1
6283185.307179586	2937.1371371371374	4	0.1705603476876869	-9.53473706311795e-11	2
6283185.307179586	1684.884884884885	8	0.768588595039009	-1.1992863555389945e-09	1
6283185.307179586	1851.851851851852	7	0.7619842653708617	1.2599006532944143e-09	1
6283185.307179586	1830.980980980981	6	-0.742610854852854	-1.4044495603257534e-09	1
6283185.307179586	703.9539539539539	7	1.4870541749910449	-2.8425399591199127e-10	2
6283185.307179586	2464.064064064064	7	-1.2116951389446537	1.0304102420350961e-09	2
6283185.307179586	1879.6796796796798	4	0.37963874568581524	-3.1369611239974123e-10	2
6283185.307179586	2032.7327327327328	6	0.33943341374038316	-1.9532743508032415e-09	1
6283185.307179586	905.7057057057058	9	1.1332301776802831	-1.5235271215736991e-09	1
6283185.307179586	1719.6696696696697	6	1.0078724379848927	6.796076049053497e-11	1
6283185.307179586	1427.4774774774776	10	-1.0779056459089782	5.813768119604188e-10	2
6283185.307179586	1629.2292292292293	3	0.5388405524830371	-5.103282709595264e-10	1
6283185.307179586	1650.1001001001002	1	-1.0410649685867839	1.852634386192749e-09	1
6283185.307179586	1928.3783783783783	2	1.3279756430169636	1.4192079730000823e-09	1
6283185.307179586	3813.713713713714	2	-1.444280738441698	-5.422323180291099e-10	2
6283185.307179586	1670.970970970971	5	-0.002250136277945014	-8.374234328724672e-10	1
6283185.307179586	822.2222222222223	5	-0.40681763974299834	1.4982538127382554e-09	1
6283185.307179586	2464.064064064064	3	-0.00310691382849293	-8.592169822323506e-10	1
6283185.307179586	1128.3283283283283	1	-1.5663195072979677	-1.7231780857576024e-09	2
6283185.307179586	1455.3053053053054	5	0.7693927394072748	-1.2979172714465239e-09	1
6283185.307179586	2039.6896896896897	2	-1.2624709131798728	1.9990191692823334e-12	2
6283185.307179586	4085.035035035035	10	-1.5522982178070261	-9.065806384401637e-10	2
6283185.307179586	1204.854854854855	7	-1.3933406991145112	-1.4160768824994198e-10	1
6283185.307179586	1990.9909909909911	2	1.5025639521751497	-3.3855865167761234e-10	2
6283185.307179586	1044.8448448448448	9	-0.995957129093631	7.74792752977088e-10	1
6283185.307179586	585.6856856856857	6	-0.2805467330317306	1.9231669773913216e-09	1
6283185.307179586	1594.4444444444446	2	-1.3509611771419137	1.3919769572156034e-09	1
6283185.307179586	1448.3483483483483	2	1.0328064854813102	-5.153351187068251e-10	1
6283185.307179586	1392.6926926926926	1	-1.4324955220250528	-2.844685577552247e-10	1
6283185.307179586	2853.6536536536537	5	1.547752408909989	1.9902388596429907e-09	1
6283185.307179586	1072.6726726726727	2	0.6168515419864735	-1.6413163782303805e-09	1
6283185.307179586	2387.5375375375374	7	-0.8420726532030702	-7.568561814303818e-10	1
6283185.307179586	2380.5805805805808	6	-1.3111030343747243	-1.3049211391112633e-09	1
6283185.307179586	502.2022022022022	2	-0.030064095939884572	-1.6347271338425964e-09	2
6283185.307179586	1044.8448448448448	4	-1.3830574092885335	7.67853005939398e-10	1
6283185.307179586	2311.011011011011	10	-0.8848936482131279	-9.536866932172052e-10	1
6283185.307179586	3083.2332332332335	6	-1.1047519356140887	-4.931125820094788e-10	2
6283185.307179586	1858.8088088088089	6	0.2517934895214802	1.794049993622474e-09	1
6283185.307179586	1970.1201201201202	10	-0.6011494319695805	4.790591599320556e-10	1
6283185.307179586	655.2552552552553	1	1.026567915655006	1.9159075467282247e-09	1
6283185.307179586	634.3843843843844	2	1.106206301666104	1.1781016597279298e-09	1
6283185.307179586	1879.6796796796798	1	0.6050555751546036	1.3333128156322072e-09	1
6283185.307179586	2039.6896896896897	10	1.52622663578419	1.1405705624448183e-09	1
6283185.307179586	3013.6636636636636	6	0.08666953933100796	-1.2514388921026338e-09	1
6283185.307179586	1163.113113113113	5	-1.3492129518850202	-6.42523800163139e-10	2
6283185.307179586	1163.113113113113	2	1.2721609858292298	-1.554663417604997e-09	1
6283185.307179586	1768.3683683683685	1	-1.3814064533388994	5.588253067663597e-10	2
6283185.307179586	1670.970970970971	10	0.33609489425826267	-1.6969132140777263e-09	1
6283185.307179586	4196.346346346347	6	-0.21726194224629847	1.931046167641326e-09	1
6283185.307179586	2540.5905905905906	3	-0.697664928251642	1.608252187774182e-09	1
6283185.307179586	481.33133133133134	7	0.8795308191291529	6.42219580660924e-10	2
6283185.307179586	2046.6466466466468	5	-1.319293621136905	1.2157922638677755e-09	2
6283185.307179586	2095.3453453453453	8	-0.5133017568572358	-7.470717366835458e-11	1
6283185.307179586	342.1921921921922	4	-0.3282647086362156	-1.863992347325904e-10	1
6283185.307179586	1879.6796796796798	7	-0.2920211566183457	-9.531862268446152e-10	1
6283185.307179586	2408.4084084084084	10	-1.0583372369325112	-1.0356539503688664e-09	1
6283185.307179586	1100.5005005005005	2	1.307652333543888	1.2267116125861741e-09	1
6283185.307179586	2171.871871871872	1	-0.045496866617326104	-1.6599721382560055e-09	1
6283185.307179586	2832.7827827827828	8	-0.31077338586871117	1.6526740262132716e-09	1
6283185.307179586	1587.4874874874874	10	-0.7987793027341831	1.8904789154227804e-10	2
6283185.307179586	1726.6266266266266	3	-0.10755739473259629	-1.2446258513797918e-09	1
6283185.307179586	1497.047047047047	6	0.22936187302621125	1.3171512613887998e-09	1
6283185.307179586	2123.1731731731734	8	0.6587723537132759	-1.309362586917069e-09	1
6283185.307179586	2380.5805805805808	2	0.9849395271170986	3.542392737183039e-10	1
6283185.307179586	1190.940940940941	6	-0.06131774054204908	1.7350777848138688e-09	1
6283185.307179586	2380.5805805805808	10	0.5228627152349175	-1.9820492607699403e-09	1
6283185.307179586	2192.742742742743	8	0.5430831241188474	-1.4304199352286699e-09	1
6283185.307179586	1232.6826826826828	4	-1.166076810013858	1.1094377160303197e-09	2
6283185.307179586	3201.5015015015015	2	-1.5565681707430388	1.7204631772011932e-09	1
6283185.307179586	2992.792792792793	5	-0.45104176611222213	1.8734318565124306e-09	1
6283185.307179586	1295.2952952952953	10	0.8244635957608573	1.4186405241809991e-09	1
6283185.307179586	2540.5905905905906	9	0.08415949958344715	5.12541554171493e-10	1
6283185.307179586	2700.6006006006005	5	0.6840777217061111	-5.377533595214624e-10	1
6283185.307179586	1601.4014014014015	5	-0.8912865939184715	1.1404662384754864e-09	1
6283185.307179586	989.1891891891892	9	-1.1718183077643336	9.51659131776846e-11	1
6283185.307179586	2311.011011011011	8	-1.3832509747228818	-1.3787834553464384e-09	2
6283185.307179586	2018.818818818819	2	1.3207379374518653	6.371430867642349e-10	1
6283185.307179586	683.0830830830831	2	-0.9022720873045292	-7.00100782406127e-10	1
6283185.307179586	2046.6466466466468	3	-0.43787400710444424	1.9099156133500857e-09	1
6283185.307179586	3194.544544544545	10	-1.4045185506222422	1.7115411457070195e-09	1
6283185.307179586	1949.2492492492493	3	-0.14248991647534437	-1.420963979297954e-09	1
6283185.307179586	1636.1861861861862	4	0.6914083764166365	3.237532029230003e-10	1
6283185.307179586	1232.6826826826828	7	-0.36130840111936857	-1.0175104312040038e-09	1
6283185.307179586	968.3183183183183	7	-1.2371730640225236	-1.4202383598608988e-09	1
6283185.307179586	2241.4414414414414	7	-0.9377792112880191	-1.6101733117721159e-09	1
6283185.307179586	1197.897897897898	3	0.35989721940448627	-5.203247445524052e-10	2
6283185.307179586	1594.4444444444446	3	-1.5662579363211486	1.0890581068198516e-09	1
6283185.307179586	613.5135135135135	2	1.2485532544930913	-1.3509317435550782e-09	2
6283185.307179586	2589.289289289289	3	-0.944659063177256	2.9603564249726546e-12	2
6283185.307179586	1858.8088088088089	9	-0.1873799084482195	-6.927246546266651e-10	1
6283185.307179586	523.0730730730731	1	-0.07010021819065959	-7.465155915702672e-11	1
6283185.307179586	947.4474474474474	1	-1.224442738245061	-4.633641748297404e-10	2
6283185.307179586	1573.5735735735736	10	-1.4917505255470318	-1.233463980495044e-09	2
6283185.307179586	599.5995995995996	7	0.7358009365045906	-5.462645988217533e-10	1
6283185.307179586	1225.7257257257259	9	-0.6931606769809299	-1.994257753742898e-09	1
6283185.307179586	1253.5535535535537	10	0.5231643167690434	1.571637868328119e-09	1
6283185.307179586	1337.0370370370372	1	0.7216578127416784	1.0184488363055468e-09	1
6283185.307179586	4425.925925925926	5	0.5787746069256192	2.8570289930277406e-10	1
6283185.307179586	1065.7157157157158	6	0.953869310064889	-1.6814337194021239e-09	1
6283185.307179586	891.7917917917919	9	-1.0268176368508461	1.200261768252061e-09	1
6283185.307179586	1058.7587587587586	1	0.1562892328074481	6.867304828414769e-10	1
6283185.307179586	1657.0570570570571	8	0.3834391701251396	1.3531254578039996e-09	1
6283185.307179586	1789.2392392392394	6	0.6878223082054418	5.067154444854295e-10	1
6283185.307179586	690.04004004004	8	-0.9641686751595955	-1.0149605288231204e-09	1
6283185.307179586	1587.4874874874874	3	0.46375165051296596	1.6860468323393682e-10	1
6283185.307179586	1636.1861861861862	10	0.9054112713148643	6.379029488322891e-10	1
6283185.307179586	1858.8088088088089	7	0.9660771675980717	3.9777156564408067e-10	2
6283185.307179586	1177.027027027027	10	0.23111982769976724	-1.78503733652842e-09	1
6283185.307179586	676.1261261261261	10	-0.11214285459206463	1.9700861121640253e-09	1
6283185.307179586	2853.6536536536537	3	-0.1896075052612327	1.793549363006071e-09	1
6283185.307179586	425.6756756756757	5	1.1554167005017804	-1.679847366077957e-09	1
6283185.307179586	1128.3283283283283	7	1.082462813207718	1.7080147351343133e-09	1
6283185.307179586	2032.7327327327328	2	0.6267713103876931	1.905545489012111e-09	1
6283185.307179586	1914.4644644644645	7	1.0810595390346647	-9.573820000215721e-10	1
6283185.307179586	884.8348348348349	5	0.23327152089994718	9.675153919544511e-10	1
6283185.307179586	2867.5675675675675	1	0.3172034601879865	1.5113106851289077e-09	1
6283185.307179586	2178.828828828829	6	1.4076151346694652	8.136814145937938e-10	1
6283185.307179586	2255.3553553553556	10	0.022013138069633564	-5.346316202097015e-10	1
6283185.307179586	3236.286286286286	6	-0.14574322775353754	1.3879992106070932e-09	1
6283185.307179586	2352.7527527527527	9	0.8344850556369869	-1.925351418502389e-09	1
6283185.307179586	3236.286286286286	8	0.580952684584922	-1.5880066899408894e-09	1
6283185.307179586	696.996996996997	9	1.1800642990896248	1.671249530376338e-09	1
6283185.307179586	1114.4144144144145	8	-0.9563502598018399	-6.00428058248693e-10	1
6283185.307179586	1170.0700700700702	6	-1.5692315936197636	1.8499524982816516e-09	1
6283185.307179586	745.6956956956957	10	-0.7869299296631017	1.6843795207137173e-09	1
6283185.307179586	1462.2622622622623	2	-0.07587505962395968	-3.1888616092050766e-10	1
6283185.307179586	1316.1661661661662	2	0.47992797762843464	-2.3824734973800653e-10	2
6283185.307179586	2304.054054054054	5	-1.209205470332687	5.877281275967799e-10	2
6283185.307179586	1135.2852852852852	1	0.8057770352645637	-1.3729313013097885e-09	1
6283185.307179586	1072.6726726726727	3	0.18242794204334878	4.6366479650651757e-10	1
6283185.307179586	1177.027027027027	4	-0.29447841694392785	4.701798915664371e-10	1
6283185.307179586	1274.4244244244244	7	-1.3749301012682273	9.477615184720595e-10	1
6283185.307179586	2589.289289289289	1	-1.5496863665734928	1.0281876104543375e-09	1
6283185.307179586	1357.9079079079079	3	-1.262604337122462	5.728295294575024e-10	2
6283185.307179586	801.3513513513514	7	-1.4391218672928014	-1.6159706334384714e-09	1
6283185.307179586	3271.071071071071	3	-0.5325818870216246	3.6530808605379946e-10	1
6283185.307179586	2088.388388388388	1	-1.4630258721993477	1.0806799244374552e-09	2
6283185.307179586	1065.7157157157158	8	0.813593176004265	-6.042276639913626e-10	1
6283185.307179586	2032.7327327327328	8	-0.32110934388327594	-1.1939544097878218e-09	1
6283185.307179586	1636.1861861861862	3	0.9892745565643337	1.8645722213630736e-09	1
6283185.307179586	1538.788788788789	3	-0.7842076265979799	1.4181952917751836e-09	1
6283185.307179586	3201.5015015015015	1	-0.3018549258931307	-1.7440541869279197e-09	1
6283185.307179586	1406.6066066066066	4	1.4375932814029233	-1.58057154745106e-09	2
6283185.307179586	1406.6066066066066	5	-0.8040671904564214	-1.6936966173507236e-09	1
6283185.307179586	1650.1001001001002	3	-1.4441767995599017	-1.8794346003643737e-09	2
6283185.307179586	2227.5275275275276	3	0.258671801862256	1.7078153501045115e-09	1
6283185.307179586	2011.8618618618618	6	0.9654969062095189	1.3322098077264834e-09	1
6283185.307179586	2199.6996996997	3	1.058315617721266	-1.3645414280870016e-09	1
6283185.307179586	1058.7587587587586	4	1.0149761119049074	-1.0796899341347546e-09	2
6283185.307179586	2074.474474474475	4	1.4181241994039118	-8.5829349845617e-10	2
6283185.307179586	1218.7687687687687	9	0.7163808534179386	7.952105054276266e-10	2
6283185.307179586	1072.6726726726727	6	1.2557285234141462	2.614778087739233e-10	1
6283185.307179586	1670.970970970971	6	0.04255437844412957	-9.760077984468426e-10	1
6283185.307179586	1413.5635635635635	9	-0.4542197257161622	-1.825269289952462e-10	1
6283185.307179586	3027.577577577578	2	0.3776377079835551	1.4789800287503449e-09	1
6283185.307179586	1517.917917917918	9	0.6732608201958095	-1.2348563655496064e-10	1
6283185.307179586	1580.5305305305305	9	-1.2144806228750058	-1.1157751473401782e-09	2
6283185.307179586	1490.0900900900901	8	-0.5500603385573251	-8.237729997930074e-10	1
6283185.307179586	1942.2922922922924	4	0.6970183093602453	1.4068722891146398e-09	1
6283185.307179586	1058.7587587587586	3	0.11602894954797671	-1.8587861663275797e-09	1
6283185.307179586	1469.2192192192192	3	-0.5493434404760376	-4.314559175006623e-11	2
6283185.307179586	1378.7787787787788	3	-0.01545098752115992	-6.134909918655059e-10	1
6283185.307179586	2366.6666666666665	9	0.21332761810840406	-1.5993541860555426e-10	2
6283185.307179586	1684.884884884885	7	-0.6258361417964676	-6.469589206232098e-10	1
6283185.307179586	2742.3423423423424	3	-0.9459050180808695	-1.4430946969503063e-09	1
6283185.307179586	1914.4644644644645	7	-0.688715766736499	1.3161137115496088e-09	1
6283185.307179586	2637.987987987988	4	-0.37022843912781767	-1.884372720699211e-09	1
6283185.307179586	1719.6696696696697	4	0.9053032704736075	1.2994285877797348e-09	1
6283185.307179586	397.84784784784785	8	-0.8598683297888714	2.5545921189383897e-10	1
6283185.307179586	1622.2722722722724	4	-0.9612345519873673	-1.4748749108323681e-09	1
6283185.307179586	996.1461461461462	3	-0.6764417312713894	7.373050495921312e-10	1
6283185.307179586	1462.2622622622623	3	0.13197649997853156	-1.34531838045978e-10	2
6283185.307179586	1371.821821821822	6	-0.0263472396802491	-1.4846267812178744e-10	1
6283185.307179586	1928.3783783783783	4	1.1171426911792208	-1.09381242231725e-09	1
6283185.307179586	1163.113113113113	10	0.8677675043330604	1.8852684741034545e-10	2
6283185.307179586	1497.047047047047	5	0.33678527841324835	-5.396063452425932e-10	1
6283185.307179586	1636.1861861861862	2	1.0973177236322824	1.4711933092791082e-09	1
6283185.307179586	1309.2092092092093	3	-0.6714191250507507	-1.5707968686740805e-09	1
6283185.307179586	2533.6336336336335	5	0.9405365907299976	1.6188798342043258e-09	1
6283185.307179586	1253.5535535535537	5	-0.9711027800342078	-6.662095359080996e-10	2
6283185.307179586	2046.6466466466468	5	-0.2916453148977425	9.243814898731898e-10	1
6283185.307179586	2185.7857857857857	9	1.0369944405974518	-4.07120680847319e-10	1
6283185.307179586	1149.1991991991993	6	-0.8573771292917228	6.445983343036915e-10	1
6283185.307179586	1782.2822822822823	2	1.5049670009544123	7.391109599566293e-10	2
6283185.307179586	3368.4684684684685	1	1.5314913289650853	1.5476181651702624e-09	2
6283185.307179586	460.46046046046047	4	-0.9944169384035652	1.6757068623649423e-09	1
6283185.307179586	1705.755755755756	1	0.9264159790164928	9.85682511273333e-10	1
6283185.307179586	1733.5835835835837	1	-1.0382384439503207	-2.843139075660695e-10	1
6283185.307179586	2171.871871871872	4	1.4234332190257284	6.099204348028348e-10	2
6283185.307179586	2018.818818818819	4	-0.20240810261366815	7.989334521478503e-10	1
6283185.307179586	1128.3283283283283	6	1.3689855435356382	-1.499250175635272e-09	2
6283185.307179586	2331.881881881882	10	-1.4113768019407984	1.8586155002622995e-09	1
6283185.307179586	3048.4484484484487	9	-0.10618833660649707	1.541622384587663e-09	1
6283185.307179586	1677.927927927928	2	-1.0975527269907719	-4.058583257698301e-10	1
6283185.307179586	2241.4414414414414	5	1.44340226548981	-6.112156419345398e-10	1
6283185.307179586	1030.930930930931	9	1.2328552387252016	1.4707911093730106e-09	2
6283185.307179586	3521.5215215215217	5	-1.2946337690680012	-1.5180741647590515e-10	1
6283185.307179586	2352.7527527527527	2	-1.499923899714726	-1.95698836712643e-09	1
6283185.307179586	3716.3163163163163	7	-0.3329919805620323	-1.9602178984289448e-09	1
6283185.307179586	961.3613613613613	1	0.6615252347622942	1.966975376998408e-09	1
6283185.307179586	724.8248248248249	6	-1.411406888478823	1.7029232535172989e-09	1
6283185.307179586	2324.924924924925	9	1.2926251610771788	-7.796566127477256e-10	2
6283185.307179586	1886.6366366366367	9	-0.33001402272074376	7.672461470092617e-10	1
6283185.307179586	1796.1961961961963	8	-0.311391495263448	8.461267952839398e-10	1
6283185.307179586	1677.927927927928	8	0.9651257540190423	-1.298920705868612e-09	1
6283185.307179586	1392.6926926926926	9	-0.6101864750360049	-1.6346270617621155e-09	1
6283185.307179586	1622.2722722722724	4	-1.0619512617427596	1.115800126837491e-09	1
6283185.307179586	1510.960960960961	4	-0.2319690469573814	6.0629916294926186e-12	2
6283185.307179586	2735.3853853853852	1	1.4440113746579857	1.1977512731010203e-09	2
6283185.307179586	2519.7197197197197	2	1.2697639853830633	-2.007787006900955e-10	2
6283185.307179586	1677.927927927928	7	0.6000267343456955	1.3387632392542152e-09	1
6283185.307179586	2255.3553553553556	7	-1.2915705103448998	1.6597485577729882e-09	1
6283185.307179586	3632.832832832833	2	-0.44305616393413216	-1.326650867819007e-09	1
6283185.307179586	2401.4514514514517	4	-0.5577980815711607	-6.013595789054213e-10	1
6283185.307179586	2304.054054054054	3	-0.20643389822131675	-7.14334756150918e-10	1
6283185.307179586	2477.977977977978	3	0.8996407491882126	-2.5952348336294367e-10	1
6283185.307179586	1010.0600600600601	5	-1.1384227232760133	2.873471597537525e-10	1
6283185.307179586	2916.2662662662665	8	-0.47538974483588725	-3.446078188069991e-10	1
6283185.307179586	731.7817817817818	3	-1.4309656049450512	1.5196335772247494e-09	2
6283185.307179586	1733.5835835835837	9	1.0499223982260255	1.8619040912940788e-09	1
6283185.307179586	1977.077077077077	10	1.2306308183088968	-1.8268867956165531e-09	1
6283185.307179586	2234.4844844844847	3	1.4962452839168314	1.979412144382802e-09	1
6283185.307179586	2213.613613613614	4	0.8556235057066894	7.420891963088608e-10	1
6283185.307179586	1107.4574574574574	2	0.3930062964441785	4.167074658189242e-10	1
6283185.307179586	2603.2032032032034	7	0.3771364647605864	2.3083289584191341e-10	2
6283185.307179586	2651.901901901902	10	-0.13381678703991629	-7.245158414459371e-10	1
6283185.307179586	1114.4144144144145	1	-1.5401331959114006	1.233374995374792e-10	1
6283185.307179586	801.3513513513514	2	0.13114522886498392	1.236545726331186e-09	1
6283185.307179586	1837.937937937938	10	0.6734260249413424	-1.92074676204168e-09	1
6283185.307179586	3180.6306306306305	10	0.7253955857086942	-1.6612825152054572e-10	2
6283185.307179586	2324.924924924925	6	-0.5528139847662901	1.0415567542331535e-09	1
6283185.307179586	1462.2622622622623	2	-1.5107809377239836	9.191566241151543e-10	2
6283185.307179586	2881.4814814814818	2	0.6501713263313551	1.2592952659876473e-09	1
6283185.307179586	2151.001001001001	2	-1.2446119789180154	-1.009303737507275e-09	2
6283185.307179586	3410.2102102102103	7	-1.131282162392366	-1.7535024242171295e-09	1
6283185.307179586	2512.762762762763	4	-0.9898492548507903	-1.741438037932567e-09	1
6283185.307179586	536.986986986987	1	1.5550842941662526	5.48506405937607e-10	2
6283185.307179586	182.18218218218217	7	-0.06975775512199434	1.248644658925614e-09	1
6283185.307179586	1246.5965965965966	2	0.6521085194674594	-1.4793285034377238e-09	1
6283185.307179586	2151.001001001001	7	0.6648530050203463	2.628232653498851e-10	1
6283185.307179586	3723.2732732732734	4	1.505589183163929	-4.2711579802647793e-10	1
6283185.307179586	1740.5405405405406	4	-0.5629303856297612	-2.796739655006584e-10	1
6283185.307179586	1629.2292292292293	5	1.1664367140277765	1.087789922926159e-09	1
6283185.307179586	787.4374374374374	9	1.5216757479769472	-1.1359311696575682e-10	1
6283185.307179586	2791.041041041041	1	0.4267638969133467	1.8568285797528777e-09	1
6283185.307179586	1441.3913913913914	8	-0.5902695880926006	-1.1878943666809704e-09	1
6283185.307179586	2380.5805805805808	8	1.0121415583086368	-1.396673664472994e-09	1
6283185.307179586	843.0930930930931	4	1.5478346684794757	1.9597865023356438e-09	2
6283185.307179586	2352.7527527527527	10	-0.3428973504746493	5.031954506084723e-10	1
6283185.307179586	321.3213213213213	7	-1.3328036871033184	7.178960184614923e-10	1
6283185.307179586	509.1591591591592	1	-1.4996324224840756	-4.539723561598891e-10	1
6283185.307179586	1163.113113113113	6	-0.07065165319286648	-3.912407092855257e-10	1
6283185.307179586	3431.0810810810813	9	0.9774033114246437	1.5536592609672568e-09	1
6283185.307179586	2018.818818818819	9	0.8630400317769311	-1.946433957914019e-09	1
6283185.307179586	3166.7167167167167	5	-0.23907553645377488	-1.5233600184618307e-09	1
6283185.307179586	1657.0570570570571	9	0.20487874944424722	6.318083938222852e-10	1
6283185.307179586	1587.4874874874874	4	0.2935771389994717	-1.6361328370997545e-09	1
6283185.307179586	1288.3383383383384	4	-1.0553583367074748	-1.2026472218840898e-10	1
6283185.307179586	808.3083083083084	2	-0.09760243385617695	-2.1869364235740692e-10	2
6283185.307179586	2526.676676676677	3	-0.9427984822788666	9.120744330546004e-10	1
6283185.307179586	2171.871871871872	6	-1.2852671068637054	-1.7995158616221466e-09	1
6283185.307179586	2324.924924924925	8	0.7945189675494926	2.3921143910052447e-10	2
6283185.307179586	2707.5575575575576	1	-0.859193800952949	-1.9665300793522983e-09	1
6283185.307179586	516.1161161161161	4	-0.38465100135009433	1.8086981776165398e-09	1
6283185.307179586	3361.511511511512	10	1.0216096989373171	-5.1120573237446345e-11	1
6283185.307179586	1156.1561561561562	2	0.6672023352525529	-1.9888028781561085e-09	1
6283185.307179586	1942.2922922922924	4	-0.9327677289421997	-1.4869391659829689e-09	1
6283185.307179586	1921.4214214214214	8	-1.1600248754604698	9.358757122412165e-10	1
6283185.307179586	2533.6336336336335	1	1.346144315394096	1.0575454847935353e-10	2
6283185.307179586	2777.127127127127	8	-0.9602464995190343	8.473673504542431e-10	1
6283185.307179586	1504.004004004004	9	-1.13670589287166	-3.6077803378334936e-10	2
6283185.307179586	2728.4284284284286	5	0.12855372277841992	-1.6372342013547093e-09	1
6283185.307179586	2909.3093093093094	7	0.7206317574020691	8.542609676176126e-10	1
6283185.307179586	2185.7857857857857	4	1.0379901637481224	-8.453616076912992e-10	1
6283185.307179586	1733.5835835835837	3	1.5080282806132517	2.3259720141708048e-10	1
6283185.307179586	3799.7997997998	8	-0.4713045895017509	1.6569797688124997e-10	1
6283185.307179586	2011.8618618618618	9	0.3224623413123311	-1.873913431950703e-09	1
6283185.307179586	2255.3553553553556	3	0.2571827511816107	-7.243051316638756e-10	1
6283185.307179586	926.5765765765766	10	0.9083473468864658	1.554598332629798e-09	1
6283185.307179586	1051.801801801802	1	-0.9897983726504297	-8.43807159702966e-10	2
6283185.307179586	1323.1231231231232	10	-0.13007531805951533	1.971648332894049e-09	1
6283185.307179586	1865.7657657657658	2	0.06758909332750762	-1.1087239125649925e-09	1
6283185.307179586	1337.0370370370372	1	0.897344391897855	-1.2206443703316352e-10	2
6283185.307179586	2415.3653653653655	10	-0.5397507597335991	3.2028565958309646e-10	2
6283185.307179586	1232.6826826826828	7	-1.3397322602720956	-3.062436464964967e-11	1
6283185.307179586	1858.8088088088089	5	1.4344297498616547	-3.117792016343204e-10	2
6283185.307179586	1218.7687687687687	8	-0.8298817249868579	1.3837096373193583e-09	1
6283185.307179586	1037.887887887888	1	0.2762326663652601	-2.1285575593723434e-10	1
6283185.307179586	2067.5175175175173	8	0.594994942626093	-1.7847555482391672e-09	1
6283185.307179586	933.5335335335336	5	0.1764693864227671	-1.9944270244850528e-09	1
6283185.307179586	1058.7587587587586	6	-1.2202857667127545	-1.819485534195991e-09	1
6283185.307179586	1170.0700700700702	1	1.4981923065602194	-1.8406721949375561e-09	2
6283185.307179586	3598.0480480480483	8	0.5864563970679737	3.714290005696817e-10	2
6283185.307179586	2582.3323323323325	9	0.6144862319437565	-1.0731000593015223e-11	1
6283185.307179586	1580.5305305305305	5	0.48012446393004016	-1.5677100950466458e-09	1
6283185.307179586	2116.2162162162163	9	-0.1393006626994504	7.525692919312206e-10	1
6283185.307179586	2248.3983983983985	2	-1.5692126959180432	1.436613897776994e-09	1
6283185.307179586	1817.0670670670672	2	-0.1489577370293449	1.4992077217352562e-09	1
6283185.307179586	1608.3583583583584	5	-0.6029403981769947	-1.8609272236079957e-10	1
6283185.307179586	1274.4244244244244	8	-1.4284637325874667	-3.865656563682856e-10	1
6283185.307179586	1469.2192192192192	10	-0.9565506986988692	1.9781099132882606e-09	1
6283185.307179586	2651.901901901902	2	-1.3705092498398532	-1.96936736883856e-09	1
6283185.307179586	1594.4444444444446	5	0.8319758230797789	3.898030178774296e-10	1
6283185.307179586	2582.3323323323325	9	1.546654500585078	-7.655648658393623e-10	2
6283185.307179586	1037.887887887888	8	-0.5751591429834818	-1.5926200039881678e-09	1
6283185.307179586	1260.5105105105106	1	0.3087643457394107	1.8553498491845763e-09	1
6283185.307179586	1865.7657657657658	2	-0.882235327160544	-4.035942148110125e-10	1
6283185.307179586	488.2882882882883	8	0.2859637884258843	-1.7931213737905814e-09	1
6283185.307179586	2637.987987987988	4	-0.19166646180638724	8.407679467563911e-10	1
6283185.307179586	1504.004004004004	1	-0.4121147240631047	-7.452035848087416e-10	1
6283185.307179586	1990.9909909909911	3	0.3071748630989122	-1.0217762110412637e-10	1
6283185.307179586	279.57957957957956	7	-1.2944450268483776	-1.4538562149661375e-09	1
6283185.307179586	2637.987987987988	6	1.0011411058145225	-6.268887070233214e-10	1
6283185.307179586	481.33133133133134	5	0.7756493336837376	-9.063364185485933e-10	2
6283185.307179586	1343.993993993994	6	-1.3358416018861676	1.142242005501521e-09	1
6283185.307179586	1719.6696696696697	6	0.8880177000255456	-9.438131584598084e-10	1
6283185.307179586	1197.897897897898	9	0.19704506940414257	-1.0515135880308466e-09	1
6283185.307179586	2088.388388388388	10	-0.76274416705938	-8.35157132060482e-10	1
6283185.307179586	1705.755755755756	10	-0.03683335751225392	-1.433707319811206e-09	1
6283185.307179586	2178.828828828829	9	-1.2407636324495412	1.1877851726434706e-09	1
6283185.307179586	2060.5605605605606	8	1.4670447188262767	-1.2687236370490812e-09	1
6283185.307179586	662.2122122122122	3	-1.341552152989701	6.889762624107175e-10	1
6283185.307179586	1851.851851851852	10	-1.2095324924350057	1.4944143258069475e-09	1
6283185.307179586	2157.957957957958	9	0.4133416322536694	1.1073681436360511e-09	1
6283185.307179586	1935.3353353353355	3	1.183291699961054	7.116740533926874e-10	2
6283185.307179586	1476.176176176176	2	0.10646560954811402	-1.6928580512611773e-09	1
6283185.307179586	1768.3683683683685	10	-0.7683607662098049	-1.1584262422733276e-09	1
6283185.307179586	1803.1531531531532	5	0.4339099154077304	1.7441791989868372e-09	1
6283185.307179586	1851.851851851852	8	-0.2917036692021513	-2.711639100218398e-10	2
6283185.307179586	1608.3583583583584	5	1.315586515869886	1.2652912600011375e-09	1
6283185.307179586	1997.947947947948	1	1.2593766459225089	1.2731299072010697e-09	1
6283185.307179586	1768.3683683683685	7	-0.7152505990588774	1.510501230190005e-09	1
6283185.307179586	1288.3383383383384	9	1.2920068409401644	-6.31241751134231e-10	2
6283185.307179586	1677.927927927928	10	-0.8873804248864693	-1.8395292214056164e-09	1
6283185.307179586	1698.7987987987988	9	-0.9299296355916102	9.571523036798772e-10	1
6283185.307179586	1796.1961961961963	4	1.075527061504244	8.893211409421452e-10	1
6283185.307179586	2311.011011011011	8	-0.9436244653678599	-1.3190685278276431e-09	1
6283185.307179586	2116.2162162162163	5	0.938676379273931	-1.2349810500645934e-09	1
6283185.307179586	1691.8418418418419	3	1.1547989220101775	1.3763677141921623e-09	1
6283185.307179586	2471.021021021021	8	1.4649440029168925	-1.6418051501219817e-09	1
6283185.307179586	2714.5145145145148	10	1.2777093596769595	-6.132504744014038e-10	2
6283185.307179586	1274.4244244244244	7	-0.344785370760875	1.350916187707161e-10	1
6283185.307179586	2992.792792792793	4	-1.4499537893613605	1.588101069952214e-10	1
6283185.307179586	3862.4124124124123	10	-1.2690627252768532	1.3282803761497124e-09	1
6283185.307179586	2297.097097097097	5	0.8157324260628358	-9.888915488519312e-10	1
6283185.307179586	1538.788788788789	7	0.620277863920601	-8.356927092789017e-10	1
6283185.307179586	2046.6466466466468	3	1.3189283839790065	-1.5981335804158179e-09	1
6283185.307179586	2568.4184184184187	10	-0.4711004813816617	1.3907997644905555e-09	1
6283185.307179586	1343.993993993994	4	0.3244903769299028	7.22271162159178e-11	1
6283185.307179586	1504.004004004004	8	-0.9368483789566965	6.430503512397728e-10	1
6283185.307179586	3291.941941941942	2	0.08297978173175458	-1.5666762679409083e-09	1
6283185.307179586	1872.7227227227227	7	-0.7118074571244654	-7.952487587551027e-10	1
6283185.307179586	1392.6926926926926	2	0.8454624085065432	1.8851658385232598e-09	1
6283185.307179586	759.6096096096096	10	0.38449597152797366	-7.981003973032151e-10	1
6283185.307179586	1677.927927927928	7	-1.4869196223923127	-1.8292208594657337e-09	2
6283185.307179586	3027.577577577578	2	0.8929826451172733	7.216399144059273e-10	1
6283185.307179586	1017.017017017017	6	0.5209664017054423	-3.9949617184886015e-11	1
6283185.307179586	2025.7757757757759	4	0.8650377873471924	1.9268787979301752e-09	1
6283185.307179586	1037.887887887888	1	0.7628570514434476	8.136231504493767e-10	1
6283185.307179586	1149.1991991991993	6	0.4859859422806849	-8.900995539600886e-10	1
6283185.307179586	1065.7157157157158	1	0.11592987037111158	1.7008291628117004e-09	1
6283185.307179586	2651.901901901902	6	0.9625492259781958	-1.6726004788560355e-09	1
6283185.307179586	2345.795795795796	5	1.365849850884004	-4.3089724449549475e-10	2
6283185.307179586	1740.5405405405406	1	0.44915194897260236	-5.762477759040129e-10	2
6283185.307179586	2526.676676676677	8	-0.35916338715320495	-9.314845754277812e-10	1
6283185.307179586	564.8148148148148	1	0.25232490766817595	1.7135296767980333e-09	1
6283185.307179586	2290.1401401401404	2	1.472709411097906	-1.1739180869309167e-09	2
6283185.307179586	1483.1331331331332	10	0.31430069005928196	-1.263390406859079e-09	1
6283185.307179586	1893.5935935935936	10	-0.8771233889357459	-1.5020541186327879e-09	1
6283185.307179586	2484.934934934935	8	0.04305139235364308	-1.5524819683412773e-09	1
6283185.307179586	613.5135135135135	10	0.37063467497035485	-1.6343078950790062e-09	1
6283185.307179586	2547.5475475475478	1	0.6747858907539803	-1.0278645061786742e-09	1
6283185.307179586	2804.954954954955	2	0.6040200180253876	-6.230900620788621e-10	1
6283185.307179586	1587.4874874874874	7	0.5994421030952779	-3.774462433639415e-10	2
6283185.307179586	1190.940940940941	6	1.5589010022539909	1.149566111687681e-09	2
6283185.307179586	2130.13013013013	3	-0.325936438656943	-1.2920494086492988e-09	1
6283185.307179586	905.7057057057058	3	-1.1070631504586865	-1.3471686795870844e-09	2
6283185.307179586	1733.5835835835837	2	-1.4882846423879317	8.011220862196202e-10	1
6283185.307179586	1538.788788788789	1	-0.07633906125057854	9.839710301444382e-10	1
6283185.307179586	745.6956956956957	8	-0.07994850293575517	1.5014287186060947e-09	1
6283185.307179586	1455.3053053053054	8	-1.5313937295025633	-9.006191046791298e-10	2
6283185.307179586	759.6096096096096	4	-0.4139565990294556	8.383266978724258e-10	1
