axial trapping frequency (MHz) 	 velocity(m/s) 	 ion collided with 	 angle(rads) 	 collision offset(m) 	 reorder? (1 is reorder 2 is ejection) 
6283185.307179586	1844.8948948948948	5	-1.4511868668892192	1.5668637252349731e-09	1
6283185.307179586	1316.1661661661662	5	-0.6562087831250393	-1.6024294912032891e-09	1
6283185.307179586	2429.2792792792793	10	-1.0177693493085145	1.5508458665768912e-09	1
6283185.307179586	1142.2422422422424	5	-1.3325299386810536	1.3723244699111078e-09	2
6283185.307179586	2311.011011011011	1	-0.36233828735075835	4.286260953873427e-10	1
6283185.307179586	2505.805805805806	9	-0.9923776826969166	-1.7515173328136388e-09	1
6283185.307179586	1559.6596596596596	2	-0.6981340825245369	-3.164372154610646e-10	2
6283185.307179586	648.2982982982983	1	0.9353146325285144	-8.197039187274116e-10	1
6283185.307179586	2491.891891891892	5	-0.2781422768156845	-1.7468182219730025e-09	1
6283185.307179586	1378.7787787787788	7	0.8691919842558464	-5.643272102134312e-10	1
6283185.307179586	2297.097097097097	6	-0.8650937097744388	-2.2229003738736496e-10	1
6283185.307179586	2832.7827827827828	1	-0.13103270257023802	-1.121355198007577e-09	1
6283185.307179586	140.44044044044045	5	0.43998539757608635	9.679638803013356e-10	1
6283185.307179586	2109.259259259259	3	-0.05576227926402022	-1.9226985778794872e-09	1
6283185.307179586	3291.941941941942	10	1.3462644737060683	-3.4854128862796366e-10	2
6283185.307179586	2018.818818818819	5	-0.711021875771209	-1.8578216635588284e-09	1
6283185.307179586	2380.5805805805808	1	-0.7463275915719144	-1.2956479417196794e-09	1
6283185.307179586	1114.4144144144145	7	-0.06816616429262656	-2.217723681563335e-10	1
6283185.307179586	1044.8448448448448	9	1.337993743825781	-7.542290783752202e-10	2
6283185.307179586	1851.851851851852	4	-0.7292351024395234	1.674651912945693e-09	1
6283185.307179586	1872.7227227227227	2	0.6234881502423097	-1.4305911020199458e-09	1
6283185.307179586	3041.4914914914916	3	0.18091127020278286	1.1127296844903847e-09	1
6283185.307179586	1044.8448448448448	7	0.7604790070840179	-6.769284771166425e-10	1
6283185.307179586	1650.1001001001002	1	0.5678300053236556	-1.0539414248606685e-09	1
6283185.307179586	877.877877877878	2	-1.2624319894592988	1.869850489985874e-09	1
6283185.307179586	3111.061061061061	3	0.8028050078406359	1.1497981945282906e-09	1
6283185.307179586	1921.4214214214214	7	-1.2856343917410606	-1.4353367204526922e-09	1
6283185.307179586	2999.7497497497498	8	-0.20481640770241216	1.3871024894883814e-09	1
6283185.307179586	1754.4544544544544	10	-0.23384851921396477	-2.0224703242732284e-10	2
6283185.307179586	2213.613613613614	10	0.9430965167094612	1.660656316750002e-09	1
6283185.307179586	2178.828828828829	1	-0.911718084950605	-6.09570924911324e-11	1
6283185.307179586	2804.954954954955	2	1.509931816878054	1.0771092852747441e-09	2
6283185.307179586	1803.1531531531532	9	0.03319066916322044	3.9766190195857575e-10	1
6283185.307179586	2436.2362362362364	7	1.1678628563039832	-1.3761643739441011e-09	1
6283185.307179586	1427.4774774774776	4	0.056738124098681064	1.2773772385758118e-09	1
6283185.307179586	1350.950950950951	8	0.18679452646147165	-8.35507414974531e-10	1
6283185.307179586	2331.881881881882	3	-1.4874316021898306	-4.823420025843991e-10	1
6283185.307179586	2401.4514514514517	7	-0.15217927684492727	-1.6325447676693386e-09	1
6283185.307179586	3931.9819819819822	3	0.2561352090203943	-8.319744568027496e-12	1
6283185.307179586	2540.5905905905906	10	1.1930572262716632	1.930609714385967e-09	1
6283185.307179586	1643.143143143143	1	-0.13525850847796206	-9.17565409783617e-10	1
6283185.307179586	2958.008008008008	1	1.2287439830983882	7.676025464529727e-10	1
6283185.307179586	919.6196196196197	10	1.1074341812638204	1.656381230899245e-09	2
6283185.307179586	1629.2292292292293	10	-1.1930459136832383	-1.5614955204495656e-09	1
6283185.307179586	1726.6266266266266	6	1.037147617713572	-1.2899836798977696e-09	1
6283185.307179586	2387.5375375375374	3	0.10972821270721145	-1.0252705064164202e-09	1
6283185.307179586	2978.878878878879	2	0.2936915593927807	-1.1419211083004144e-09	1
6283185.307179586	2039.6896896896897	1	1.1728633605855925	-5.883305741877566e-10	2
6283185.307179586	1914.4644644644645	8	-0.3476727357345466	-1.252130828610401e-09	1
6283185.307179586	961.3613613613613	2	0.7979629333601803	1.8025431075863207e-09	1
6283185.307179586	2171.871871871872	10	1.3023041295910183	-1.1772561187763734e-09	2
6283185.307179586	3848.4984984984985	2	1.0830945760030648	-7.237754239557717e-10	1
6283185.307179586	474.3743743743744	3	-0.648153397735326	-3.6294818731336253e-10	1
6283185.307179586	2422.322322322322	9	0.9773852458042396	-1.5231003445111888e-09	1
6283185.307179586	1538.788788788789	8	-0.5538864662848493	-7.20729379204148e-10	1
6283185.307179586	2331.881881881882	8	1.1485675892704017	1.951594032537668e-09	1
6283185.307179586	1406.6066066066066	9	-0.34874471271879526	-1.9548867669358975e-10	1
6283185.307179586	1093.5435435435436	6	-0.4968956867498526	-7.313326104561889e-10	1
6283185.307179586	2053.603603603604	4	1.1768491253023128	1.5000006741597057e-09	1
6283185.307179586	2672.772772772773	5	0.7277977934013826	-3.977161017235726e-10	1
6283185.307179586	3215.4154154154153	1	-1.31795148772956	-1.5414803907000231e-09	1
6283185.307179586	683.0830830830831	2	-0.07115816247327156	-1.760630937857723e-09	1
6283185.307179586	1274.4244244244244	10	0.7908970822330699	-7.670243373136505e-10	1
6283185.307179586	1691.8418418418419	7	1.5547304500238894	1.65689806193416e-09	2
6283185.307179586	2046.6466466466468	1	-1.44130083347326	-1.3590974361136347e-09	1
6283185.307179586	4001.5515515515517	5	1.5430852716905625	-4.0556119919369677e-10	1
6283185.307179586	2359.70970970971	6	-0.3321169284885235	-1.5045874960265524e-09	1
6283185.307179586	2547.5475475475478	3	-0.07156742572916186	-4.340248404300704e-10	1
6283185.307179586	397.84784784784785	5	-1.4915449346383216	-1.1036973839426655e-09	2
6283185.307179586	1413.5635635635635	4	0.24196841452954554	1.685909052181101e-10	1
6283185.307179586	1761.4114114114116	5	1.3530839207398064	1.2213599301527644e-09	1
6283185.307179586	2791.041041041041	9	1.180148722010283	5.91185803839742e-10	1
6283185.307179586	1677.927927927928	7	0.11137808397433324	1.4865133729417508e-09	1
6283185.307179586	1789.2392392392394	9	0.6181879601414026	-8.199121692767348e-10	1
6283185.307179586	1093.5435435435436	10	-0.49228011142900563	-1.165508915238486e-09	1
6283185.307179586	1803.1531531531532	4	0.8326694195580107	3.399460458968527e-11	2
6283185.307179586	1337.0370370370372	10	-0.8505530928463182	1.5648837668846324e-09	1
6283185.307179586	1121.3713713713714	4	-0.41862181259630793	4.414880133129712e-10	1
6283185.307179586	1406.6066066066066	9	0.8135513686097888	-1.5995197366455365e-09	1
6283185.307179586	3104.1041041041044	10	0.5714984938363425	4.737454732364846e-10	1
6283185.307179586	1810.11011011011	1	0.9766615827501988	-3.8801140038495416e-10	2
6283185.307179586	2317.967967967968	3	-1.3742346827713452	1.9110222170175923e-09	1
6283185.307179586	2304.054054054054	9	0.7143887917281133	4.18543804822504e-10	1
6283185.307179586	2443.193193193193	5	-1.153415353271891	-1.4349906795989973e-09	1
6283185.307179586	1677.927927927928	9	-1.5552216902507918	1.8555176011079314e-09	1
6283185.307179586	1963.1631631631633	9	0.3253032047313187	4.797336862263872e-10	2
6283185.307179586	2144.0440440440443	7	0.25002362279321155	-1.2511005575576404e-10	1
6283185.307179586	1427.4774774774776	5	0.5978435156355633	1.5312570070472246e-10	2
6283185.307179586	293.4934934934935	10	0.1982790581007161	9.020876114415984e-10	1
6283185.307179586	1072.6726726726727	4	0.8306998883070911	-1.8735859497117167e-09	1
6283185.307179586	2575.3753753753754	5	-0.3088162134301209	-1.681365106555314e-09	1
6283185.307179586	2443.193193193193	1	-0.991321281638505	6.650514607609654e-10	1
6283185.307179586	2331.881881881882	7	-1.4447953246587983	-9.78373480183024e-10	2
6283185.307179586	1274.4244244244244	7	-1.0143365839324898	-1.5852039974077925e-09	1
6283185.307179586	3097.1471471471473	8	-1.3724494993854992	-7.515876054077881e-10	1
6283185.307179586	2958.008008008008	9	1.0154023548953215	2.5197062970066115e-10	2
6283185.307179586	1531.8318318318318	8	0.5735167334534919	-7.867016088855138e-10	1
6283185.307179586	397.84784784784785	8	0.5292725678516637	-7.769938749672147e-10	1
6283185.307179586	2025.7757757757759	5	1.252816626865073	1.2255821257874644e-09	2
6283185.307179586	1796.1961961961963	7	1.2727992710312908	-2.720187148160305e-10	2
6283185.307179586	1413.5635635635635	1	1.1905084342498107	-3.729168578495656e-10	2
6283185.307179586	1573.5735735735736	10	-0.5684799024889877	2.0886824785202224e-10	2
6283185.307179586	1455.3053053053054	4	0.5579403023879927	1.8433206558764528e-09	1
6283185.307179586	634.3843843843844	1	0.37108036586371385	-4.0984795185241076e-10	1
6283185.307179586	2234.4844844844847	1	1.4777817995328135	1.4718297550356396e-09	2
6283185.307179586	1142.2422422422424	8	0.5384231746825039	1.029521526132139e-11	2
6283185.307179586	1865.7657657657658	7	-0.07050054641187087	-5.953008834853005e-10	1
6283185.307179586	1691.8418418418419	9	0.9623179261115529	-7.341606506032728e-10	1
6283185.307179586	2304.054054054054	7	1.2527250257924516	-1.806742246770243e-10	1
6283185.307179586	1580.5305305305305	3	-1.5224253523296774	2.9172255139684407e-10	1
6283185.307179586	1879.6796796796798	4	-0.2783374920920254	1.7985734740938954e-09	1
6283185.307179586	1817.0670670670672	8	1.544760590782313	-6.498612136243662e-10	1
6283185.307179586	1093.5435435435436	5	-0.8725000155094146	-6.030266338396295e-10	1
6283185.307179586	1371.821821821822	7	-1.4304499437983162	6.091314264501837e-10	2
6283185.307179586	1135.2852852852852	1	-0.5969424347138378	-8.432650643410913e-10	2
6283185.307179586	954.4044044044044	5	-0.19240436290044616	-5.771075981250156e-10	1
6283185.307179586	2631.031031031031	3	0.34404673899405025	-5.126755862336481e-10	1
6283185.307179586	2095.3453453453453	4	1.5375539726479732	6.7558112729562e-10	2
6283185.307179586	1622.2722722722724	4	-0.6271118214868809	-1.8258952389579695e-09	1
6283185.307179586	1865.7657657657658	5	-0.7101407999929272	1.2133278191145517e-10	1
6283185.307179586	2297.097097097097	2	1.3734103894689698	-8.849261711247839e-10	1
6283185.307179586	1747.4974974974975	6	-0.6015140314553674	6.464673145921721e-11	1
6283185.307179586	1768.3683683683685	5	1.2200321243285437	5.990248828778694e-10	1
6283185.307179586	1128.3283283283283	7	-0.046539538798152646	-1.0496802587386347e-10	1
6283185.307179586	2443.193193193193	10	0.4486559649597659	5.977257039618548e-10	1
6283185.307179586	1817.0670670670672	3	-0.1854327176564452	-5.176136655802957e-10	1
6283185.307179586	1079.6296296296296	9	0.6141712397795547	-1.5710781216715743e-10	1
6283185.307179586	2255.3553553553556	2	-0.8371150122306228	7.307959730908001e-10	1
6283185.307179586	2498.848848848849	5	-0.7197218613570109	1.4125117332127415e-09	1
6283185.307179586	2283.1831831831832	2	1.4171962953911397	-9.1312630964583e-10	2
6283185.307179586	926.5765765765766	8	-0.5193270170920767	-1.6511298446079403e-09	1
6283185.307179586	2387.5375375375374	2	0.9506395969775441	1.2828943604232723e-10	2
6283185.307179586	1677.927927927928	7	-1.068126656795286	1.6660257643201642e-09	1
6283185.307179586	1545.7457457457458	2	1.416100338229679	6.035938055466496e-10	2
6283185.307179586	3660.6606606606606	1	0.6820334259633887	1.5355987244275823e-09	1
6283185.307179586	3173.673673673674	8	0.1099542558730584	8.524980376536849e-10	1
6283185.307179586	1260.5105105105106	8	-0.48578926911524123	5.438503785766223e-10	2
6283185.307179586	1211.8118118118118	4	-0.6300690801885028	1.2154552995754984e-09	1
6283185.307179586	620.4704704704704	5	-0.34528321417607644	-1.531920346266392e-09	1
6283185.307179586	822.2222222222223	4	0.5325267683223514	4.60661641814102e-10	1
6283185.307179586	286.5365365365366	4	1.4134273961325552	-5.808195239761292e-10	2
6283185.307179586	1782.2822822822823	6	-0.3243097983292269	1.0787235261567088e-09	1
6283185.307179586	1670.970970970971	7	-1.40346978508885	-1.8383473949825887e-09	2
6283185.307179586	1622.2722722722724	1	0.061716864253197334	3.740184899366661e-11	2
6283185.307179586	2491.891891891892	2	0.587956130475924	-9.474620556964117e-10	1
6283185.307179586	2220.5705705705705	9	0.6045222398558083	1.3089629369248041e-09	1
6283185.307179586	3438.038038038038	4	0.7186226187950644	-2.959373228375597e-10	1
6283185.307179586	1789.2392392392394	4	-0.5790181653565722	-1.496171410550093e-09	1
6283185.307179586	2415.3653653653655	2	-0.9000565518927264	7.984559484512719e-11	2
6283185.307179586	1782.2822822822823	7	1.56446589149042	-1.0944257202570996e-10	2
6283185.307179586	3076.2762762762763	4	0.0793012039952512	-3.057232124791911e-10	2
6283185.307179586	2130.13013013013	8	0.4105484053677204	-1.2075663234748765e-09	1
6283185.307179586	1343.993993993994	6	-1.188244397067346	-8.850675829069915e-10	2
6283185.307179586	891.7917917917919	6	-1.1836890124265635	-1.5973985834910378e-09	1
6283185.307179586	1761.4114114114116	6	-0.1694863196964036	-4.097199553845412e-10	1
6283185.307179586	1559.6596596596596	9	-1.1607524347311835	1.5726638118088906e-10	1
6283185.307179586	1357.9079079079079	3	-0.1925013446461823	-1.0094311686555692e-09	1
6283185.307179586	669.1691691691692	2	-1.2283286214720457	-1.1070879737369133e-09	1
6283185.307179586	808.3083083083084	7	-1.0999515204823103	1.9101090724028277e-09	1
6283185.307179586	1740.5405405405406	8	0.24096528267196726	4.7182991594357e-10	2
6283185.307179586	1267.4674674674675	10	0.6943402086653916	-5.298666844938231e-10	1
6283185.307179586	3131.931931931932	5	-0.585697234624146	7.507511865358258e-10	1
6283185.307179586	1476.176176176176	1	-1.2915899111433038	7.677530084409233e-10	2
6283185.307179586	857.007007007007	1	-0.5197880012924583	-1.899597804436411e-09	1
6283185.307179586	2436.2362362362364	5	-0.6181132208149209	8.961796177796595e-12	1
6283185.307179586	1990.9909909909911	8	-1.1668415144345403	-1.6057213568146077e-09	1
6283185.307179586	516.1161161161161	10	0.7151206282137257	2.228536121745847e-10	1
6283185.307179586	4349.3993993994	2	0.6740093617132148	1.4940978980388737e-10	1
6283185.307179586	2811.911911911912	8	0.005498823381358431	1.5274920007901154e-09	1
6283185.307179586	2394.4944944944946	2	1.4892650387452662	1.0074551657597753e-09	1
6283185.307179586	1295.2952952952953	3	0.36894419144767143	-1.702728814551936e-10	2
6283185.307179586	2895.3953953953956	8	-1.3416929101005195	-9.745314739685283e-10	2
6283185.307179586	2359.70970970971	7	0.5720385701449611	-8.37049223410817e-10	1
6283185.307179586	801.3513513513514	10	0.6226939284322439	-1.468651466474745e-09	1
6283185.307179586	1427.4774774774776	2	0.6030010403253883	1.6048835152849004e-09	1
6283185.307179586	2610.16016016016	7	-0.09361572312077038	-1.6948908541368934e-09	1
6283185.307179586	425.6756756756757	7	0.8155170848091688	-1.0153301785789885e-09	1
6283185.307179586	1197.897897897898	4	1.1273068148593426	6.945747610330858e-10	1
6283185.307179586	1441.3913913913914	4	-1.420516720595583	-1.9307230346036296e-09	2
6283185.307179586	2846.6966966966966	8	-0.44253078003264545	-1.0708738026358003e-09	1
6283185.307179586	2317.967967967968	4	-1.1965528915253159	-6.294742241212182e-10	2
6283185.307179586	1733.5835835835837	9	0.35345574352074793	-1.6040878572010212e-09	1
6283185.307179586	2596.2462462462463	8	1.0147458932569617	-3.155911228646104e-10	1
6283185.307179586	1462.2622622622623	2	0.2128569461390497	-2.8416937093248106e-10	2
6283185.307179586	1872.7227227227227	10	0.17014859636241786	-9.316318926129963e-10	1
6283185.307179586	1545.7457457457458	4	-0.5799625264866433	-2.324567406056151e-10	1
6283185.307179586	1357.9079079079079	7	-0.34945863102437347	9.594649201825913e-10	1
6283185.307179586	1664.014014014014	6	-1.4782121204225322	2.004741689357759e-10	2
6283185.307179586	1413.5635635635635	6	-0.8675879522621267	3.5207814677294356e-10	2
6283185.307179586	1079.6296296296296	5	-1.02691070222366	1.0399918050333742e-09	1
6283185.307179586	2964.964964964965	5	-0.31057644256066763	-4.4064865893265737e-10	1
6283185.307179586	1984.034034034034	10	0.3978323431573758	2.974258505670776e-10	1
6283185.307179586	1796.1961961961963	6	0.023247540363031227	1.3976092839007983e-09	1
6283185.307179586	1733.5835835835837	6	-0.37808967366133395	-2.0284989070465046e-10	2
6283185.307179586	1956.2062062062062	4	1.3146567994729694	1.5428610082488309e-09	1
6283185.307179586	2631.031031031031	10	-0.46498369045307864	1.2692468454580275e-09	1
6283185.307179586	2777.127127127127	6	-1.1237861189838385	-1.971609780256119e-10	2
6283185.307179586	1281.3813813813815	4	1.290972223901492	9.016342300746613e-10	1
6283185.307179586	2380.5805805805808	9	0.5718840429435361	5.505398537238637e-10	1
6283185.307179586	2004.904904904905	7	1.3965251748812029	1.7612197024683799e-09	1
6283185.307179586	1740.5405405405406	3	-0.24528697743277794	1.9391444510052405e-09	1
6283185.307179586	1963.1631631631633	4	-1.127463285608694	1.3506271330358217e-09	1
6283185.307179586	773.5235235235235	1	0.28851346694670266	7.875819921603106e-10	1
6283185.307179586	3173.673673673674	5	-0.8306398389370705	-1.1460257650905238e-09	1
6283185.307179586	975.2752752752752	4	-0.022549089034157976	2.82554846253507e-10	1
6283185.307179586	1970.1201201201202	1	0.22820327784164074	8.001661366473219e-10	1
6283185.307179586	690.04004004004	5	-1.1834821469774013	-3.3138311102268015e-10	1
6283185.307179586	2109.259259259259	10	-1.0010605834194957	3.669442033793145e-11	2
6283185.307179586	1782.2822822822823	2	0.39904256015657746	-1.6344689103780389e-09	1
6283185.307179586	2603.2032032032034	6	-0.8470803263020185	-1.0890204098971448e-09	1
6283185.307179586	2262.3123123123123	2	1.0673703613228187	5.335816380396349e-10	2
6283185.307179586	1476.176176176176	9	0.3278006511645337	6.896438547149474e-11	2
6283185.307179586	1963.1631631631633	7	-1.4795828743457513	3.358583566927171e-10	2
6283185.307179586	1650.1001001001002	10	-0.804409057014003	-1.8153220624594728e-09	1
6283185.307179586	1177.027027027027	7	-1.2963984952950063	-1.7994292677908993e-09	1
6283185.307179586	1677.927927927928	5	-1.1200174471215902	1.0067357606416026e-09	1
6283185.307179586	2352.7527527527527	10	-0.7730872784480065	3.349982292398127e-10	1
6283185.307179586	2631.031031031031	3	-0.5129427766420089	5.096865972722461e-10	1
6283185.307179586	2241.4414414414414	3	1.0172367580602901	1.2909314998859846e-09	1
6283185.307179586	1225.7257257257259	8	1.3151694407083196	1.1051546968139653e-10	2
6283185.307179586	1977.077077077077	2	1.4244750920356752	2.339228429076935e-10	2
6283185.307179586	2088.388388388388	10	-1.1768687130224431	-1.7347844040599286e-09	1
6283185.307179586	1650.1001001001002	3	-0.26359777442902965	-1.1799786240289812e-09	1
6283185.307179586	1427.4774774774776	5	0.3470138289585194	3.853848229046399e-10	2
6283185.307179586	2130.13013013013	10	0.09047958181942461	7.698993766139578e-10	1
6283185.307179586	1789.2392392392394	8	-0.6206171897017717	2.679671578972494e-11	2
6283185.307179586	1997.947947947948	9	-0.0697429568677288	-1.8999265904504768e-09	1
6283185.307179586	335.2352352352352	7	-0.9347415902718801	1.7044875676790874e-09	1
6283185.307179586	2039.6896896896897	7	1.2301975732090193	1.805106520941739e-09	1
6283185.307179586	2631.031031031031	2	-0.8996897880027414	-5.221044164763526e-10	2
6283185.307179586	1712.7127127127128	3	0.5861572728433764	-1.9551761653809366e-09	1
6283185.307179586	3834.5845845845847	8	-1.2697580505426904	-1.6270177397000547e-09	1
6283185.307179586	1239.6396396396397	6	-0.02502931062544711	7.766361503334608e-10	1
6283185.307179586	1364.864864864865	6	0.36220898777697874	-7.758058967279404e-10	1
6283185.307179586	1942.2922922922924	6	1.2089934571870211	4.0743356403242054e-10	1
6283185.307179586	3618.918918918919	10	-1.222741962919506	-5.371699595576955e-10	2
6283185.307179586	564.8148148148148	6	1.4117255641659132	1.3345700840565473e-09	1
6283185.307179586	1705.755755755756	2	-1.326548959922302	4.244974197946942e-10	2
6283185.307179586	1323.1231231231232	10	1.1888518024558166	1.3138596666594289e-09	2
6283185.307179586	2686.6866866866867	7	0.03438486320028611	-6.794746917239572e-10	1
6283185.307179586	1810.11011011011	3	-0.1885977308133957	6.031244171029233e-10	1
6283185.307179586	2053.603603603604	10	0.09415406614102917	-1.8128276869120416e-09	1
6283185.307179586	1399.6496496496497	10	-1.4509343654680014	-1.9356143701016972e-09	2
6283185.307179586	891.7917917917919	8	-1.2577740734397862	6.48079214707016e-10	1
6283185.307179586	2248.3983983983985	7	-0.7762985449070786	-2.211647405291339e-11	2
6283185.307179586	2380.5805805805808	8	-0.022511629995537463	8.340341166731305e-10	1
6283185.307179586	954.4044044044044	4	-0.8720898606122117	-1.0068528652069206e-09	1
6283185.307179586	1128.3283283283283	10	1.4129695176820487	-1.601224636437944e-09	1
6283185.307179586	2533.6336336336335	7	-0.30986558681417264	1.4066982843038587e-10	2
6283185.307179586	2171.871871871872	1	0.8965530954190619	-1.6602956501792635e-09	1
6283185.307179586	2874.5245245245246	10	-0.6738695331279324	-1.4635680793636566e-09	1
6283185.307179586	1844.8948948948948	2	0.011438854573103896	1.9412139224966795e-09	1
6283185.307179586	1072.6726726726727	4	1.3687687265263642	-4.003067730094089e-10	1
6283185.307179586	766.5665665665666	3	0.7070854289261934	1.090144240426606e-09	1
6283185.307179586	2589.289289289289	6	-1.533266891999436	3.9756084142381486e-10	2
6283185.307179586	975.2752752752752	8	1.0710873923534256	-2.438892246801171e-10	1
6283185.307179586	1907.5075075075076	1	0.7904928580151056	1.0015191371357796e-09	1
6283185.307179586	1997.947947947948	1	-1.1691069582284481	1.7493892040308967e-09	1
6283185.307179586	1566.6166166166167	8	0.6667091989177534	-1.750325008040977e-09	1
6283185.307179586	2450.1501501501502	9	-1.0966779077966355	-1.157106485164622e-09	1
6283185.307179586	773.5235235235235	7	0.19189817307681656	-1.8546184903663867e-09	1
6283185.307179586	2102.3023023023025	10	-0.17021611445115292	1.4278506302503118e-09	1
6283185.307179586	1837.937937937938	2	-1.4213772751468605	2.3794546741830052e-11	1
6283185.307179586	787.4374374374374	6	1.0187961088528805	8.745606450411161e-10	1
6283185.307179586	912.6626626626627	6	0.5517547607739992	-1.4016451908815122e-09	1
6283185.307179586	2032.7327327327328	7	0.1809023193109056	1.424849330226677e-09	1
6283185.307179586	891.7917917917919	2	-0.7514807277260915	1.9408290597200045e-09	1
6283185.307179586	1545.7457457457458	9	-0.9733242411300291	2.3060803542137483e-10	1
6283185.307179586	1065.7157157157158	1	0.4302387491939599	7.028685299678433e-10	1
6283185.307179586	1483.1331331331332	9	-1.4603931196725823	1.0747252756318248e-09	1
6283185.307179586	2248.3983983983985	2	-0.5843755160179511	1.844818671771794e-09	1
6283185.307179586	1406.6066066066066	3	0.6007382107990815	9.592442443969157e-10	1
6283185.307179586	822.2222222222223	3	-1.0847665549018115	1.3988803841962728e-09	1
6283185.307179586	1872.7227227227227	6	0.46794120778759085	1.587609061497122e-09	1
6283185.307179586	613.5135135135135	7	-0.01910073547794955	-1.5723964787405872e-09	1
6283185.307179586	2053.603603603604	6	-1.0722430405176326	-1.216187057455794e-10	2
6283185.307179586	1601.4014014014015	2	-0.6754173292584543	-2.652377708263493e-10	2
6283185.307179586	3250.2002002002005	3	-0.15986218525972462	1.4124469085146124e-09	1
6283185.307179586	1337.0370370370372	2	0.7944503965294678	1.6823751998591996e-09	1
6283185.307179586	857.007007007007	5	-0.12245383285358336	-1.7590436632787917e-09	1
6283185.307179586	3771.971971971972	10	1.4630239890193333	1.7406974560784842e-09	2
6283185.307179586	2123.1731731731734	9	-1.2791307243123717	1.6418995041651693e-09	1
6283185.307179586	1942.2922922922924	5	0.24589454287092494	1.3482258738621357e-09	1
6283185.307179586	822.2222222222223	10	0.2642734026978053	-1.3237635537112867e-09	1
6283185.307179586	1378.7787787787788	10	-0.5792762675074579	-1.6227042729714803e-09	1
6283185.307179586	2213.613613613614	6	-0.04592542799356103	-2.994517501649274e-10	1
6283185.307179586	2672.772772772773	9	-1.1656574391685357	1.0407870032106345e-10	2
6283185.307179586	1051.801801801802	1	0.254517156278	8.995695694260901e-10	1
6283185.307179586	801.3513513513514	4	0.38009824845885976	-1.7078351978091595e-09	1
6283185.307179586	2352.7527527527527	10	1.4683578467277405	1.417188327888903e-09	2
6283185.307179586	2909.3093093093094	9	-1.1646910107151662	5.7112429374404845e-11	1
6283185.307179586	2004.904904904905	1	-0.41669261542259584	9.780413376899197e-10	1
6283185.307179586	2081.4314314314315	3	-0.7807902486030893	-1.5266291319999459e-09	1
6283185.307179586	1817.0670670670672	4	0.8183663787467435	7.656167090250826e-10	1
6283185.307179586	1837.937937937938	10	0.33230915702159347	1.3382481263448263e-09	1
6283185.307179586	1796.1961961961963	5	-1.022572207449083	1.2438622260916672e-09	1
6283185.307179586	1698.7987987987988	4	-1.085778765843516	-9.703487266082137e-10	1
6283185.307179586	2297.097097097097	2	0.01648147576446446	1.3120017595921193e-09	1
6283185.307179586	2130.13013013013	4	-0.34835428631230725	7.377411009774863e-10	1
6283185.307179586	703.9539539539539	8	-0.9702061414536818	1.865947473434548e-09	1
6283185.307179586	1949.2492492492493	8	-1.536342885151569	5.4739386287829854e-11	1
6283185.307179586	717.8678678678679	7	-0.9966979135693662	-4.5362400433329107e-10	1
6283185.307179586	1949.2492492492493	9	-0.993671914110076	9.137592184486871e-10	1
6283185.307179586	1079.6296296296296	10	1.0518260374510162	-7.718750549850247e-10	1
6283185.307179586	2505.805805805806	7	0.9276960213979804	1.6563466303655432e-09	1
6283185.307179586	1086.5865865865867	5	-1.5627052261327774	-8.280269798272868e-10	1
6283185.307179586	2443.193193193193	7	-0.534871186946589	1.892795815543237e-09	1
6283185.307179586	2130.13013013013	8	-0.3873639978790826	-1.918207068267701e-09	1
6283185.307179586	1406.6066066066066	7	-0.9158310510107438	7.39964515207566e-10	2
6283185.307179586	1524.8748748748749	10	0.9457719679396073	1.1478264960092976e-09	1
6283185.307179586	1977.077077077077	3	1.1066113399031914	1.7437888857812242e-09	1
6283185.307179586	3208.4584584584586	10	-1.2882091049301625	9.61976242697102e-10	2
6283185.307179586	1921.4214214214214	5	0.10133923158269265	-1.950808337895836e-09	1
6283185.307179586	780.4804804804805	9	-0.41941721408389454	-1.6231736112650698e-09	1
6283185.307179586	2693.643643643644	9	-0.6432400857845308	-1.8391138676844886e-09	1
6283185.307179586	808.3083083083084	8	1.18680656612043	-6.320037852358241e-10	1
6283185.307179586	2067.5175175175173	9	0.9973851003415191	-1.9799397934032748e-09	1
6283185.307179586	1420.5205205205204	6	-0.5178150123890108	7.625199379139875e-10	1
6283185.307179586	1371.821821821822	2	1.151652175716289	7.394755652471037e-10	2
6283185.307179586	2978.878878878879	6	1.4565036121508377	-3.0189087995200085e-10	1
6283185.307179586	2679.72972972973	8	-0.6147930525792619	-5.655042505399873e-10	1
6283185.307179586	1490.0900900900901	3	-1.5572193823772387	1.8023383990609218e-09	2
6283185.307179586	3069.319319319319	9	-1.2079641943261885	8.070140005008286e-10	1
6283185.307179586	383.93393393393393	3	-0.7442978679944222	-1.998149340027791e-09	1
6283185.307179586	2178.828828828829	5	0.8931796318403569	1.1830674524424714e-09	1
6283185.307179586	1851.851851851852	2	-1.5129998056231087	-1.702014246298163e-09	2
6283185.307179586	891.7917917917919	8	1.390106496453933	-1.7688725162069844e-09	2
6283185.307179586	1170.0700700700702	5	-0.1257357575753031	3.8779648004221504e-10	1
6283185.307179586	912.6626626626627	3	1.0834931236813823	-1.496402217982498e-09	2
6283185.307179586	1629.2292292292293	9	0.19850235524990856	-1.1796142521409576e-10	2
6283185.307179586	1963.1631631631633	4	1.2802444537630513	-8.60223519841648e-10	2
6283185.307179586	1281.3813813813815	6	-0.0030457093494828946	1.3887776670988236e-09	1
6283185.307179586	1587.4874874874874	4	0.1657414303389928	-1.5211761872165295e-09	1
6283185.307179586	1065.7157157157158	10	0.812284766881449	-1.3404742813064516e-09	1
6283185.307179586	627.4274274274275	5	-1.3393955121434464	-4.6424740000840366e-10	1
6283185.307179586	1775.3253253253254	2	-0.03388324594739123	-1.9330178911146763e-09	1
6283185.307179586	1698.7987987987988	9	1.3504853272404445	-8.314293927356872e-10	2
6283185.307179586	488.2882882882883	10	-1.3304689552625437	8.373738903238964e-10	2
6283185.307179586	1830.980980980981	7	-1.5223968215021704	-1.0628905178044543e-09	1
6283185.307179586	3027.577577577578	9	0.2892027991214561	8.867645508443688e-10	1
6283185.307179586	1782.2822822822823	4	-0.5936374371290837	-8.726098028604974e-10	1
6283185.307179586	1559.6596596596596	9	0.709989014982618	2.0857917685022256e-12	1
6283185.307179586	2255.3553553553556	8	1.3138609274122892	-6.279644597912438e-10	2
6283185.307179586	2227.5275275275276	9	-0.9082209477188982	2.3082989366693327e-10	1
6283185.307179586	1079.6296296296296	5	0.03351359830216927	2.823443004992802e-10	2
6283185.307179586	1970.1201201201202	9	0.07975710215000165	-6.420594824803417e-10	1
6283185.307179586	3591.091091091091	8	-0.32985231384825364	-5.217174222635026e-10	1
6283185.307179586	1761.4114114114116	6	-0.32840180190566537	1.9629467073034753e-09	1
6283185.307179586	1177.027027027027	5	-1.0137016965849537	-1.4956895623665335e-09	1
6283185.307179586	1893.5935935935936	1	-1.5377285905292009	-1.083194284588176e-09	2
6283185.307179586	1733.5835835835837	7	-1.5111866717229128	-8.145869673954348e-10	1
6283185.307179586	3159.75975975976	6	0.03205114448494362	-1.3107223252138716e-09	1
6283185.307179586	919.6196196196197	1	0.5878713560912052	-4.103967238032648e-10	2
6283185.307179586	1970.1201201201202	6	0.7719755006632782	-7.264718809363614e-10	1
6283185.307179586	1135.2852852852852	9	-0.6193924303249702	-1.1384601790507017e-09	1
6283185.307179586	3090.19019019019	3	-1.1536136707009161	-1.734395500650556e-09	1
6283185.307179586	1030.930930930931	8	-0.8741143363684839	1.915505042063385e-09	1
6283185.307179586	1726.6266266266266	7	0.07064845483131355	-1.7944353932641506e-09	1
6283185.307179586	1817.0670670670672	5	-1.5138920156584947	2.9873040501416e-10	2
6283185.307179586	1107.4574574574574	7	0.31438373033720945	-2.925489086994118e-10	1
6283185.307179586	2770.1701701701704	6	1.0321600259780288	1.824992802377573e-09	1
6283185.307179586	912.6626626626627	9	0.8876351437681107	-4.543964766542139e-10	1
6283185.307179586	2081.4314314314315	10	0.25401252113118655	-5.860185457486744e-10	1
6283185.307179586	1364.864864864865	5	-0.9932083253838611	8.343349976934138e-10	1
6283185.307179586	1740.5405405405406	5	-0.9186017691185907	1.1373664013858487e-09	1
6283185.307179586	1476.176176176176	3	1.3125533795854238	-6.900597549857347e-10	1
6283185.307179586	2311.011011011011	4	-1.1862266271410558	-4.254130818493111e-10	1
6283185.307179586	2032.7327327327328	1	1.0733063056226433	1.5180346584316946e-11	2
6283185.307179586	766.5665665665666	8	0.03811963156245457	-2.0541843172696073e-10	1
6283185.307179586	2032.7327327327328	2	-0.3237275485814881	1.09627803452267e-09	1
6283185.307179586	2902.352352352352	5	0.3113566605372333	3.7007838408871225e-10	1
6283185.307179586	2213.613613613614	1	0.9427470959434867	-1.6542807963215492e-09	1
6283185.307179586	3493.6936936936936	6	0.06003289717401672	9.930944376186097e-10	1
6283185.307179586	2241.4414414414414	9	-0.4707741101860685	1.5787999887260005e-09	1
6283185.307179586	2498.848848848849	1	-1.517927770574586	1.8932048049171006e-10	2
6283185.307179586	1086.5865865865867	5	-1.3760591484406381	-7.938717786980863e-10	2
6283185.307179586	1232.6826826826828	6	0.8039946887830092	-9.675282543474234e-10	1
6283185.307179586	648.2982982982983	3	0.7751963478321331	-1.094069603348258e-10	1
6283185.307179586	2526.676676676677	6	-1.1476985975071425	4.1131044306679176e-10	2
6283185.307179586	1232.6826826826828	9	0.4666951118486402	-4.072256900353964e-10	1
6283185.307179586	738.7387387387388	1	0.8113335777888233	-1.1227583716424183e-09	2
6283185.307179586	1121.3713713713714	2	0.14653710598444114	-6.067541228953354e-10	2
6283185.307179586	2053.603603603604	8	1.1589168051651968	1.8460601687556605e-09	1
6283185.307179586	1956.2062062062062	1	0.3833127716553111	6.140325687044803e-11	2
6283185.307179586	2443.193193193193	9	-0.9244607162419498	9.69790099567836e-10	1
6283185.307179586	2331.881881881882	9	0.5123782584830399	1.787105584843409e-09	1
6283185.307179586	2345.795795795796	2	-0.6208444816893774	1.1771170124171254e-09	1
6283185.307179586	1420.5205205205204	3	-0.43454868256527	-8.016678604840344e-10	1
6283185.307179586	2039.6896896896897	4	-0.47335775541605596	1.1182945839343626e-09	1
6283185.307179586	1893.5935935935936	7	-0.8732982167799112	-1.3496442627650417e-10	1
6283185.307179586	2373.6236236236236	7	1.0876324645510822	-7.789134295006628e-10	1
6283185.307179586	933.5335335335336	2	-0.684279582433505	-5.526632735624137e-11	1
6283185.307179586	1267.4674674674675	6	1.4474452055598586	-5.660850725447033e-10	2
6283185.307179586	2992.792792792793	3	-0.870591823701843	8.475727904683927e-11	2
6283185.307179586	3041.4914914914916	6	-1.2106460047392054	1.179405940652582e-09	1
6283185.307179586	474.3743743743744	2	0.9829174707347668	2.574676215469428e-10	1
6283185.307179586	1190.940940940941	5	-0.6653937034121277	-1.1577812493147449e-09	1
6283185.307179586	2533.6336336336335	8	1.4382931926540783	-6.409495438618227e-10	1
6283185.307179586	1378.7787787787788	1	-0.9313506651856636	-1.2066513204654163e-09	1
6283185.307179586	857.007007007007	2	-0.6344228145508521	1.1391885550368095e-09	1
6283185.307179586	1156.1561561561562	9	-0.5979984633059326	1.8217781321695488e-10	2
6283185.307179586	2902.352352352352	6	-0.9400281852315316	1.6290850132688297e-09	1
6283185.307179586	2248.3983983983985	9	-0.3733197860489912	2.2564741560841502e-10	2
6283185.307179586	1622.2722722722724	1	-0.9020940690131856	1.3399675809225784e-09	1
6283185.307179586	2394.4944944944946	9	1.4413372863159921	1.5523766109833775e-10	2
6283185.307179586	1963.1631631631633	9	0.11481864327009217	1.6810815418887155e-10	2
6283185.307179586	696.996996996997	1	0.4562052689128735	-2.889830744132569e-10	1
6283185.307179586	3048.4484484484487	3	1.2972329887396237	-3.71544556300687e-10	1
6283185.307179586	390.8908908908909	1	0.6907164312272513	-4.495733242641988e-11	1
6283185.307179586	1364.864864864865	9	0.7709402818676816	-1.1612120415012012e-09	1
6283185.307179586	1830.980980980981	10	1.0108450310270602	9.28951523218558e-10	1
6283185.307179586	2004.904904904905	3	0.4730351394667527	3.0716627170934063e-10	2
6283185.307179586	1782.2822822822823	2	1.3983101561641282	1.7791259001602056e-09	1
6283185.307179586	1545.7457457457458	3	0.8201089753750814	-6.954120361063665e-10	1
6283185.307179586	1323.1231231231232	3	1.2831541390423404	-1.1577044518214323e-10	1
6283185.307179586	1170.0700700700702	5	0.6478204532929057	1.2293634441267172e-09	1
6283185.307179586	2832.7827827827828	6	-1.5298757911798784	1.8315066803533725e-09	2
6283185.307179586	1274.4244244244244	4	0.5151943920455251	-1.6745688119105076e-09	1
6283185.307179586	2018.818818818819	3	0.37642150612868086	1.7612899715014808e-09	1
6283185.307179586	3688.4884884884887	1	-0.3426727420757609	-1.9489892448385477e-09	1
6283185.307179586	1225.7257257257259	2	1.0412334058246286	-1.8049044731526245e-09	1
6283185.307179586	1239.6396396396397	8	0.4718607272299349	-1.0395386014773618e-10	1
6283185.307179586	2777.127127127127	4	0.9153760876160764	-1.363122829785599e-09	1
6283185.307179586	2665.8158158158158	5	1.061467244246241	1.8550686070287057e-09	1
6283185.307179586	3312.812812812813	2	-1.3524856380354928	-1.8772887142138504e-09	1
6283185.307179586	2791.041041041041	6	-0.7740301929828124	-1.2469254510215318e-09	1
6283185.307179586	2248.3983983983985	6	-1.1725887091068645	-1.76900396191899e-09	1
6283185.307179586	1622.2722722722724	8	0.20348705183178417	-8.465267223415434e-10	1
6283185.307179586	2791.041041041041	5	-1.151403781169496	-1.557908101434538e-09	1
6283185.307179586	2290.1401401401404	6	1.0870459377932926	9.025913348359222e-10	1
6283185.307179586	1977.077077077077	8	-1.4626833010910303	-3.7777867310180734e-10	2
6283185.307179586	2290.1401401401404	4	0.014713955629248598	-4.904394328187275e-10	1
6283185.307179586	870.9209209209209	7	0.14752815537781894	-3.674007941323857e-10	2
6283185.307179586	2102.3023023023025	3	0.2234500175966243	-1.7208859304554156e-09	1
6283185.307179586	2791.041041041041	4	0.7318759013909153	-1.4561096930018942e-09	1
6283185.307179586	523.0730730730731	6	0.4166712097404133	-1.490153063569412e-09	1
6283185.307179586	787.4374374374374	9	-0.41291857730542714	1.3522303977565903e-09	1
6283185.307179586	2797.997997997998	2	1.3142839046405825	-1.6720818473079635e-09	1
6283185.307179586	961.3613613613613	7	1.4055413201721234	1.7674076079209896e-09	1
6283185.307179586	1211.8118118118118	6	-0.6207973749457392	-4.0874813890141134e-10	1
6283185.307179586	1664.014014014014	10	0.8348669122398338	-1.0615643625374681e-10	2
6283185.307179586	2206.6566566566567	7	0.28237688124931126	1.3049509984358582e-09	1
6283185.307179586	1615.3153153153153	10	-0.20816896935079798	-1.5272101362834944e-09	1
6283185.307179586	2053.603603603604	2	1.3123523128822336	1.225794632754972e-09	1
6283185.307179586	1747.4974974974975	3	-0.12241420757602528	3.036656408933965e-10	2
6283185.307179586	2672.772772772773	9	-0.8154736337930718	-1.6914560284395918e-09	1
6283185.307179586	1650.1001001001002	6	0.7626245932350466	1.0391921449535277e-09	1
6283185.307179586	1893.5935935935936	10	-1.080200264543632	-1.189208011703098e-09	1
6283185.307179586	1803.1531531531532	7	1.1743690384196923	6.407207067691077e-10	2
6283185.307179586	1664.014014014014	2	-0.3356026580190552	4.85639066792329e-11	2
6283185.307179586	1309.2092092092093	2	-1.5129750944960183	3.429337845868795e-11	2
6283185.307179586	2060.5605605605606	5	0.026360596561714855	-9.960167032538548e-10	1
6283185.307179586	627.4274274274275	6	-1.2408095169618845	-7.393180999036059e-10	1
6283185.307179586	1490.0900900900901	6	0.9118918863988754	1.6979798652776867e-09	1
6283185.307179586	1051.801801801802	2	-1.1384005707980958	1.5379291255562103e-09	1
6283185.307179586	2394.4944944944946	2	-0.9044664889004931	1.3404531215468655e-09	1
6283185.307179586	1538.788788788789	9	-1.1600965705162105	-3.8052770691777166e-10	1
6283185.307179586	2818.868868868869	1	1.4108088169379398	-1.4576176144929064e-10	2
6283185.307179586	3034.5345345345345	3	-0.5000808534526424	1.9109254776307106e-09	1
6283185.307179586	2394.4944944944946	7	-0.3845836108874965	-4.4322751623085274e-11	1
6283185.307179586	1385.7357357357357	1	-1.0363289679023449	5.653737024583717e-10	2
6283185.307179586	1580.5305305305305	2	-0.85260628948239	-1.0754545302792638e-09	1
6283185.307179586	2401.4514514514517	6	-0.9789171654066161	1.2844881560861602e-09	1
6283185.307179586	1684.884884884885	6	1.2633194063152695	-3.798521953970128e-12	2
6283185.307179586	3236.286286286286	6	1.5502384516089496	5.181179269773703e-12	2
6283185.307179586	1274.4244244244244	2	-0.07337984577447876	-1.8093096747123863e-09	1
6283185.307179586	1851.851851851852	6	0.38664310666332025	1.0023282471354562e-09	1
6283185.307179586	1879.6796796796798	3	-0.5610908682050353	-1.467907744334503e-09	1
6283185.307179586	1997.947947947948	7	0.34297853735352746	5.445566367563956e-10	1
6283185.307179586	2081.4314314314315	7	0.5624342977972399	-2.232713042057322e-10	2
6283185.307179586	724.8248248248249	9	-0.5284289832698095	5.695392077795016e-10	2
6283185.307179586	516.1161161161161	4	0.9459182165254894	-1.546081787170059e-09	1
6283185.307179586	2700.6006006006005	4	-0.7757472940641278	-6.578341672540918e-10	1
6283185.307179586	2283.1831831831832	8	0.22519211377756343	-1.7079321503583317e-09	1
6283185.307179586	2443.193193193193	7	0.27398579324697536	-1.7832853217361011e-09	1
6283185.307179586	1183.983983983984	5	-0.8911436498024788	1.9832637988895204e-09	1
6283185.307179586	2526.676676676677	3	-1.521349270609529	1.942355329242419e-09	2
6283185.307179586	606.5565565565565	10	-0.9501723415684935	3.8673483509269727e-10	2
6283185.307179586	836.1361361361362	1	0.44875207357458624	1.668570787477761e-09	1
6283185.307179586	773.5235235235235	1	0.7822098169683178	-1.8499481475799777e-09	1
6283185.307179586	1803.1531531531532	5	0.5993110457583866	4.522480336759105e-10	1
6283185.307179586	1392.6926926926926	1	-0.7771111665516502	1.3512952552505387e-09	1
6283185.307179586	1956.2062062062062	10	-0.03369170060812454	2.157594582461742e-10	2
6283185.307179586	2387.5375375375374	1	-0.37599894632402076	1.7496733385136282e-09	1
6283185.307179586	1747.4974974974975	9	-1.3872731286445268	1.5342218629453574e-09	2
6283185.307179586	1803.1531531531532	3	1.2046043647964346	-5.453348083950301e-10	1
6283185.307179586	1942.2922922922924	7	-0.875601418588052	-2.8381571212371475e-10	2
6283185.307179586	1775.3253253253254	3	-1.247802522162831	-1.0332184053724423e-11	2
6283185.307179586	3389.3393393393394	7	0.19835375229814556	9.838070534063869e-10	1
6283185.307179586	1594.4444444444446	2	-1.3181507671510053	-1.688115560089184e-09	2
6283185.307179586	1754.4544544544544	6	-1.4016662254724126	1.6296217679373013e-09	2
6283185.307179586	2206.6566566566567	1	1.4576017012755749	-1.3211654132019441e-09	2
6283185.307179586	2512.762762762763	7	-1.311681830311461	4.614237851010778e-11	2
6283185.307179586	349.14914914914914	2	-0.25713112371894753	-1.1916379125795055e-09	1
6283185.307179586	1455.3053053053054	4	-0.33937764356328226	1.1513102506700017e-09	1
6283185.307179586	1719.6696696696697	8	0.9639152268972992	6.678884275065957e-10	2
6283185.307179586	1587.4874874874874	4	-0.8791663107624478	-5.795622547915338e-10	2
6283185.307179586	1163.113113113113	7	-0.01315956621675296	1.5008760073740615e-09	1
6283185.307179586	2032.7327327327328	5	1.2244898255138108	-5.478699543832452e-10	1
6283185.307179586	2644.944944944945	2	0.7471078562882258	1.9659226336540357e-09	1
6283185.307179586	1872.7227227227227	2	0.7303650082409416	7.036364908973244e-10	1
6283185.307179586	3041.4914914914916	9	-1.464871900320449	1.8181356347715354e-09	1
6283185.307179586	1267.4674674674675	3	0.42020065660115735	1.0928458912444263e-09	1
6283185.307179586	1302.2522522522522	3	-1.5445798657284855	1.8702709082476775e-09	2
6283185.307179586	2547.5475475475478	8	-0.01409310789064655	-4.865138379318567e-10	1
6283185.307179586	1963.1631631631633	5	1.0038622428908708	-1.5779979460297038e-09	1
6283185.307179586	1768.3683683683685	10	0.6580913673315161	-2.050741467174614e-10	2
6283185.307179586	509.1591591591592	5	-1.4402150264586617	-1.8254583098309236e-09	2
6283185.307179586	1726.6266266266266	7	-0.676023816191617	2.853371575104034e-10	2
6283185.307179586	2637.987987987988	10	-0.8533346506351009	-5.442015032920646e-10	1
6283185.307179586	1657.0570570570571	9	-0.21207691493048286	-1.8547536767526582e-09	1
6283185.307179586	808.3083083083084	8	-0.20991230727539856	-1.2200815044665655e-09	1
6283185.307179586	1420.5205205205204	4	-1.3068842377940206	-5.928638963318417e-10	1
6283185.307179586	196.0960960960961	6	-0.792549139953261	-9.838565040348378e-13	1
6283185.307179586	1017.017017017017	9	-0.48110123125556936	1.7728524756984983e-09	1
6283185.307179586	3250.2002002002005	7	1.2219392918807048	1.4473328786331194e-09	1
6283185.307179586	1135.2852852852852	3	0.9485349828886749	-9.530611410806117e-10	2
6283185.307179586	1058.7587587587586	7	0.6139274283161247	-1.5023251287114732e-09	1
6283185.307179586	467.4174174174174	8	-0.09805085759370713	-2.778186556057093e-10	1
6283185.307179586	1810.11011011011	8	1.2124028134521643	1.4398042231875654e-09	1
6283185.307179586	1504.004004004004	1	1.4574450151831386	1.8532646703586136e-09	2
6283185.307179586	2297.097097097097	10	1.4839422316957145	1.0502471379782782e-09	1
6283185.307179586	912.6626626626627	2	0.021373189200855958	-7.684518786896399e-10	1
6283185.307179586	1197.897897897898	8	0.13794652146832798	1.747887412077369e-09	1
6283185.307179586	2130.13013013013	1	-1.5490853957572766	-7.572037072975584e-10	2
6283185.307179586	2561.4614614614616	1	-1.1399939779930595	-1.7898467694654842e-09	1
6283185.307179586	2631.031031031031	3	1.5692706164683359	2.0206040502783594e-10	1
6283185.307179586	432.63263263263264	5	1.2077643209896274	4.205472343783369e-10	2
6283185.307179586	1218.7687687687687	2	-0.3259181558367521	-1.263494469882382e-10	1
6283185.307179586	1775.3253253253254	6	-1.401124653476015	1.7723815519409037e-09	2
6283185.307179586	1142.2422422422424	10	0.023618386477405773	-5.011751484461177e-10	1
6283185.307179586	1594.4444444444446	7	0.6204869976028116	5.880074552385699e-10	1
6283185.307179586	1434.4344344344345	8	0.16685869864370373	-1.0537354616973134e-09	1
6283185.307179586	3055.4054054054054	6	-0.1017443339372841	-2.1450353747556025e-10	2
6283185.307179586	1990.9909909909911	2	0.3401686404696871	-1.836336191983609e-09	1
6283185.307179586	1239.6396396396397	4	-1.3478120148104118	1.985608665673818e-09	1
6283185.307179586	2144.0440440440443	1	-0.7346324755643875	-4.04222058156282e-10	1
6283185.307179586	1858.8088088088089	9	0.303239590931883	1.791596125931498e-09	1
6283185.307179586	1065.7157157157158	5	-0.8102642986347314	7.453717063148755e-10	1
6283185.307179586	3410.2102102102103	10	-0.5335177978812997	-1.0456163756206252e-09	1
6283185.307179586	404.8048048048048	7	1.2923225078529499	1.3693203454340864e-09	1
6283185.307179586	2171.871871871872	10	-0.25236501900064634	-1.5004793850988653e-09	1
6283185.307179586	1886.6366366366367	7	-0.5827994019274938	1.4743962754866625e-10	1
6283185.307179586	1886.6366366366367	6	0.6778920660237624	-3.2650941173298164e-10	1
6283185.307179586	2011.8618618618618	7	0.6926797820950172	1.7002272467284018e-09	1
6283185.307179586	1017.017017017017	1	0.5179332383944697	1.4227405982920956e-09	1
6283185.307179586	1204.854854854855	1	-0.02943448935654791	-1.7527236252543097e-09	1
6283185.307179586	1844.8948948948948	8	0.9487359875617152	-1.3012128512865049e-09	1
6283185.307179586	1107.4574574574574	2	-1.0969696347473272	-6.216504870686265e-10	2
6283185.307179586	550.900900900901	5	0.75376386772083	-1.804365359406031e-09	1
6283185.307179586	1524.8748748748749	9	-0.665635688408496	-5.730449714139469e-10	1
6283185.307179586	2116.2162162162163	8	0.38243979281472895	-2.1949601594842156e-10	1
6283185.307179586	1990.9909909909911	5	0.5870642692041139	-1.7361163234381307e-09	1
6283185.307179586	2443.193193193193	5	-0.11273299704023976	2.7172264417939926e-10	2
6283185.307179586	2109.259259259259	3	0.6743395297551329	3.148756562872529e-10	1
6283185.307179586	933.5335335335336	1	-0.5416340919576956	-1.5529475259066645e-09	1
6283185.307179586	4634.6346346346345	2	-1.2009028271978155	1.20114483399769e-09	1
6283185.307179586	1664.014014014014	10	0.9426799540092721	1.9746438125513314e-09	1
6283185.307179586	1886.6366366366367	9	-0.28772956192789145	-3.451438533460923e-10	1
6283185.307179586	1357.9079079079079	6	0.5389434224851257	-1.4708986909222387e-10	2
6283185.307179586	1858.8088088088089	4	0.26269709309259226	1.245072902885202e-09	1
6283185.307179586	2144.0440440440443	9	-1.0712080785701101	-4.570013252341951e-10	1
6283185.307179586	1510.960960960961	8	1.0434078604557069	-1.9066969552025457e-09	1
6283185.307179586	1406.6066066066066	10	-0.8880210703230421	5.83141809032614e-10	2
6283185.307179586	1747.4974974974975	6	1.0258185153358421	-3.471006973457689e-10	1
6283185.307179586	3013.6636636636636	7	-1.2614750038435614	1.4081532823148795e-09	1
6283185.307179586	1851.851851851852	8	-0.6004511373495353	1.9707089365831364e-09	1
6283185.307179586	1636.1861861861862	5	-0.9301357833713272	6.693069223749741e-10	1
6283185.307179586	2039.6896896896897	1	-0.9123528700313454	-1.052417670618738e-09	1
6283185.307179586	516.1161161161161	9	-0.18552145399662479	1.788138646198808e-09	1
6283185.307179586	1782.2822822822823	9	-0.1289466106196293	1.4690568453457683e-09	1
6283185.307179586	1072.6726726726727	9	-1.2280846799812262	-8.874393732875672e-11	2
6283185.307179586	2102.3023023023025	8	0.5332942298125039	-7.336334992816883e-10	1
6283185.307179586	2151.001001001001	7	0.8977666715303165	5.575269610023059e-10	1
6283185.307179586	1003.1031031031031	7	0.06242114371168439	6.162794899003382e-10	2
6283185.307179586	390.8908908908909	7	-0.5643912239186726	1.3328293768254475e-09	2
6283185.307179586	1044.8448448448448	9	-1.036944833101522	-1.1573200464483548e-09	1
6283185.307179586	1017.017017017017	2	0.7605215211987617	6.193323959037517e-10	1
6283185.307179586	2213.613613613614	4	-1.4268462385488654	2.500722997652946e-10	1
6283185.307179586	342.1921921921922	8	1.4226167681314106	1.9859176339146303e-09	2
6283185.307179586	2714.5145145145148	7	0.7709277817856819	-1.314363341663821e-09	1
6283185.307179586	2394.4944944944946	4	0.27897561097033163	-1.404803877538023e-09	1
6283185.307179586	1225.7257257257259	3	0.1559135329005692	-1.1900042460634648e-09	1
6283185.307179586	2157.957957957958	9	0.9729635472074278	5.335260617497221e-10	1
6283185.307179586	1427.4774774774776	4	0.5332385226538259	1.424727165879731e-09	1
6283185.307179586	2304.054054054054	5	0.5692383547609627	-8.151002238339618e-11	1
6283185.307179586	2366.6666666666665	2	1.2374861774438934	7.55756279010485e-10	2
6283185.307179586	1615.3153153153153	8	-0.7190314116384338	-1.7443958225395281e-09	1
6283185.307179586	815.2652652652653	5	-0.23069560115837784	-3.970336290364434e-10	2
6283185.307179586	843.0930930930931	10	0.2764312204212067	5.917410952823009e-10	2
6283185.307179586	1406.6066066066066	7	-0.9522369815984849	3.1841734300380296e-10	2
6283185.307179586	2171.871871871872	10	0.06525076067095625	1.4360806894345933e-09	1
6283185.307179586	1121.3713713713714	8	0.976471917529647	4.62220135508539e-10	1
6283185.307179586	2603.2032032032034	2	1.051765631173311	1.016560221270285e-09	1
6283185.307179586	3444.994994994995	9	-1.1916777653770347	2.59741052458244e-10	2
6283185.307179586	2324.924924924925	7	0.27895929880614734	-1.6371872581856635e-09	1
6283185.307179586	3152.802802802803	4	-0.7163005537083807	1.3367493590545648e-09	1
6283185.307179586	265.66566566566564	7	1.0562613954294648	-1.8167921627634845e-09	1
6283185.307179586	1156.1561561561562	7	0.10939800002327926	-2.409890197859453e-10	1
6283185.307179586	1643.143143143143	4	1.4983210040440769	6.988363047821728e-10	1
6283185.307179586	1295.2952952952953	1	-0.5280918385131712	1.7854272426293783e-09	1
6283185.307179586	1476.176176176176	1	-0.11843496702937228	5.961146455089335e-10	1
6283185.307179586	1712.7127127127128	10	0.08997837129400454	-1.1031909628210409e-09	1
6283185.307179586	3368.4684684684685	2	1.2342695230893255	1.4929079065401946e-10	1
6283185.307179586	1413.5635635635635	9	0.0053025060841551674	-1.1135941771915104e-09	1
6283185.307179586	2151.001001001001	1	-0.28908257382890845	4.4979958955284547e-10	1
6283185.307179586	1260.5105105105106	3	-0.3843877998644396	-1.3062122663035033e-09	1
6283185.307179586	4043.2932932932936	10	0.11040253847505666	1.2720387316706207e-09	1
6283185.307179586	1837.937937937938	6	1.2261226718715394	-1.5765265421265304e-09	1
6283185.307179586	1810.11011011011	3	-1.0444539673799733	1.7015027835685911e-09	1
6283185.307179586	1448.3483483483483	6	-0.7239418475131363	-1.8320566478863494e-09	1
6283185.307179586	2519.7197197197197	5	-0.7490246827568923	1.2255350767093596e-10	1
6283185.307179586	1211.8118118118118	10	-0.2827807201818202	-1.9894984904583175e-09	1
6283185.307179586	1121.3713713713714	7	-0.10634990501080721	1.7714772500683505e-11	2
6283185.307179586	1858.8088088088089	5	-0.39560472761770926	-2.6167888355699104e-10	2
6283185.307179586	1977.077077077077	6	0.1007926863065729	-3.684096719834856e-10	1
6283185.307179586	1872.7227227227227	7	-0.9819302655492697	1.6801868923809494e-09	1
6283185.307179586	1657.0570570570571	1	-0.44260679809651426	3.520113012783612e-11	2
6283185.307179586	2199.6996996997	9	-0.9274097436236519	1.1861882384282564e-09	1
6283185.307179586	432.63263263263264	8	-0.1016870999891255	-2.6602908639409145e-10	1
6283185.307179586	982.2322322322323	7	-1.0113876084058968	-1.85961080182524e-09	1
6283185.307179586	2797.997997997998	2	0.24828168190822542	4.423446393936749e-10	1
6283185.307179586	1928.3783783783783	5	-1.325439045793171	5.4245546436736003e-11	1
6283185.307179586	460.46046046046047	9	0.8941117688043341	-1.3513935291466673e-09	1
6283185.307179586	2839.73973973974	8	-1.3352599959591391	1.3430967657735392e-09	1
6283185.307179586	1872.7227227227227	6	0.3113101057045149	7.804894521333152e-10	1
6283185.307179586	2471.021021021021	8	0.07858092353875357	-2.63833821329297e-11	1
6283185.307179586	1963.1631631631633	5	1.0058610324023793	1.1368514271831661e-10	1
6283185.307179586	2206.6566566566567	10	1.441427815535178	1.7364453977322214e-09	2
6283185.307179586	1559.6596596596596	1	1.0232649440345645	1.051698104387571e-09	1
6283185.307179586	822.2222222222223	9	-0.8983484543694779	-1.8332968622176635e-09	1
6283185.307179586	1990.9909909909911	5	1.24390005982545	-1.8550532238303243e-09	1
6283185.307179586	2429.2792792792793	3	-0.9019918194017623	7.000128866168009e-10	1
6283185.307179586	1587.4874874874874	9	-0.36485248418218785	-1.14984606279066e-09	1
6283185.307179586	1371.821821821822	7	-0.9703745346746028	1.6672803599006895e-09	1
6283185.307179586	2304.054054054054	6	0.41506960734490184	-1.0483869043432117e-09	1
6283185.307179586	1427.4774774774776	4	0.4150888023992425	-8.556046779251934e-10	1
6283185.307179586	2018.818818818819	4	0.8805553307818039	-6.899902374432348e-10	1
6283185.307179586	1448.3483483483483	4	1.4857911996154063	4.4318726537786573e-10	1
6283185.307179586	2464.064064064064	7	-1.126152316205737	5.896647625151658e-10	2
6283185.307179586	2770.1701701701704	6	-0.7757594458995957	1.5992341174054816e-10	1
6283185.307179586	829.1791791791792	9	-1.5218410517049312	5.944368061845173e-10	1
6283185.307179586	752.6526526526527	7	0.21724082610357542	4.1494821610245733e-10	2
6283185.307179586	1789.2392392392394	4	-0.8063425892345528	-1.006994776675795e-09	1
6283185.307179586	1643.143143143143	4	0.5364783448893391	-9.166425937027913e-10	1
6283185.307179586	3890.2402402402404	2	-1.4942471475266894	1.0286305936356457e-09	1
6283185.307179586	3507.607607607608	10	-0.8431844974228729	1.1301719406188696e-09	1
6283185.307179586	2665.8158158158158	6	1.16441452215753	1.3228027532895154e-09	1
6283185.307179586	822.2222222222223	8	-0.2619236659394615	9.657839227337881e-10	2
6283185.307179586	1935.3353353353355	9	0.5587727939093012	6.665999480195275e-10	1
6283185.307179586	1740.5405405405406	4	-0.982827823839404	1.5325130201340462e-09	1
6283185.307179586	843.0930930930931	1	-0.6115108516901153	-1.0309612121634815e-09	2
6283185.307179586	1789.2392392392394	9	0.8213678858778413	2.8611600538840155e-10	2
6283185.307179586	1844.8948948948948	3	0.9723001923534809	-3.383948227721466e-10	1
6283185.307179586	1997.947947947948	6	0.7866755971734558	-1.6406535133134562e-09	1
6283185.307179586	2227.5275275275276	8	-0.5071230691194482	-1.6589793203670716e-09	1
6283185.307179586	1246.5965965965966	3	-0.27534839131562805	-1.4464491935947446e-09	1
6283185.307179586	2039.6896896896897	3	0.7064191236924793	7.86568690445267e-12	1
6283185.307179586	2603.2032032032034	2	-1.195013341354845	-4.6917589023966475e-11	1
6283185.307179586	1657.0570570570571	8	0.017928313238127158	-1.3820253542186395e-09	1
6283185.307179586	655.2552552552553	8	0.06410025513640938	1.768747277277907e-09	1
6283185.307179586	2276.226226226226	4	-0.6420947435127825	1.6388095950389615e-10	1
6283185.307179586	1274.4244244244244	1	-0.4111473273587969	-2.840230884300769e-10	1
6283185.307179586	1761.4114114114116	7	-1.557503720391474	9.54027535329378e-10	1
6283185.307179586	4091.991991991992	5	-1.5433584601719845	4.595993582054238e-10	1
6283185.307179586	2971.921921921922	1	1.3661846784632012	-1.8475492473799406e-09	1
6283185.307179586	349.14914914914914	7	0.47521883943335474	-3.6553757270018045e-10	1
6283185.307179586	1622.2722722722724	3	1.3779964624322631	8.34372219473872e-10	2
6283185.307179586	2721.4714714714714	8	-0.7239590817064976	-7.089398259065802e-11	1
6283185.307179586	613.5135135135135	9	1.422628403037474	-9.8040088568249e-10	1
6283185.307179586	1371.821821821822	10	-0.9489530367877294	5.095661809571541e-10	2
6283185.307179586	1677.927927927928	1	0.8373632376469664	1.4882552174513744e-09	1
6283185.307179586	1441.3913913913914	7	-0.32780681376606724	-9.46593165956568e-10	1
6283185.307179586	1476.176176176176	2	1.444277495164644	-1.1114053306992795e-09	2
6283185.307179586	1295.2952952952953	10	-1.0081242447066956	9.629568877937953e-10	1
6283185.307179586	1204.854854854855	3	-0.6128210585403701	-6.017211978483995e-10	1
6283185.307179586	2025.7757757757759	5	1.0736698369045339	1.358494241598657e-09	1
6283185.307179586	2248.3983983983985	3	-0.3003972382593627	-1.252821200418585e-09	1
6283185.307179586	1524.8748748748749	10	1.0372102229183184	-1.2549635869051687e-09	1
6283185.307179586	203.05305305305305	1	1.1448378630166198	7.401045419212679e-10	1
6283185.307179586	3716.3163163163163	2	-0.5721325959699815	1.5188726830732821e-09	1
6283185.307179586	1281.3813813813815	8	1.4257352734795554	-1.0852220457181371e-09	1
6283185.307179586	1657.0570570570571	2	1.1206445958977285	8.057733666843691e-10	1
6283185.307179586	1907.5075075075076	5	-0.43347077493144504	1.6962215212759566e-09	1
6283185.307179586	1364.864864864865	5	0.0558993081979926	-2.9578510982440197e-10	1
6283185.307179586	1984.034034034034	3	1.3484629844624343	-3.3383038966807636e-10	2
6283185.307179586	1949.2492492492493	1	-0.5160904387962135	1.9239011196835513e-10	2
6283185.307179586	2025.7757757757759	7	-1.325510663287229	-1.5800079674044227e-09	1
6283185.307179586	1914.4644644644645	1	-1.544769928480806	1.8563605875611849e-10	1
6283185.307179586	787.4374374374374	9	-0.9353183277733677	5.979353074249335e-10	1
6283185.307179586	1865.7657657657658	10	0.8921105455240843	9.231762489788085e-10	1
6283185.307179586	1949.2492492492493	2	0.2605593276125431	-7.958662152542977e-10	1
6283185.307179586	1824.0240240240241	10	0.296802633636176	-3.46962598003174e-10	1
6283185.307179586	1740.5405405405406	2	-0.7646410731294553	9.974362255093566e-10	1
6283185.307179586	2512.762762762763	2	0.06857802037568494	1.6937491652405625e-09	1
6283185.307179586	1427.4774774774776	7	0.23141797507153328	-1.3302386815408382e-09	1
6283185.307179586	1378.7787787787788	8	0.6463333420757542	8.816452720077609e-10	1
6283185.307179586	919.6196196196197	10	-0.8347484935371629	-7.079558177482054e-10	1
6283185.307179586	1538.788788788789	10	0.8948480727710777	-1.9241153685432605e-09	1
6283185.307179586	1698.7987987987988	1	1.3753656263734082	1.938415888573534e-09	1
6283185.307179586	1524.8748748748749	7	0.9688667229426171	1.846864952318092e-09	1
6283185.307179586	1281.3813813813815	3	-1.1227196129623198	7.268356148804781e-11	1
6283185.307179586	2505.805805805806	7	-0.6090281257435836	1.0384958404741604e-09	1
6283185.307179586	1413.5635635635635	7	-1.1701720983669381	5.687541583596459e-10	1
6283185.307179586	1726.6266266266266	7	1.2567391512309927	-1.4253440617239472e-09	1
6283185.307179586	1504.004004004004	6	-1.2976609926554756	-2.758532370717531e-10	1
6283185.307179586	2721.4714714714714	2	0.7722261246008992	-4.384983507103014e-10	1
6283185.307179586	1364.864864864865	1	0.6991404779708255	-6.901977161575551e-10	1
6283185.307179586	2958.008008008008	1	-1.1891692123758102	1.1589859471710707e-09	1
6283185.307179586	1782.2822822822823	7	-0.8920440647488045	1.7976899522324676e-09	1
6283185.307179586	1413.5635635635635	7	0.2707275988927049	1.0019198770937411e-09	1
6283185.307179586	1580.5305305305305	5	-0.16919807289458566	-1.15154906702088e-09	1
6283185.307179586	1079.6296296296296	10	1.490553491152593	1.0438077430353568e-09	2
6283185.307179586	3410.2102102102103	5	-1.383450746526809	9.582198186380443e-10	2
6283185.307179586	1517.917917917918	4	-0.3682507547529148	1.0010860482985684e-09	1
6283185.307179586	1712.7127127127128	3	-0.024809888419043302	-1.4265960752485198e-09	1
6283185.307179586	2157.957957957958	8	-1.0526907603231628	9.316829142248508e-10	1
6283185.307179586	1246.5965965965966	3	0.4645930477753213	-1.2037828146470288e-09	1
6283185.307179586	2144.0440440440443	6	0.24818655268997336	1.6222703944110873e-09	1
6283185.307179586	961.3613613613613	3	-0.771843309789037	-1.9327352731423664e-09	1
6283185.307179586	1190.940940940941	6	1.0807161797634826	-1.6328721092838056e-09	1
6283185.307179586	502.2022022022022	10	-0.3103705735109157	1.1330461933674884e-09	1
6283185.307179586	1851.851851851852	8	0.7630003367438012	1.5728808407800347e-09	1
6283185.307179586	1427.4774774774776	7	0.4532387886871261	-1.7511029573542298e-09	1
6283185.307179586	1323.1231231231232	5	-0.8456341883693269	3.6401886595133955e-10	1
6283185.307179586	2679.72972972973	7	-0.14937184693212324	-1.6735351172118552e-09	1
6283185.307179586	3291.941941941942	6	0.2088783580706004	-1.4718349794592048e-10	2
6283185.307179586	843.0930930930931	2	0.8151400757382765	9.570860901615023e-10	1
6283185.307179586	940.4904904904905	8	0.2543886571286007	-6.710862002445924e-10	1
6283185.307179586	460.46046046046047	5	1.506070704925075	-9.305147977643297e-10	2
6283185.307179586	2311.011011011011	1	-1.5663917840045762	8.375429010197363e-10	1
6283185.307179586	3076.2762762762763	5	-0.9360820350510762	-5.534724515676852e-10	1
6283185.307179586	1197.897897897898	10	0.09003238813536063	2.045118990716965e-11	2
6283185.307179586	2255.3553553553556	2	0.40368736422341445	-6.12131201589063e-10	1
6283185.307179586	2971.921921921922	2	1.472945028975321	-3.854807078789731e-10	2
6283185.307179586	1900.5505505505505	6	-0.027338654374853055	1.8718421298609784e-09	1
6283185.307179586	1810.11011011011	7	-0.7002356682414395	7.386701950047985e-10	1
6283185.307179586	2902.352352352352	4	1.3598225731956273	1.1803350237814126e-09	2
6283185.307179586	2157.957957957958	6	-0.12482806543295544	1.4736161372388218e-09	1
6283185.307179586	2874.5245245245246	8	-1.5269783912651338	-1.9824341394181223e-09	1
6283185.307179586	2137.087087087087	1	0.09191196945820135	-5.759433323550702e-10	1
6283185.307179586	3570.22022022022	1	0.39078105745299796	3.876259677210453e-10	1
6283185.307179586	683.0830830830831	6	-1.362781966871329	8.760271168665173e-11	2
6283185.307179586	1170.0700700700702	7	-0.5138636891303283	-3.915676047594587e-10	2
6283185.307179586	1636.1861861861862	2	1.189261222320889	-9.87859339710619e-10	1
6283185.307179586	1865.7657657657658	2	1.3942213922761328	-1.8496076664186766e-09	1
6283185.307179586	1037.887887887888	5	-0.9555605755761549	1.3802850904572219e-09	1
6283185.307179586	1483.1331331331332	2	-0.36605107763489997	-2.752789554065718e-10	2
6283185.307179586	996.1461461461462	1	0.18879443232062387	-7.125456733600682e-10	1
6283185.307179586	1337.0370370370372	9	1.2785265889878352	1.5640998668679692e-09	1
6283185.307179586	2039.6896896896897	1	1.3186104286735985	-9.623570431078049e-10	2
6283185.307179586	975.2752752752752	5	-1.3727261074753834	1.250810376111934e-09	2
6283185.307179586	2547.5475475475478	4	-0.971430762946917	1.92757760898167e-09	1
6283185.307179586	1350.950950950951	7	-0.705980224677537	-1.656226990994302e-10	1
6283185.307179586	1204.854854854855	8	-1.2867332218269634	-1.1030813511042227e-09	2
6283185.307179586	1664.014014014014	8	-0.07660381267721417	-1.4662852326459795e-09	1
6283185.307179586	2067.5175175175173	1	-0.4919947310947195	1.6945441640719121e-09	1
6283185.307179586	2130.13013013013	10	-0.9901252248840745	-1.815157154078979e-10	2
6283185.307179586	2018.818818818819	8	1.0225940299546115	-5.262645468072704e-10	2
6283185.307179586	2457.1071071071074	10	-0.4217389759536212	1.5880171345498064e-09	1
6283185.307179586	1886.6366366366367	2	1.4133966849029154	-1.2259960866132242e-10	1
6283185.307179586	599.5995995995996	7	0.765749187785481	-1.2257438007274782e-09	1
6283185.307179586	1149.1991991991993	3	0.32220519211201726	-9.433484205057817e-10	1
6283185.307179586	1796.1961961961963	2	0.9975522499574732	1.2032576765215805e-09	1
6283185.307179586	1170.0700700700702	6	-1.0862396689486298	-1.9296657452915758e-09	1
6283185.307179586	1615.3153153153153	4	0.036765786847723136	-1.0336229386877066e-09	1
6283185.307179586	2464.064064064064	6	-0.9940068033521817	-1.6455168872365694e-09	1
6283185.307179586	1170.0700700700702	5	-0.04132479820802093	-9.59496536985987e-10	1
6283185.307179586	2436.2362362362364	3	0.9531791035164185	-1.0355441659810918e-09	1
6283185.307179586	1093.5435435435436	8	0.10031707114875155	-1.6368757136505387e-09	1
6283185.307179586	2241.4414414414414	9	0.10376903152702122	4.4272380781092577e-10	1
6283185.307179586	2011.8618618618618	4	-1.0738809625095045	-1.8012473890976098e-09	1
6283185.307179586	2185.7857857857857	8	-0.808302464093095	-3.8172909583076777e-10	2
6283185.307179586	2311.011011011011	6	-0.8414268848802784	-1.5755564864954377e-10	2
6283185.307179586	1399.6496496496497	10	-0.10819742493699613	-4.871730306960981e-10	1
6283185.307179586	2311.011011011011	8	0.9865271653199392	4.2362332787873914e-10	1
6283185.307179586	1782.2822822822823	9	-1.1609920284299804	-5.287374192805889e-10	2
6283185.307179586	2554.5045045045044	9	-0.9245975417569611	1.3321715014532716e-09	1
6283185.307179586	599.5995995995996	7	-1.2040300744424801	-1.297702319815393e-09	2
6283185.307179586	2311.011011011011	9	-1.0401624671545273	1.8610033405788197e-09	1
6283185.307179586	2631.031031031031	3	0.949015952606663	5.984276406504024e-10	1
6283185.307179586	801.3513513513514	8	1.4050101069593501	7.5215862833124e-10	1
6283185.307179586	1114.4144144144145	5	-1.5698172356977396	-1.613637826401155e-10	1
6283185.307179586	1114.4144144144145	8	-0.1505717383001659	1.6398440820009954e-09	1
6283185.307179586	1824.0240240240241	8	-1.4204112451808033	-1.6993422352522388e-09	2
6283185.307179586	2366.6666666666665	1	0.3036589537983394	3.099192925610997e-10	1
6283185.307179586	2596.2462462462463	6	-1.4079405102237614	1.5189275744286642e-09	2
6283185.307179586	1517.917917917918	10	-0.10317421303052776	-4.946046587048724e-10	1
6283185.307179586	1615.3153153153153	10	0.8282589948611752	-3.326637965565093e-10	2
6283185.307179586	1510.960960960961	3	0.5109668088540356	-8.768246142197613e-10	1
6283185.307179586	2116.2162162162163	4	1.479088814288167	1.0727443777580351e-09	2
6283185.307179586	1170.0700700700702	9	-1.0612614066245987	-9.59812300041415e-11	2
6283185.307179586	1253.5535535535537	8	0.422497105422007	1.1712469975870785e-09	1
6283185.307179586	4203.303303303303	4	0.768372642100795	-7.045509889211469e-11	1
6283185.307179586	2331.881881881882	4	-1.4909770986860167	8.863639641051688e-10	1
6283185.307179586	669.1691691691692	3	-0.856742407742167	-7.113618051633417e-11	2
6283185.307179586	2352.7527527527527	6	0.8336032592148572	1.7021307452708211e-09	1
6283185.307179586	1510.960960960961	7	-0.6306524426943265	1.4268052198821054e-09	1
6283185.307179586	1761.4114114114116	2	1.0777042558488636	-1.7476206979216756e-09	1
6283185.307179586	710.910910910911	3	-0.005332072974363111	8.047331558944747e-10	1
6283185.307179586	2464.064064064064	2	0.5237064087371852	-4.1415820492110404e-10	2
6283185.307179586	2811.911911911912	3	-1.5353021644552092	9.495720972238461e-10	2
6283185.307179586	258.70870870870874	6	-0.4786717138804253	-1.5628908359303386e-10	1
6283185.307179586	822.2222222222223	4	0.8990710431006419	7.880432484556636e-10	1
6283185.307179586	1350.950950950951	5	1.2650184233894617	-3.2857990287606096e-10	2
6283185.307179586	2429.2792792792793	9	-0.8683652493376672	9.276710298433148e-10	1
6283185.307179586	1657.0570570570571	4	-0.3083767064458447	-1.9244909243559068e-10	1
6283185.307179586	1225.7257257257259	5	-1.4156980540661979	5.955205503240131e-10	2
6283185.307179586	2185.7857857857857	10	0.7791425629333224	8.429732750908069e-10	1
6283185.307179586	1712.7127127127128	9	1.1527094142268943	1.5439572920263e-09	1
6283185.307179586	1483.1331331331332	1	-1.1940082771567448	1.921652684607892e-09	1
6283185.307179586	1698.7987987987988	4	-0.41663534144335856	3.453283663248796e-10	1
6283185.307179586	1636.1861861861862	7	0.7911271690104345	3.933959670256214e-10	1
6283185.307179586	1079.6296296296296	3	-1.252978957785946	1.2701218846101512e-09	1
6283185.307179586	745.6956956956957	6	-0.07157413976919824	9.101038544906163e-10	1
6283185.307179586	829.1791791791792	2	0.9724927248624438	-1.5610826926822075e-10	2
6283185.307179586	1817.0670670670672	6	0.49115977907610153	1.5018695266834397e-09	1
6283185.307179586	1879.6796796796798	9	0.38148366145973545	1.6931565753961977e-09	1
6283185.307179586	1337.0370370370372	3	-0.6438619709063694	6.106693937854968e-10	1
6283185.307179586	1712.7127127127128	9	1.1459369726461355	-1.583080974445835e-09	1
6283185.307179586	2269.2692692692694	3	-0.9569337833665564	-1.1549892737780408e-09	1
6283185.307179586	829.1791791791792	7	0.8784233940755892	-1.3792042363104566e-10	2
6283185.307179586	1691.8418418418419	3	1.080221789500686	-1.79055684482591e-10	2
6283185.307179586	1427.4774774774776	5	-0.5753657554219639	-5.281955911940074e-10	1
6283185.307179586	1601.4014014014015	9	-0.5144707901569594	1.1815940657281316e-09	1
6283185.307179586	996.1461461461462	3	-0.9831317830132434	-1.789874919896934e-09	1
6283185.307179586	543.943943943944	10	1.3729350962728142	-1.2162329035602984e-09	2
6283185.307179586	2317.967967967968	2	1.0622321817813778	7.869288370315707e-10	1
6283185.307179586	2471.021021021021	5	0.5282610885631378	1.257241506756985e-09	1
6283185.307179586	2352.7527527527527	1	0.4020013744606299	2.1389258775189156e-10	2
6283185.307179586	2686.6866866866867	9	-1.5046547689868688	8.391154873197101e-10	2
6283185.307179586	1984.034034034034	2	0.5404054420289537	1.874180327313875e-09	1
6283185.307179586	1177.027027027027	3	0.8075554465988692	1.1125569311262266e-10	2
6283185.307179586	1427.4774774774776	9	-0.84135252141049	1.6850714867079118e-09	1
6283185.307179586	2777.127127127127	10	0.6261753527512206	1.3988841544179833e-09	1
6283185.307179586	1086.5865865865867	8	-0.6450806693074467	1.3266340483262174e-09	1
6283185.307179586	2839.73973973974	6	0.4876297057799275	1.8762600905621748e-09	1
6283185.307179586	2582.3323323323325	8	0.7780980274488689	7.415664350623056e-10	1
6283185.307179586	1990.9909909909911	1	-1.309845530528468	7.582808529163678e-12	2
6283185.307179586	2505.805805805806	3	1.4435529503094915	-2.171383411116782e-10	1
6283185.307179586	1267.4674674674675	3	-1.425664781786592	-1.8110385170711197e-09	1
6283185.307179586	2624.0740740740744	6	-0.3664327385240511	1.2527733942517766e-10	2
6283185.307179586	2046.6466466466468	8	0.17921607439647547	4.743526040665387e-10	1
6283185.307179586	808.3083083083084	3	-1.5172856794977796	-1.688296208644621e-09	1
6283185.307179586	481.33133133133134	2	0.5437490399564604	9.38860132404924e-10	1
6283185.307179586	1810.11011011011	3	0.41311878350093356	-8.558022552942632e-10	1
6283185.307179586	2547.5475475475478	9	1.0257812278911462	-4.1348778491991045e-10	1
6283185.307179586	1837.937937937938	9	0.6965317821457147	1.4015364733429585e-09	1
6283185.307179586	1984.034034034034	8	-1.025624862019796	-3.1058440800581e-10	1
6283185.307179586	1232.6826826826828	10	1.3438019671389596	1.7588157791453878e-09	2
6283185.307179586	1664.014014014014	1	-0.37599101827588566	1.99227542210326e-10	2
6283185.307179586	2331.881881881882	7	1.1847500316334667	1.6158523531082096e-09	1
6283185.307179586	1497.047047047047	8	0.07506330805411121	1.3498019313709788e-09	1
6283185.307179586	2491.891891891892	2	-0.25064804454165435	8.973022968906294e-10	1
6283185.307179586	780.4804804804805	9	-0.5954776388494731	-5.052386247142455e-10	1
6283185.307179586	683.0830830830831	9	-1.4973023486731687	-7.631274496865106e-10	1
6283185.307179586	2436.2362362362364	2	0.43286496462160207	-1.2787717594700952e-09	1
6283185.307179586	2018.818818818819	6	-0.6861095147273027	-7.299238105408441e-10	1
6283185.307179586	1552.7027027027027	4	1.4278990542214762	-5.202279292332373e-10	2
6283185.307179586	2714.5145145145148	1	-1.4593296886148726	-1.4229480483914734e-09	1
6283185.307179586	2144.0440440440443	9	-0.7090415639043511	-2.850059713744413e-10	2
6283185.307179586	1267.4674674674675	2	1.3865613997761632	1.5936429180465295e-11	1
6283185.307179586	940.4904904904905	7	-0.15543724940432546	1.3197443994630146e-09	1
6283185.307179586	2818.868868868869	7	-1.362465261539404	1.0844094601535785e-09	2
6283185.307179586	710.910910910911	3	-1.390469046809677	8.536913216906789e-12	1
6283185.307179586	1330.08008008008	2	-0.006991125969608936	-1.3851498800163192e-09	1
6283185.307179586	1538.788788788789	9	-1.0717662836616597	1.3999688013870434e-09	1
6283185.307179586	1121.3713713713714	8	-1.297089752567032	-4.842272275594031e-10	2
6283185.307179586	2067.5175175175173	10	1.2921419131305893	9.90907963020906e-10	1
6283185.307179586	2088.388388388388	1	0.9800262338714338	1.683767401175905e-09	1
6283185.307179586	947.4474474474474	6	-0.18054010960361766	6.408911134423415e-11	1
6283185.307179586	1719.6696696696697	1	-0.5987285934743101	9.572813518313603e-10	1
6283185.307179586	1420.5205205205204	9	-0.2660638349982185	6.313103870051213e-11	2
6283185.307179586	509.1591591591592	5	-1.0824373940808265	5.454827736936044e-10	1
6283185.307179586	2151.001001001001	3	-1.1892109813390948	-1.6287526425710076e-09	1
6283185.307179586	1824.0240240240241	4	1.1652478620303817	1.4784159600609381e-09	1
6283185.307179586	363.06306306306305	6	-0.13743498345833238	-3.3611260666696427e-10	1
6283185.307179586	2665.8158158158158	2	-0.9511794365814497	-1.8270851128583847e-09	1
6283185.307179586	1851.851851851852	9	-1.5681147972136043	-1.6112771303886327e-09	1
6283185.307179586	2213.613613613614	3	-0.23545575346888925	-1.6362566854967767e-09	1
6283185.307179586	1149.1991991991993	6	-0.3311480453486424	-1.4646075300197789e-09	1
6283185.307179586	1865.7657657657658	3	0.49454649105880666	1.7318274946605924e-09	1
6283185.307179586	1309.2092092092093	2	-0.5647385178125672	-5.249895266848372e-10	1
6283185.307179586	1817.0670670670672	4	-0.9294359767946443	-8.196236044597809e-10	1
6283185.307179586	1545.7457457457458	5	-0.33946409821288515	-1.2212740843536814e-10	1
6283185.307179586	1274.4244244244244	3	0.8531228372411461	8.283110979457072e-10	1
6283185.307179586	1399.6496496496497	3	1.1792209088762542	8.165981357752443e-10	2
6283185.307179586	996.1461461461462	8	0.576658177163516	-1.3597436576379418e-09	1
6283185.307179586	926.5765765765766	3	-0.21942908520417115	-1.0068156374037303e-09	1
6283185.307179586	1517.917917917918	3	1.2606402485138495	-1.236138129712228e-09	2
6283185.307179586	2074.474474474475	5	-1.2370199595586524	-2.045000945124103e-10	2
6283185.307179586	1956.2062062062062	7	0.5014076329775476	-1.5441597330180843e-09	1
6283185.307179586	905.7057057057058	4	-0.7562964518669241	-9.643141049696004e-10	1
6283185.307179586	1921.4214214214214	8	-0.8808163104227045	-1.5304374136431853e-09	1
6283185.307179586	1399.6496496496497	6	1.4940800638342133	3.5703460628966277e-10	1
6283185.307179586	1086.5865865865867	9	0.5544323691633548	-1.05005499333415e-09	1
6283185.307179586	1963.1631631631633	7	1.013157902021383	-1.4640112503348402e-09	1
6283185.307179586	1406.6066066066066	8	0.779939654084651	-1.233494655146798e-09	1
6283185.307179586	1135.2852852852852	9	-0.9952066833483548	1.4691216847629407e-09	1
6283185.307179586	1608.3583583583584	4	1.3720614643076363	1.7723585121784211e-09	1
6283185.307179586	2178.828828828829	3	0.5175272619971962	-1.3771094065941007e-09	1
6283185.307179586	2088.388388388388	7	-0.24964592568134636	5.24063468549056e-10	1
6283185.307179586	1726.6266266266266	3	-1.1659099455427282	-8.415629558807335e-10	2
6283185.307179586	2888.4384384384384	3	-0.35873877893433015	-1.1258582320898324e-09	1
6283185.307179586	2011.8618618618618	8	0.26049761169606267	-8.460407221358271e-10	1
6283185.307179586	1441.3913913913914	5	1.358014861866435	-1.1906122631371408e-09	1
6283185.307179586	1830.980980980981	7	-0.594205305187888	8.697579122969884e-10	1
6283185.307179586	2039.6896896896897	3	1.255266118546611	-1.1401229601866932e-09	1
6283185.307179586	2324.924924924925	1	-0.7770258003162388	-1.2241361629208522e-09	1
6283185.307179586	2331.881881881882	2	1.2442191752068856	1.0055624232422684e-09	1
6283185.307179586	780.4804804804805	3	-0.5529601394505279	8.941651088635369e-10	1
6283185.307179586	2053.603603603604	6	-0.7508476409016773	-2.614047220343712e-10	1
6283185.307179586	1044.8448448448448	7	-1.511401989985752	1.6474270704861026e-09	1
6283185.307179586	1691.8418418418419	9	-1.112468010200438	7.828758714042463e-10	1
6283185.307179586	3138.888888888889	1	-1.1276178803571733	1.0479627235621796e-09	1
6283185.307179586	717.8678678678679	4	-1.3703712340954628	4.863573898631596e-10	2
6283185.307179586	1350.950950950951	10	0.3231270994466713	6.823776584806659e-10	2
6283185.307179586	1288.3383383383384	3	0.9837121200561398	-3.796105634786021e-10	2
6283185.307179586	1295.2952952952953	6	1.3033097660241757	3.59914183764888e-10	2
6283185.307179586	898.7487487487488	10	0.38070682684347257	5.190205234896678e-10	2
6283185.307179586	2415.3653653653655	9	0.7034915369101773	4.4152849192014585e-10	2
6283185.307179586	2512.762762762763	2	1.3952100011905695	5.033528578525211e-10	2
6283185.307179586	1058.7587587587586	6	-0.06994421113865767	-6.598683942858182e-10	1
6283185.307179586	2262.3123123123123	3	-0.2912500993137128	-1.6752953948209566e-09	1
6283185.307179586	620.4704704704704	10	0.6580174788105926	-1.492204884819417e-09	1
6283185.307179586	1622.2722722722724	7	1.1609049792313688	6.956472752063867e-10	2
6283185.307179586	996.1461461461462	5	-0.10990152359831429	5.867949261675962e-10	1
6283185.307179586	3062.3623623623625	10	0.10484198119809651	-1.1685768327662233e-09	1
6283185.307179586	2756.256256256256	9	1.5320970293168652	2.820084102920329e-10	1
6283185.307179586	2095.3453453453453	10	0.6608177065851373	-1.8043197646334495e-09	1
6283185.307179586	2130.13013013013	6	-0.2722020500021072	-1.934174466866801e-09	1
6283185.307179586	1705.755755755756	2	0.8172765590568689	3.2253208947322505e-10	1
6283185.307179586	2151.001001001001	8	-0.16239047255535533	1.1036109764490575e-09	1
6283185.307179586	3751.101101101101	7	-0.7312443516932121	5.527832484251069e-10	1
6283185.307179586	2624.0740740740744	1	-1.2827037513549664	-1.7914558902853199e-09	1
6283185.307179586	1316.1661661661662	6	-0.44859456381018714	1.1681356662392887e-09	1
6283185.307179586	822.2222222222223	2	-1.159554417278415	-7.837424783028313e-10	2
6283185.307179586	1524.8748748748749	10	-0.05086082694754057	-1.2478859273057848e-09	1
6283185.307179586	606.5565565565565	6	-0.07739877119866834	1.4645479116465509e-09	1
6283185.307179586	2241.4414414414414	10	0.2502924362278034	-9.297352397309333e-10	1
6283185.307179586	1733.5835835835837	4	-0.48633054563745914	1.6805129416467817e-09	1
6283185.307179586	1371.821821821822	4	1.0652847397660796	-9.425101734695717e-10	1
6283185.307179586	2144.0440440440443	7	-1.0575193831068668	1.0900131786316499e-09	1
6283185.307179586	2610.16016016016	7	-1.075118239599973	-1.816174851119421e-09	1
6283185.307179586	1956.2062062062062	8	1.5156673276467885	-8.384097733274763e-10	1
6283185.307179586	1956.2062062062062	2	1.4643881111154955	1.042965798758722e-09	1
6283185.307179586	1044.8448448448448	4	0.5392245133481355	-6.21264946634331e-10	1
6283185.307179586	2053.603603603604	7	-0.01869055114371787	7.181584343949634e-11	1
6283185.307179586	1413.5635635635635	7	-0.7582017432462352	-1.5645675941331257e-09	1
6283185.307179586	2770.1701701701704	2	0.21851793634475425	-1.999934500788756e-09	1
6283185.307179586	2589.289289289289	1	0.6751763686946837	3.992808129344567e-10	1
6283185.307179586	2227.5275275275276	4	-0.5223632529299445	1.0615293573805061e-09	1
6283185.307179586	2450.1501501501502	9	-1.4271958466156702	3.8137243838310593e-10	1
6283185.307179586	474.3743743743744	5	1.482447698115398	1.5688662721134406e-09	1
6283185.307179586	843.0930930930931	9	0.5858988682334969	1.5711719586816876e-09	1
6283185.307179586	1935.3353353353355	6	1.385783194162753	1.372000869644178e-09	1
6283185.307179586	627.4274274274275	10	0.03128483110111491	1.5587894212845416e-09	1
6283185.307179586	1190.940940940941	2	1.24292544777383	1.5634972752657088e-09	1
6283185.307179586	4098.94894894895	2	-0.8329238309812295	7.53509853615248e-10	1
6283185.307179586	1197.897897897898	8	-0.007621634516199682	1.4233097119685855e-09	1
6283185.307179586	557.8578578578579	8	-0.985012756063975	1.6717717964550096e-09	1
6283185.307179586	2958.008008008008	7	-1.4000376642108598	-3.227954334964828e-10	1
6283185.307179586	1337.0370370370372	10	-1.017109719220737	-7.7270827897028e-10	1
6283185.307179586	2533.6336336336335	8	-0.6984783234107882	5.668320334667631e-10	1
6283185.307179586	1747.4974974974975	10	-0.6874684815372903	-7.508876849160337e-10	1
6283185.307179586	1538.788788788789	7	1.1404794937560663	6.240086300093534e-10	2
6283185.307179586	975.2752752752752	8	0.9846756897532365	-1.1602054134216662e-09	1
6283185.307179586	2554.5045045045044	2	-0.9571929922811153	-4.164401724086604e-10	2
6283185.307179586	912.6626626626627	2	0.9629949044225863	-4.1132708904649684e-10	1
6283185.307179586	1622.2722722722724	5	-0.561167255749214	9.900058204614795e-10	1
6283185.307179586	891.7917917917919	1	1.2668207372131577	-6.532644573900966e-10	2
6283185.307179586	2338.838838838839	3	0.9413346615047304	1.3558451709579937e-09	1
6283185.307179586	1211.8118118118118	10	0.1347013735910625	1.4985083709945726e-09	1
6283185.307179586	1065.7157157157158	7	0.6227310093103333	-1.0072284589885753e-09	1
6283185.307179586	1719.6696696696697	3	-0.6613059228121291	-1.6457131464367231e-09	1
6283185.307179586	1190.940940940941	10	0.6373691263210723	-1.7828982404189375e-09	1
6283185.307179586	1559.6596596596596	9	0.10350178471625204	1.8372010860405208e-09	1
6283185.307179586	2283.1831831831832	1	1.3060897955005082	8.72962622523534e-10	2
6283185.307179586	523.0730730730731	8	-0.1685295625449017	-1.3764566089057807e-09	1
6283185.307179586	2672.772772772773	9	0.3294316399159576	6.173721927938798e-10	1
6283185.307179586	3124.974974974975	1	1.4173207235695422	-1.172412703930729e-10	2
6283185.307179586	1747.4974974974975	4	-0.2834781302649285	1.6308241161222196e-09	1
6283185.307179586	1824.0240240240241	3	0.06869789216167654	-5.769355902390125e-10	1
6283185.307179586	502.2022022022022	8	-0.6326788954809088	1.1666544140300524e-09	1
6283185.307179586	1740.5405405405406	10	-1.1129017799072183	1.25409275990382e-09	1
6283185.307179586	1357.9079079079079	4	-0.1821112804638132	1.9192530168714013e-09	1
6283185.307179586	1267.4674674674675	2	1.3668169596012394	9.08372138837376e-10	1
6283185.307179586	1420.5205205205204	3	0.050103593151837655	1.3338919723948878e-09	1
6283185.307179586	2505.805805805806	2	-0.18778842094890402	1.975216722049234e-09	1
6283185.307179586	2317.967967967968	3	-0.42629389466311585	-6.662228306451632e-10	1
6283185.307179586	1385.7357357357357	1	0.5468514454525182	2.178682216413709e-10	1
6283185.307179586	1128.3283283283283	4	1.061415410203312	-4.679705613467361e-10	1
6283185.307179586	258.70870870870874	6	0.25422235402042737	-1.6707147865334006e-09	1
6283185.307179586	1079.6296296296296	7	-0.5155351951987492	-1.38797821833303e-09	1
6283185.307179586	2540.5905905905906	8	0.5571109799652034	1.2201910310580268e-09	1
6283185.307179586	1267.4674674674675	2	-1.3296891291436392	7.276397794977409e-10	2
6283185.307179586	2123.1731731731734	4	-0.5101906120692206	9.07717680700487e-10	1
6283185.307179586	2185.7857857857857	3	0.4527868321099362	-1.0601320709526522e-09	1
6283185.307179586	2116.2162162162163	8	-0.015541438962094034	-1.211375645281459e-09	1
6283185.307179586	2505.805805805806	10	-1.1419015099709449	1.8840707952610677e-09	1
