axial trapping frequency (MHz) 	 velocity(m/s) 	 ion collided with 	 angle(rads) 	 collision offset(m) 	 reorder? (1 is reorder 2 is ejection) 
6283185.307179586	1664.014014014014	2	0.5410401774137745	1.2393054207434474e-09	0
6283185.307179586	982.2322322322323	1	0.25352079006491324	1.2785931700025147e-09	0
6283185.307179586	996.1461461461462	2	-0.20322757988558315	-5.246677337807845e-11	2
6283185.307179586	1810.11011011011	1	-0.2764064003006952	-1.1597499051437877e-09	0
6283185.307179586	2589.289289289289	1	0.11417783188097652	1.8916886071196065e-09	0
6283185.307179586	1997.947947947948	1	-0.16722008480589623	-9.603907931662685e-11	2
6283185.307179586	1343.993993993994	2	-0.7243870132533753	1.4081554190734606e-09	0
6283185.307179586	2951.051051051051	2	1.3934564883196816	8.991688289170534e-11	2
6283185.307179586	1183.983983983984	1	-0.09812517146167132	1.0813039941320453e-10	2
6283185.307179586	3451.951951951952	1	0.5732035520421088	1.3152286682114675e-09	0
6283185.307179586	2171.871871871872	2	-0.9545412326667078	-1.3782263893036061e-09	0
6283185.307179586	1789.2392392392394	2	1.1352446864388446	-1.4586824609809092e-09	0
6283185.307179586	1622.2722722722724	1	-1.4343400795434984	-7.284203800948545e-10	1
6283185.307179586	1079.6296296296296	2	-1.5171805613029827	-3.6902003761392515e-10	2
6283185.307179586	1239.6396396396397	1	0.647158741457385	4.4300791645680777e-10	2
6283185.307179586	829.1791791791792	2	0.6991048176212589	-2.319190293060887e-10	2
6283185.307179586	2930.1801801801803	2	0.429280946513547	1.5683797800521154e-09	0
6283185.307179586	940.4904904904905	1	1.1393607844742717	5.458524976012326e-10	2
6283185.307179586	808.3083083083084	1	1.5615326842908472	-1.363400243792551e-10	2
6283185.307179586	982.2322322322323	1	-0.5221130012873743	-1.8138886952017162e-09	0
6283185.307179586	1810.11011011011	2	-0.8906209325371115	-1.322568993918119e-09	0
6283185.307179586	2985.835835835836	1	-0.607420278285257	-1.2943809500749386e-09	0
6283185.307179586	1323.1231231231232	2	0.32977426615123506	9.746172410591769e-10	0
6283185.307179586	2018.818818818819	1	-0.7991977455680134	1.5234842564638733e-09	0
6283185.307179586	210.01001001001	1	0.5687884644619303	1.6163139197755444e-09	0
6283185.307179586	1163.113113113113	1	-0.7703984892263618	6.430721163439906e-10	1
6283185.307179586	2311.011011011011	1	-0.7461480780030555	4.2731567720959504e-10	2
6283185.307179586	2714.5145145145148	1	-1.3529492344474332	9.051941146459552e-10	2
6283185.307179586	1942.2922922922924	1	1.1330964327614872	1.691355385763385e-09	0
6283185.307179586	613.5135135135135	1	-0.9174520541603265	1.917770982775649e-09	0
6283185.307179586	1003.1031031031031	1	-0.2747665628555498	-1.4782302849086868e-09	0
6283185.307179586	2728.4284284284286	1	1.506678498702775	-4.225385888765665e-10	2
6283185.307179586	2387.5375375375374	1	1.314932028167847	-8.87338446382123e-10	2
6283185.307179586	3111.061061061061	2	-0.8453478374141414	1.6743647915852644e-09	0
6283185.307179586	1935.3353353353355	2	-1.14944630037799	5.803296922336766e-10	2
6283185.307179586	1566.6166166166167	2	0.8373323792575635	4.393344106434795e-10	2
6283185.307179586	2081.4314314314315	1	1.310271998690332	4.660172676244362e-10	2
6283185.307179586	1545.7457457457458	1	-0.9965818019362868	2.979226163791606e-10	1
6283185.307179586	2116.2162162162163	2	0.3243965776384754	-1.9290824141682362e-09	0
6283185.307179586	1364.864864864865	1	0.8533490148824106	2.660425734915911e-10	2
6283185.307179586	1448.3483483483483	2	0.34109018534418745	-4.641436159414917e-10	0
6283185.307179586	2964.964964964965	1	0.34867600021445266	-1.5482319296656764e-09	0
6283185.307179586	1559.6596596596596	2	1.4319175413150074	3.1857772364007335e-10	1
6283185.307179586	1211.8118118118118	2	1.391180405593758	1.0881456661962101e-09	2
6283185.307179586	1552.7027027027027	1	1.4776870781827571	6.892867675388061e-10	2
6283185.307179586	2011.8618618618618	2	-1.0594360200877886	-1.4012843660279715e-09	0
6283185.307179586	2860.610610610611	2	-0.01631004321018792	9.205989138240181e-10	0
6283185.307179586	1949.2492492492493	1	-0.8553836425254374	1.2806037904262917e-09	0
6283185.307179586	3424.124124124124	1	0.3016854344147044	-5.338590551830787e-11	2
6283185.307179586	738.7387387387388	2	0.17637003846484967	8.992502365718844e-10	2
6283185.307179586	383.93393393393393	2	0.6945795191269544	1.1053609615692676e-09	1
6283185.307179586	1858.8088088088089	1	-1.1793369006168137	8.184334890505634e-10	2
6283185.307179586	2575.3753753753754	1	0.15588492443258928	1.5696588430922678e-09	0
6283185.307179586	877.877877877878	1	0.9711913078916252	-1.1400697282177542e-09	2
6283185.307179586	1956.2062062062062	1	1.0195264974777318	-1.8193739276872024e-09	0
6283185.307179586	655.2552552552553	2	-0.18171108781316758	-1.779083818630047e-09	0
6283185.307179586	1900.5505505505505	2	-1.1396185219083963	1.8474347711198876e-10	2
6283185.307179586	2144.0440440440443	2	0.08542251996927841	-7.51459621718515e-10	0
6283185.307179586	620.4704704704704	2	-1.0594481778960994	-3.0717878740620247e-10	2
6283185.307179586	1670.970970970971	1	-0.904229632032026	1.2137497486734122e-09	0
6283185.307179586	1128.3283283283283	1	-0.8769190668950994	4.648000541403536e-10	2
6283185.307179586	1789.2392392392394	2	-0.7293923532726687	2.5905453114423436e-10	2
6283185.307179586	1594.4444444444446	1	-1.35074160028489	7.949112181833775e-10	2
6283185.307179586	1601.4014014014015	1	-1.1242030408859813	-9.218985357904406e-11	2
6283185.307179586	1615.3153153153153	1	1.3999949874878173	1.0653797189903569e-09	2
6283185.307179586	2032.7327327327328	2	0.40157975382092315	-5.02849739432933e-10	0
6283185.307179586	2199.6996996997	1	-1.4351197388710506	9.249990288477833e-10	1
6283185.307179586	2693.643643643644	2	-1.0048843988446603	1.9646594795540275e-09	0
6283185.307179586	3417.1671671671675	2	0.8861521240526438	1.1333391349087274e-09	0
6283185.307179586	1517.917917917918	2	-1.2595758766032006	1.0859213649999046e-09	1
6283185.307179586	3799.7997997998	2	-0.3953514058315366	-1.3764483686260705e-09	0
6283185.307179586	293.4934934934935	2	1.509537295259844	1.912301000754987e-09	2
6283185.307179586	634.3843843843844	2	-0.44001025516879433	-2.2400056939936214e-10	2
6283185.307179586	1719.6696696696697	1	-0.773860743126323	1.8327166781738197e-09	0
6283185.307179586	1580.5305305305305	1	0.40719646877273186	6.715522623029626e-10	0
6283185.307179586	2735.3853853853852	1	-0.023162898810927368	9.279790098297888e-10	0
6283185.307179586	947.4474474474474	1	-0.04015814247618765	-1.9688735262050015e-09	0
6283185.307179586	3396.2962962962965	2	1.2058900344223211	8.111714071093599e-10	2
6283185.307179586	2018.818818818819	1	1.4334719376859573	-2.048188758251573e-10	1
6283185.307179586	1469.2192192192192	2	0.14627773954659729	-1.8664054135312373e-09	0
6283185.307179586	1872.7227227227227	2	-0.8173720433612723	-4.691774653611868e-10	1
6283185.307179586	3013.6636636636636	2	-1.4834359939607695	1.2004901404831629e-09	2
6283185.307179586	1295.2952952952953	2	-0.31394353837925126	1.4380137179924985e-09	0
6283185.307179586	2714.5145145145148	2	-0.42099209661171066	-1.6127973253446424e-09	0
6283185.307179586	1914.4644644644645	2	-1.225751039397158	4.3677768779410996e-10	2
6283185.307179586	2088.388388388388	2	0.4043244847464078	1.230747131080197e-09	0
6283185.307179586	592.6426426426426	2	0.5212359320611508	4.407976306157528e-10	1
6283185.307179586	3375.4254254254256	1	-0.7108053623927447	9.408052568224417e-10	0
6283185.307179586	3055.4054054054054	1	-0.9491524189987094	1.1829775223669414e-09	0
6283185.307179586	1664.014014014014	1	0.7642506252940864	3.6292334009804263e-10	2
6283185.307179586	1170.0700700700702	2	-1.289123620441225	1.8497370249445058e-09	2
6283185.307179586	1733.5835835835837	1	0.42033951090301724	-1.8828266221854025e-09	0
6283185.307179586	2137.087087087087	2	-0.7436084228310681	5.669895627839392e-10	1
6283185.307179586	2596.2462462462463	2	0.5344451259226966	-8.237175425114067e-10	0
6283185.307179586	2422.322322322322	2	0.5677183122902418	-1.9111232056084815e-09	0
6283185.307179586	801.3513513513514	2	-0.38097506343947773	-1.036798449255607e-09	0
6283185.307179586	829.1791791791792	1	-0.8169154790613163	-2.478786270499694e-10	1
6283185.307179586	1114.4144144144145	2	1.0734975442053396	-9.782565000310162e-10	2
6283185.307179586	2582.3323323323325	1	-1.3334845637821389	1.772901790544249e-11	1
6283185.307179586	1691.8418418418419	1	0.8976558875235301	1.1606075393429717e-09	0
6283185.307179586	1469.2192192192192	1	1.3287430038269572	-7.934998188489267e-10	2
6283185.307179586	947.4474474474474	1	-0.08381586856192769	1.7881279970422874e-09	0
6283185.307179586	1636.1861861861862	2	-0.5719837809705283	1.7729928879173535e-10	2
6283185.307179586	1907.5075075075076	2	-1.4133393749131677	1.1052166362733424e-09	2
6283185.307179586	1726.6266266266266	2	-0.392475312806257	-1.6084645331929039e-09	0
6283185.307179586	1830.980980980981	1	0.600653349677883	-1.4395467902917659e-09	0
6283185.307179586	1935.3353353353355	2	-1.4657136758713079	7.801068004407776e-10	2
6283185.307179586	2088.388388388388	2	-1.224892023564521	3.3648165569797634e-10	2
6283185.307179586	1810.11011011011	2	1.4089981321189393	-1.584516011522657e-09	2
6283185.307179586	1545.7457457457458	2	1.085345678747459	7.955505670244833e-10	2
6283185.307179586	2512.762762762763	2	0.31434939515731486	-3.7000817380144433e-10	1
6283185.307179586	613.5135135135135	2	0.818258822963895	-1.0721204285730678e-09	0
6283185.307179586	1524.8748748748749	2	0.5020805719401169	-1.3144439037705542e-09	0
6283185.307179586	2255.3553553553556	1	-0.6453030912949451	6.740739677046413e-10	0
6283185.307179586	857.007007007007	2	-1.0246342445886745	3.155631084303074e-10	2
6283185.307179586	1135.2852852852852	1	-0.06972987809833775	-2.372973392333191e-10	2
6283185.307179586	905.7057057057058	1	-1.364336740306971	9.146024193605569e-10	2
6283185.307179586	3931.9819819819822	2	-0.04492904081313087	1.234962189292871e-09	0
6283185.307179586	1350.950950950951	2	-1.5231952221209404	-9.098834456198146e-10	2
6283185.307179586	2610.16016016016	1	0.6085542783799922	4.76041832986089e-10	0
6283185.307179586	2436.2362362362364	1	0.24281043221946796	9.454591534688877e-10	0
6283185.307179586	1190.940940940941	1	1.4817816016011873	-6.296528208035621e-10	2
6283185.307179586	1559.6596596596596	2	0.3342590969918595	-5.527140519247383e-10	0
6283185.307179586	2157.957957957958	2	0.0175169376445774	-1.879758337505273e-09	0
6283185.307179586	2081.4314314314315	1	-1.180120614191747	-1.893570347113638e-09	0
6283185.307179586	2818.868868868869	1	-0.3221762860406119	-1.6108525445290598e-09	0
6283185.307179586	2004.904904904905	2	0.7745573226798173	1.5595240790104533e-09	0
6283185.307179586	2102.3023023023025	1	-0.5651088990360424	-1.1423015821489138e-09	0
6283185.307179586	884.8348348348349	1	1.379323395393517	-8.421481145208505e-10	2
6283185.307179586	1371.821821821822	1	0.2139543932576886	-1.3651857454977951e-09	0
6283185.307179586	1246.5965965965966	2	-0.8250366655259809	7.033689828996211e-10	1
6283185.307179586	2505.805805805806	2	1.1644869918576872	2.934348588728366e-10	2
6283185.307179586	1657.0570570570571	1	-0.2263248431749969	-1.4077809005589242e-09	0
6283185.307179586	2095.3453453453453	1	-0.5868782913438426	-1.7816666390609313e-09	0
6283185.307179586	1893.5935935935936	2	1.1335006380647243	-1.5087077606067583e-09	0
6283185.307179586	1844.8948948948948	1	0.20160754336725106	1.688576162064612e-09	0
6283185.307179586	1858.8088088088089	1	0.7580812969741566	1.715508466124052e-10	2
6283185.307179586	1824.0240240240241	2	0.8622053799427651	1.5203404915817865e-09	0
6283185.307179586	1260.5105105105106	1	0.4920066273141095	-6.41282145702118e-10	2
6283185.307179586	1643.143143143143	1	-0.7189051547945181	9.344868470454655e-10	0
6283185.307179586	2999.7497497497498	2	0.48769132388780445	1.6521465506619518e-09	0
6283185.307179586	1629.2292292292293	1	-0.8628732324081895	2.8571144864938806e-10	2
6283185.307179586	2338.838838838839	2	0.3546620509680307	-1.8571904693928098e-09	0
6283185.307179586	502.2022022022022	2	-0.4853416263514847	1.4839477557538226e-09	0
6283185.307179586	2916.2662662662665	1	-0.2514603073228059	-1.3008969926928033e-09	0
6283185.307179586	2276.226226226226	1	-0.16592069108590568	-1.1364211278235238e-09	0
6283185.307179586	1942.2922922922924	1	-1.3926602615808248	1.725694297930537e-09	1
6283185.307179586	2185.7857857857857	2	1.0647907279130422	-1.933327407750204e-09	0
6283185.307179586	2317.967967967968	2	0.6888173467373306	1.219085908834333e-09	0
6283185.307179586	1942.2922922922924	2	0.1621408210449029	4.983540419259861e-10	0
6283185.307179586	1427.4774774774776	2	-0.510021724265967	1.6128722873171328e-09	0
6283185.307179586	1163.113113113113	1	0.9559125625729923	3.1577303031519437e-10	2
6283185.307179586	898.7487487487488	1	0.0788736067145901	-1.8406297662702628e-09	0
6283185.307179586	2081.4314314314315	2	-0.09747500884726334	1.6718485174916941e-09	0
6283185.307179586	3827.6276276276276	2	-0.6808269980349001	-1.2609271705831345e-09	0
6283185.307179586	1086.5865865865867	2	1.5409624608021293	8.005502359642932e-10	2
6283185.307179586	2178.828828828829	1	-0.2974611424670579	2.5565980063927647e-11	2
6283185.307179586	1747.4974974974975	1	1.450453569251907	6.10404876982932e-10	2
6283185.307179586	1837.937937937938	1	-1.1227933655861575	-1.8247316967297176e-09	0
6283185.307179586	2074.474474474475	2	-1.2014421745710324	4.315341010202079e-10	2
6283185.307179586	1573.5735735735736	1	0.020820958293124026	-1.7327460689407804e-09	0
6283185.307179586	1190.940940940941	1	-1.1695782974943023	1.7576202022033693e-09	0
6283185.307179586	1170.0700700700702	2	-0.09631200418312602	1.7064710053663943e-09	0
6283185.307179586	641.3413413413414	2	-0.009909394435708041	-3.759160032650976e-10	0
6283185.307179586	1490.0900900900901	2	1.0909553072424116	1.4643265842206056e-09	0
6283185.307179586	481.33133133133134	1	-1.2645060307172342	-1.794945708281572e-09	1
6283185.307179586	1225.7257257257259	2	-0.4984846445073876	8.006708851800164e-10	0
6283185.307179586	1914.4644644644645	2	0.17095513570242749	-6.820084766644952e-10	0
6283185.307179586	1232.6826826826828	2	-1.0360387662948236	-1.4652954779828945e-09	0
6283185.307179586	1044.8448448448448	1	-1.1651716887002794	-1.226937540879597e-09	2
6283185.307179586	1650.1001001001002	2	1.0251703282263223	8.183413523324904e-10	2
6283185.307179586	2053.603603603604	2	0.0489385166733034	-1.6060947120414336e-09	0
6283185.307179586	1538.788788788789	2	-0.9060550176380551	8.860254456734164e-10	0
6283185.307179586	1865.7657657657658	1	1.441972681824176	4.760769372170582e-10	1
6283185.307179586	1740.5405405405406	1	0.808121501661017	-4.817317068236324e-10	2
6283185.307179586	3104.1041041041044	1	-1.5277685129048548	-1.8938290982769683e-09	2
6283185.307179586	1935.3353353353355	1	-1.309220206616422	-6.728762908823973e-10	2
6283185.307179586	1434.4344344344345	2	0.8855709139027934	-6.826653046047207e-10	1
6283185.307179586	655.2552552552553	1	1.482149304303352	1.236706381372547e-09	2
6283185.307179586	1977.077077077077	1	0.8047608744964996	-1.991635948819166e-10	2
6283185.307179586	3083.2332332332335	1	1.126547299782601	2.483239311791999e-10	1
6283185.307179586	4857.257257257257	1	-1.4819562421691626	4.714109565498787e-10	2
6283185.307179586	2408.4084084084084	1	-0.8225718008129417	-9.69237981933886e-10	0
6283185.307179586	1622.2722722722724	2	0.6110941470881639	-4.894905448433142e-11	1
6283185.307179586	1921.4214214214214	1	1.3101258244446292	-1.8090566521502454e-10	2
6283185.307179586	2665.8158158158158	1	1.3522916647525753	4.798646549912304e-10	2
6283185.307179586	2269.2692692692694	2	1.2376657027224263	7.487374042340712e-10	2
6283185.307179586	2088.388388388388	2	-0.07597980577168828	-3.296708968544522e-10	2
6283185.307179586	1190.940940940941	1	0.6838774134690686	-1.9953402097257265e-11	2
6283185.307179586	2443.193193193193	1	-0.011585486906408038	1.391810174571855e-10	0
6283185.307179586	1879.6796796796798	1	-0.6206590118909538	-8.016510759184473e-10	0
6283185.307179586	2589.289289289289	2	1.3773872591216394	1.7060034463424774e-09	2
6283185.307179586	1851.851851851852	1	0.882809145869559	1.4045465635251564e-09	0
6283185.307179586	1051.801801801802	1	-1.518709368153591	6.877141636881029e-10	1
6283185.307179586	2457.1071071071074	2	-0.354514534602824	5.936653640845419e-10	0
6283185.307179586	2283.1831831831832	2	-1.316968524922956	1.1863048037185584e-10	2
6283185.307179586	1469.2192192192192	2	-1.3943749102150595	1.785910900388877e-09	2
6283185.307179586	724.8248248248249	2	0.26255661648416595	1.1913500615221466e-10	2
6283185.307179586	516.1161161161161	1	-0.9546683826098098	1.5602632092659233e-09	0
6283185.307179586	1650.1001001001002	1	-0.3570745333061338	-1.7331349643983157e-09	0
6283185.307179586	2130.13013013013	2	-0.4599179960112434	2.146142686688159e-10	1
6283185.307179586	1865.7657657657658	2	-1.3248265170964533	-1.3127803044553947e-09	1
6283185.307179586	1810.11011011011	2	0.8263865587290393	-4.8724994328554163e-11	2
6283185.307179586	1399.6496496496497	2	-0.8224867172704311	1.3363096403854893e-09	0
6283185.307179586	2324.924924924925	1	1.1919604165838749	1.4796157953714288e-09	0
6283185.307179586	641.3413413413414	1	-0.15653202888266526	-5.177597558531755e-10	2
6283185.307179586	2373.6236236236236	2	-1.509748210405474	1.976446384022877e-09	2
6283185.307179586	3229.3293293293295	1	0.2662519687351079	6.985637547793165e-10	0
6283185.307179586	1872.7227227227227	1	-0.5823957273256911	1.1977111487210414e-09	0
6283185.307179586	2853.6536536536537	2	1.446778563944664	1.1652939104811288e-09	2
6283185.307179586	2457.1071071071074	1	-1.495639498431723	-5.6493775993898495e-11	2
6283185.307179586	2679.72972972973	1	0.609082618637804	-8.634709433628066e-10	0
6283185.307179586	1712.7127127127128	1	1.3154726365749276	9.171868065954345e-11	2
6283185.307179586	1629.2292292292293	1	-0.32117058839646195	-1.6857206481483674e-09	0
6283185.307179586	1253.5535535535537	1	-0.3067448183778776	1.5330658676858844e-09	0
6283185.307179586	1754.4544544544544	1	-0.13435979345470428	-1.302217171537456e-09	0
6283185.307179586	1239.6396396396397	1	-1.0927158472716223	-4.2483751744168615e-10	1
6283185.307179586	2651.901901901902	2	1.0188542325646264	1.1722771035332547e-09	0
6283185.307179586	1650.1001001001002	1	-0.8122425102991545	1.8129050483724313e-09	0
6283185.307179586	1977.077077077077	2	0.9364281634193219	1.6546102285574478e-09	0
6283185.307179586	460.46046046046047	2	-0.7806034702157598	-6.498800571585152e-11	2
6283185.307179586	2311.011011011011	2	1.1760799960851624	-1.958884339975038e-09	0
6283185.307179586	1239.6396396396397	1	0.6961338145130052	-1.7023816549534844e-09	0
6283185.307179586	2297.097097097097	2	-0.15857398837715264	-1.6519943558331622e-09	0
6283185.307179586	1761.4114114114116	2	-0.4233312414885866	-3.803978045661048e-10	2
6283185.307179586	801.3513513513514	2	-1.5366836593377264	1.196037792554812e-09	2
6283185.307179586	585.6856856856857	1	0.5346410947605245	4.702161000719776e-11	2
6283185.307179586	2624.0740740740744	1	1.0492003730763257	1.9674580178216306e-09	0
6283185.307179586	1573.5735735735736	2	-0.8765084738434201	-5.071578955037879e-10	2
6283185.307179586	2123.1731731731734	2	-1.4222634137407117	1.7165517428238864e-09	2
6283185.307179586	1517.917917917918	2	-1.3401427002776107	-1.7132277195074202e-10	2
6283185.307179586	1657.0570570570571	2	-1.4829279007946112	5.959168514798691e-11	2
6283185.307179586	1510.960960960961	1	1.1024486804316567	-1.4972471437235383e-09	0
6283185.307179586	2401.4514514514517	2	-0.006449859232004362	-7.27474093742321e-11	0
6283185.307179586	1830.980980980981	1	0.9855849985213982	1.1543915312229148e-09	0
6283185.307179586	2011.8618618618618	1	-0.22265163866638638	1.3152620149157486e-10	2
6283185.307179586	1538.788788788789	2	0.2853995187354146	5.661884563767304e-10	0
6283185.307179586	1691.8418418418419	1	-1.5190546470277304	-1.7179556040947107e-09	2
6283185.307179586	1608.3583583583584	2	0.5066371577966171	-4.0702671287996766e-10	2
6283185.307179586	1524.8748748748749	2	-0.6508565157711835	-1.670617103223482e-09	0
6283185.307179586	1128.3283283283283	2	-0.7702965901565667	8.03992937726189e-10	2
6283185.307179586	3027.577577577578	1	-0.8472075030515106	1.0470188924075143e-09	0
6283185.307179586	1552.7027027027027	1	-0.3284388538398342	2.6706691182954534e-10	2
6283185.307179586	2387.5375375375374	2	-1.5347886870532035	2.0057229777602087e-10	2
6283185.307179586	2832.7827827827828	2	0.9021636061886076	-4.679335689599373e-10	2
6283185.307179586	1225.7257257257259	1	-1.5069022036122965	-1.2624298515747332e-09	2
6283185.307179586	1072.6726726726727	1	0.62146932928241	-1.3795223075267971e-09	0
6283185.307179586	1900.5505505505505	2	-0.420117733333478	3.131018006622791e-10	2
6283185.307179586	1650.1001001001002	2	-1.3887553109300006	-5.682900836112586e-10	2
6283185.307179586	2095.3453453453453	1	0.06170510349311553	1.569656260223216e-10	2
6283185.307179586	1726.6266266266266	1	1.2663601506676554	-1.1579503336313818e-09	1
6283185.307179586	3118.018018018018	1	-0.5790732188871123	1.0622579840838938e-10	2
6283185.307179586	2324.924924924925	1	0.6446666535546641	1.2170148595813034e-10	2
6283185.307179586	1510.960960960961	2	0.7783228876746859	1.9599160602583415e-09	0
6283185.307179586	1371.821821821822	1	1.127251429470188	1.8257343096835852e-09	0
6283185.307179586	1830.980980980981	2	-1.3111901251134124	1.7664890715406565e-09	1
6283185.307179586	2686.6866866866867	1	0.135899085856799	-1.095412908622305e-09	0
6283185.307179586	1552.7027027027027	1	1.0457598743433638	8.427243393489506e-10	1
6283185.307179586	3097.1471471471473	1	-1.0012836433850045	1.041960372308936e-09	0
6283185.307179586	975.2752752752752	1	-1.0688581306023996	-8.437786499002482e-10	1
6283185.307179586	1803.1531531531532	2	-0.1210693912519194	1.852278355438067e-09	0
6283185.307179586	1594.4444444444446	1	-0.2944360334979246	-1.2452154112399044e-09	0
6283185.307179586	1636.1861861861862	2	-0.4812536360984596	-8.854519414695941e-10	0
6283185.307179586	1879.6796796796798	1	-0.0671637500944755	-1.5647628740432535e-09	0
6283185.307179586	1156.1561561561562	2	1.0482771530588626	2.768901242429526e-10	2
6283185.307179586	1629.2292292292293	2	-1.0667113398028107	1.723516497773389e-09	0
6283185.307179586	1107.4574574574574	1	-0.9102222223566045	-3.9301156444145633e-10	2
6283185.307179586	3201.5015015015015	1	1.1593011486051168	-1.3406784233075668e-09	0
6283185.307179586	2477.977977977978	1	1.2827782524852882	-1.1443990888264559e-09	2
6283185.307179586	2971.921921921922	2	-0.2541861092857072	5.400386251041024e-10	0
6283185.307179586	1664.014014014014	2	-1.3075391801510199	-1.8468588967591134e-09	0
6283185.307179586	2046.6466466466468	2	1.3129899265803004	1.388136148764261e-09	2
6283185.307179586	2658.858858858859	2	-1.3142547996147733	-4.433360367012639e-10	2
6283185.307179586	1900.5505505505505	2	0.2657964296924762	6.589113728756205e-11	2
6283185.307179586	1858.8088088088089	1	0.792200016167449	3.050311613379108e-10	2
6283185.307179586	1796.1961961961963	2	-0.8512865008739001	4.291743330987763e-10	2
6283185.307179586	1754.4544544544544	2	0.33530379847822744	1.991719389060883e-09	0
6283185.307179586	1935.3353353353355	1	-1.4260846130178355	-9.951526760887614e-10	2
6283185.307179586	2220.5705705705705	2	-0.8851394149202778	1.6890361440043544e-09	0
6283185.307179586	1309.2092092092093	2	-1.4691538265777777	8.922031403469272e-10	2
6283185.307179586	1093.5435435435436	2	-0.008728983383135436	8.091554424091959e-10	0
6283185.307179586	1650.1001001001002	1	1.36369391814637	1.63198868793903e-10	2
6283185.307179586	1796.1961961961963	2	0.040589334563959634	-9.926218280133342e-10	0
6283185.307179586	2130.13013013013	2	1.0540121762459083	1.9212793122714134e-09	0
6283185.307179586	1260.5105105105106	1	-1.1194551330518634	4.041070236655534e-10	1
6283185.307179586	3104.1041041041044	2	-1.3878821706574933	7.801285980766676e-10	2
6283185.307179586	1587.4874874874874	1	0.287631300124654	-1.596029353116106e-09	0
6283185.307179586	2359.70970970971	2	0.2720717653632152	1.2199221712651397e-09	0
6283185.307179586	342.1921921921922	2	1.0760737671188876	-1.6930137248815726e-09	0
6283185.307179586	2742.3423423423424	1	0.7710797853985394	-1.96572583328571e-09	0
6283185.307179586	2366.6666666666665	1	1.4342893431733645	3.3266306238686766e-10	2
6283185.307179586	1441.3913913913914	1	0.1021061495489719	5.994968325156837e-10	0
6283185.307179586	1587.4874874874874	1	-0.7959456832620643	-1.805257803064148e-10	1
6283185.307179586	1483.1331331331332	1	0.04511855502619211	-1.6629380854352417e-09	0
6283185.307179586	2317.967967967968	1	-0.7923659138385449	1.671459157508172e-09	0
6283185.307179586	1726.6266266266266	2	-0.704749372778193	1.422060619578648e-09	0
6283185.307179586	1170.0700700700702	1	0.8517349411592772	-9.44719152108422e-10	0
6283185.307179586	1190.940940940941	1	-0.7738299800727808	-1.330526325669437e-10	2
6283185.307179586	926.5765765765766	1	-1.4361243589167665	-7.798687233470236e-11	1
6283185.307179586	1058.7587587587586	1	1.1588988405563128	-9.154306727483085e-10	1
6283185.307179586	3368.4684684684685	2	1.3984103617039474	-1.898185746482241e-09	1
6283185.307179586	1768.3683683683685	2	-1.4338580427365015	-4.2807836078421124e-10	2
6283185.307179586	933.5335335335336	1	-0.6237135358396304	-1.8255916759971257e-09	0
6283185.307179586	3465.865865865866	1	-1.3688715599472547	1.233837762326619e-09	1
6283185.307179586	2902.352352352352	2	0.42967196378525996	-7.332215991691578e-10	0
6283185.307179586	1490.0900900900901	1	-1.0085619208855792	-1.4104443790982015e-09	0
6283185.307179586	1949.2492492492493	1	-1.2915150532563482	-1.340775465408818e-09	2
6283185.307179586	1135.2852852852852	2	-1.2891257393751527	6.782450074089954e-12	2
6283185.307179586	1399.6496496496497	2	0.024086556770810397	6.174489162329743e-10	0
6283185.307179586	1712.7127127127128	2	-0.9001992178539399	2.6089509155686273e-10	2
6283185.307179586	1330.08008008008	2	-1.1882706901482125	-9.703835510200855e-10	2
6283185.307179586	1128.3283283283283	2	0.45951140735831064	-6.105115395963111e-10	0
6283185.307179586	2380.5805805805808	2	-1.1661744637673102	-3.1593089657766744e-10	2
6283185.307179586	2297.097097097097	1	-0.9007092427469965	8.097910129088515e-10	0
6283185.307179586	3375.4254254254256	2	-1.0985014726828461	7.024425088891392e-10	1
6283185.307179586	2387.5375375375374	1	0.8973276790023883	-1.8206490623458191e-09	0
6283185.307179586	1392.6926926926926	1	-0.6513707317117184	-1.6480836245804754e-11	2
6283185.307179586	1900.5505505505505	2	-0.4884775508475243	-1.219734944283362e-09	0
6283185.307179586	2373.6236236236236	2	0.8365333988508641	-1.9724992300740464e-09	0
6283185.307179586	474.3743743743744	1	0.5442036842199434	6.372927070116263e-10	0
6283185.307179586	2199.6996996997	1	0.7760540176915107	1.1646754388570388e-09	0
6283185.307179586	1538.788788788789	2	1.2728449378348272	-5.28201824004098e-10	1
6283185.307179586	1246.5965965965966	1	-1.1021202236638765	1.3371923412173018e-09	0
6283185.307179586	2262.3123123123123	2	-0.7903653399147411	-3.996535046947023e-10	2
6283185.307179586	2443.193193193193	2	0.8555602403560485	1.3510562952314913e-09	0
6283185.307179586	1274.4244244244244	1	1.2228753696742278	-1.6257948241108351e-09	0
6283185.307179586	1691.8418418418419	2	1.010659253796426	6.881062914616267e-11	2
6283185.307179586	418.7187187187187	2	-0.759771279855934	1.6961979061352972e-09	1
6283185.307179586	2637.987987987988	1	-0.05301578751839209	1.0833943758078859e-09	0
6283185.307179586	905.7057057057058	2	0.3705062082835997	-1.0212125174554908e-09	0
6283185.307179586	592.6426426426426	1	-0.5408952018037585	-1.8935464338436837e-09	0
6283185.307179586	1316.1661661661662	1	1.5263814254148866	-1.4332191197366149e-09	2
6283185.307179586	2846.6966966966966	2	-1.082157139515048	-8.74346961658425e-10	0
6283185.307179586	1664.014014014014	1	0.33621876504304726	-9.778648592441152e-10	0
6283185.307179586	2032.7327327327328	1	0.9639774502302703	-1.886423513446067e-09	0
6283185.307179586	1872.7227227227227	1	-0.30498132136689726	4.0352653788459564e-10	1
6283185.307179586	557.8578578578579	2	1.2886218541926682	8.1079487464773e-10	1
6283185.307179586	1935.3353353353355	1	0.3205273130590982	-1.1261916014708528e-09	0
6283185.307179586	1817.0670670670672	1	0.04172286936651948	1.4686085645278743e-09	0
6283185.307179586	2512.762762762763	2	-0.9161905474163191	7.542609209581674e-10	0
6283185.307179586	1559.6596596596596	1	-0.18554710866448643	5.000819795594985e-10	0
6283185.307179586	1079.6296296296296	1	0.5464188216068542	-9.561942521017004e-10	0
6283185.307179586	3062.3623623623625	2	1.3391108214078136	1.0290755189103474e-09	2
6283185.307179586	2777.127127127127	1	1.3984497497813453	2.2393721523918512e-10	1
6283185.307179586	1664.014014014014	2	1.2752804107514333	1.127577286364784e-09	2
6283185.307179586	446.54654654654655	2	1.208210606196784	1.829837882992375e-10	1
6283185.307179586	3187.5875875875877	1	0.16320298213428108	5.687268524115638e-10	0
6283185.307179586	1441.3913913913914	2	-0.9386990789442854	-5.082381749656442e-10	2
6283185.307179586	1963.1631631631633	1	-1.527623705787156	-1.3359284865577525e-09	2
6283185.307179586	863.963963963964	2	0.42195435640550416	8.789594423567852e-10	0
6283185.307179586	1434.4344344344345	1	0.9734905716389362	1.4855701615592886e-10	2
6283185.307179586	1524.8748748748749	1	-0.47970424997289873	1.1079411013727543e-09	0
6283185.307179586	1350.950950950951	1	-0.11617354079033237	-1.4749678957051714e-09	0
6283185.307179586	1037.887887887888	2	-0.2976958547976647	-1.8635543653707036e-09	0
6283185.307179586	1705.755755755756	1	1.1731472366778615	-7.096412778384079e-11	2
6283185.307179586	488.2882882882883	1	0.45394253252039807	1.2934203054043882e-09	0
6283185.307179586	1789.2392392392394	2	0.5381206358825623	7.73712775766872e-10	0
6283185.307179586	2589.289289289289	2	0.13023217422075706	-1.0715760535022067e-10	2
6283185.307179586	2526.676676676677	2	-0.4076925541963863	-1.064001365509165e-09	0
6283185.307179586	2262.3123123123123	1	0.6059980061490271	1.9594569428911817e-09	0
6283185.307179586	2171.871871871872	2	0.39044019240888805	1.048752677840421e-09	0
6283185.307179586	2178.828828828829	2	1.381874544348101	-1.260626690124762e-09	2
6283185.307179586	2317.967967967968	1	0.4257521085662588	7.466596120388758e-10	0
6283185.307179586	1587.4874874874874	2	0.05181762420804614	1.180054748240656e-10	1
6283185.307179586	321.3213213213213	2	-0.8468878588497017	1.6270457462949013e-09	2
6283185.307179586	1768.3683683683685	1	-0.18279641752416875	1.215538385598793e-09	0
6283185.307179586	2631.031031031031	2	0.4991233948064875	-5.727689453775193e-10	0
6283185.307179586	550.900900900901	1	1.4872621990427581	-1.7644978678095367e-09	2
6283185.307179586	2185.7857857857857	1	1.1935406672779845	-7.964611402897912e-10	2
6283185.307179586	3806.7567567567567	2	0.9123055768336727	1.2299950950938373e-09	0
6283185.307179586	1302.2522522522522	2	0.13762008293260242	-1.606899170145694e-09	0
6283185.307179586	2276.226226226226	1	-1.1762269715442053	-1.5843856994710395e-09	0
6283185.307179586	1657.0570570570571	1	1.566967312367244	7.197860738565163e-11	2
6283185.307179586	2443.193193193193	2	0.08037039500476251	1.7819740145829223e-09	0
6283185.307179586	2018.818818818819	1	1.1477406327188415	1.6997308692085228e-09	0
6283185.307179586	2415.3653653653655	1	1.0451134986998531	-1.0849141808979845e-09	0
6283185.307179586	2102.3023023023025	1	-1.2438013779792718	4.205591277125467e-10	1
6283185.307179586	2679.72972972973	1	0.3718254969461212	9.76467805094682e-10	0
6283185.307179586	2109.259259259259	1	-0.5200076004665657	1.3364686603847803e-09	0
6283185.307179586	2603.2032032032034	2	-1.0095156029881283	1.4509541325142236e-09	0
6283185.307179586	2359.70970970971	1	1.0925559435596988	-9.850993843535276e-11	2
6283185.307179586	1677.927927927928	1	0.38257399440444373	1.4894766680923585e-09	0
6283185.307179586	1573.5735735735736	2	-0.8305967172114691	-1.5455287455306933e-09	0
6283185.307179586	676.1261261261261	2	0.2575345691176336	-1.456870970612096e-09	0
6283185.307179586	2603.2032032032034	1	-0.8680401699521993	-2.1322924521245218e-10	2
6283185.307179586	2220.5705705705705	1	-1.2162024144487134	-7.56823447483432e-10	1
6283185.307179586	975.2752752752752	1	0.6819039791843702	-1.762637885011165e-09	0
6283185.307179586	1274.4244244244244	1	0.5633469664529618	5.767292183459963e-10	0
6283185.307179586	634.3843843843844	1	1.2738538076557298	1.1753223938285684e-10	1
6283185.307179586	1684.884884884885	2	0.5431999421369427	1.4389803481215738e-09	0
6283185.307179586	2818.868868868869	1	-0.8498682360546065	-7.083062235848727e-11	1
6283185.307179586	2283.1831831831832	1	0.5056225092988065	-6.861605608844687e-10	0
6283185.307179586	2429.2792792792793	2	0.41677762399898066	-8.14634890098224e-10	0
6283185.307179586	1782.2822822822823	1	1.366339916930933	1.7122256624653797e-09	1
6283185.307179586	161.31131131131133	2	1.4899934752667545	-2.0579148906435222e-10	1
6283185.307179586	1337.0370370370372	1	-0.05408970182830797	1.7209963039076399e-09	0
6283185.307179586	1601.4014014014015	1	-1.2094915924157057	1.2359183386332686e-09	1
6283185.307179586	898.7487487487488	1	0.2885291181936571	-2.156728353643241e-10	2
6283185.307179586	2331.881881881882	1	0.3926883544771458	-1.8007653475540262e-09	0
6283185.307179586	1420.5205205205204	1	0.43176399361585016	-1.2549678327220255e-09	0
6283185.307179586	1218.7687687687687	2	0.9723473952070258	3.0423014192708525e-10	2
6283185.307179586	1490.0900900900901	1	-1.3781825563477608	-3.724322172446621e-10	1
6283185.307179586	919.6196196196197	2	0.4287207329710885	-8.848193277601421e-11	2
6283185.307179586	662.2122122122122	1	0.11090755506570948	-6.576351298898008e-10	1
6283185.307179586	780.4804804804805	1	-1.4778855306837735	1.7104850421771842e-09	1
6283185.307179586	2603.2032032032034	1	-0.04870992229683835	-8.416221607102315e-10	0
6283185.307179586	1225.7257257257259	1	-1.445388095337519	-3.168562805548385e-10	1
6283185.307179586	2074.474474474475	1	-1.5058539338543235	-1.0481550901248516e-09	1
6283185.307179586	1274.4244244244244	1	1.0056180509117159	-1.5974077755200661e-09	0
6283185.307179586	975.2752752752752	2	1.307633817640507	2.497474279630382e-10	2
6283185.307179586	1566.6166166166167	2	-0.7351559426616607	1.6027935674948922e-09	0
6283185.307179586	2693.643643643644	2	-0.965931575371107	1.8574411599271485e-09	0
6283185.307179586	662.2122122122122	1	0.33007708793446966	-1.4530101550475638e-09	0
6283185.307179586	1712.7127127127128	2	1.464695359896282	-1.5548171109456663e-09	2
6283185.307179586	1524.8748748748749	2	-1.5067408976625096	6.702858510150843e-12	2
6283185.307179586	1990.9909909909911	2	-1.4144282387685354	-8.417653326160259e-11	2
6283185.307179586	1872.7227227227227	2	0.6841264795576403	-2.711760563995935e-10	2
6283185.307179586	2220.5705705705705	2	1.0407559011853125	-6.9885068847312e-10	2
6283185.307179586	1636.1861861861862	1	1.1220778452146076	3.48627079184601e-10	2
6283185.307179586	1782.2822822822823	2	1.3677679781307663	6.352500170699943e-12	2
6283185.307179586	1552.7027027027027	2	0.36820437261997574	-9.88632754929006e-10	0
6283185.307179586	780.4804804804805	2	-0.00907729857560291	-4.3101571472025813e-10	0
6283185.307179586	2422.322322322322	1	0.7795629980533643	-1.5901576860797984e-09	0
6283185.307179586	2547.5475475475478	2	-0.06616700208006288	1.7946336227106523e-09	0
6283185.307179586	1538.788788788789	2	-0.5660559245805936	2.98838940742115e-10	2
6283185.307179586	759.6096096096096	2	1.3287892549661398	-1.2836360806782255e-09	2
6283185.307179586	2290.1401401401404	2	-0.7655484785310732	8.147216243340972e-10	0
6283185.307179586	2408.4084084084084	1	1.4645597808404172	-1.2750529949631223e-09	2
6283185.307179586	940.4904904904905	2	0.3890707045894368	-1.2314046744116318e-09	0
6283185.307179586	710.910910910911	2	-0.7101074247229797	6.733795405138177e-10	2
6283185.307179586	2011.8618618618618	2	0.936862333994319	4.75963495915318e-10	2
6283185.307179586	2714.5145145145148	1	1.0285174296109623	6.905482235070363e-11	2
6283185.307179586	2144.0440440440443	2	-1.184824954071894	-3.51373002443137e-10	2
6283185.307179586	1650.1001001001002	1	0.38363495088698407	7.73605575719138e-10	0
6283185.307179586	996.1461461461462	1	1.534278263891104	-1.8307242538425395e-09	2
6283185.307179586	2241.4414414414414	2	-1.5531277186891141	-1.2592798130942999e-09	2
6283185.307179586	1837.937937937938	1	0.9668515984466413	-1.1898608266710605e-09	0
6283185.307179586	2213.613613613614	2	-0.5941535745510075	-1.7145733117052982e-09	0
6283185.307179586	1051.801801801802	1	0.0034531630743421804	-1.7908199689548737e-09	0
6283185.307179586	1469.2192192192192	1	-0.05661113055134126	-1.089961072425104e-09	0
6283185.307179586	516.1161161161161	1	-1.507159218768463	-5.546942599684514e-10	2
6283185.307179586	1817.0670670670672	1	-0.5373257984900337	1.3237146992849313e-09	0
6283185.307179586	2519.7197197197197	2	0.24660083448876446	-1.1011012557651596e-09	0
6283185.307179586	1705.755755755756	1	1.4191321519034528	-3.9351295983114966e-10	2
6283185.307179586	3674.574574574575	1	-0.7367034498002377	6.335240002167053e-10	0
6283185.307179586	3124.974974974975	1	0.0075251472292390265	3.519402623096461e-10	0
6283185.307179586	3695.4454454454453	1	-1.4947717463613008	4.819124064502254e-10	1
6283185.307179586	1510.960960960961	1	1.163573698156271	1.8570122067787756e-09	0
6283185.307179586	1371.821821821822	2	-1.105359382110937	2.4458317738750565e-10	2
6283185.307179586	3055.4054054054054	1	-0.6126554386702024	-7.940860142646247e-10	0
6283185.307179586	1135.2852852852852	1	-1.0489156567043367	-7.506068941418358e-11	2
6283185.307179586	1448.3483483483483	1	0.20756663713418355	1.914082478520204e-09	0
6283185.307179586	2770.1701701701704	1	-1.4347635657629305	-1.830834611769912e-09	2
6283185.307179586	2763.2132132132133	1	0.32147243759269695	1.428189987917452e-09	0
6283185.307179586	2116.2162162162163	2	1.2007968882223192	3.8666294531812144e-10	2
6283185.307179586	905.7057057057058	2	-1.3219075964242297	4.98319971116763e-10	2
6283185.307179586	2116.2162162162163	2	0.6600796793865866	3.409097793554998e-11	1
6283185.307179586	1149.1991991991993	1	-1.3923167456154972	-1.7790591617054655e-10	2
6283185.307179586	1712.7127127127128	1	-1.0806889527031815	1.3215222421661948e-09	0
6283185.307179586	2311.011011011011	2	-0.838684760182547	-2.6602839690807876e-10	2
6283185.307179586	2637.987987987988	2	-1.2382712861118828	5.31873330536989e-10	2
6283185.307179586	829.1791791791792	1	-1.1224775322796914	2.872609462254764e-10	2
6283185.307179586	1330.08008008008	2	-1.5202025037836335	-8.725688185029163e-10	2
6283185.307179586	2151.001001001001	1	0.40650581720867507	4.474426417671924e-10	0
6283185.307179586	947.4474474474474	1	0.13670327375415292	9.986928350450887e-10	0
6283185.307179586	2387.5375375375374	1	-0.9669859174065035	-1.2619375296715835e-09	0
6283185.307179586	808.3083083083084	2	0.9606491673771687	1.6376792240342818e-09	0
6283185.307179586	1420.5205205205204	2	0.77303439830126	2.7698388109571645e-11	2
6283185.307179586	1796.1961961961963	1	-0.4379364550493752	-1.1429269483273636e-10	1
6283185.307179586	2185.7857857857857	2	0.38537868207679216	1.6671450053462863e-09	0
6283185.307179586	1337.0370370370372	2	1.13612366682831	1.2418916032150863e-09	1
6283185.307179586	1343.993993993994	2	1.0705332001385592	1.4526067533051476e-09	0
6283185.307179586	1879.6796796796798	2	-0.42250112134832296	-3.975832970063035e-10	1
6283185.307179586	794.3943943943945	2	-0.25200038028944927	1.0385881580850164e-09	0
6283185.307179586	2512.762762762763	2	-0.6128383742446468	1.94219061042561e-09	0
6283185.307179586	1385.7357357357357	1	0.3123452587442834	4.4016558735925127e-10	1
6283185.307179586	3535.4354354354355	2	0.14037703407771218	-1.0142029959946633e-09	0
6283185.307179586	2784.084084084084	2	0.15769341990638686	1.0537172000084462e-09	0
6283185.307179586	627.4274274274275	2	-0.3981690927089414	-2.7167158829712133e-10	2
6283185.307179586	2102.3023023023025	2	1.5417842176973706	7.853335158468628e-10	2
6283185.307179586	1545.7457457457458	1	-1.0541319148566135	1.5732203135783904e-09	0
6283185.307179586	1935.3353353353355	1	0.9196695017715752	8.589054113453678e-10	0
6283185.307179586	1448.3483483483483	1	-0.04073669583042583	6.059893802968727e-10	0
6283185.307179586	3625.875875875876	2	0.6004752587076143	-1.0853163658373896e-09	0
6283185.307179586	1643.143143143143	1	0.7024431193944478	1.446145257366125e-09	0
6283185.307179586	1455.3053053053054	1	-0.27168846361386545	-9.381346165688063e-11	1
6283185.307179586	2498.848848848849	2	-0.9076630756666157	-1.902590963209832e-09	0
6283185.307179586	2095.3453453453453	1	-0.39012274963896476	-2.4281711455995673e-11	2
6283185.307179586	1817.0670670670672	2	1.5646175470553843	1.7972173343618003e-09	1
6283185.307179586	2144.0440440440443	2	-0.6171726209279608	6.682852527414268e-10	0
6283185.307179586	1497.047047047047	1	-0.5657434904017795	2.9123913908768825e-10	2
6283185.307179586	1030.930930930931	2	-0.42456217569537036	-1.0808010750317139e-09	0
6283185.307179586	2491.891891891892	1	1.2375641141972191	-4.077127792491084e-10	2
6283185.307179586	2255.3553553553556	2	-1.2092444318410318	1.6950031979973629e-09	0
6283185.307179586	2686.6866866866867	1	-0.7418790605250283	-2.9535159947037705e-10	2
6283185.307179586	2269.2692692692694	1	-0.947467784353807	2.7198465480827223e-10	2
6283185.307179586	1337.0370370370372	2	-0.5052213374832701	2.0289244364290716e-10	2
6283185.307179586	2123.1731731731734	2	0.7402677481846167	9.39699228814594e-10	0
6283185.307179586	1990.9909909909911	2	-0.9402765486901772	-6.922510365120145e-10	0
6283185.307179586	2109.259259259259	2	1.4824505944347854	-1.8892209813627755e-10	2
6283185.307179586	2867.5675675675675	2	-0.6844613900283266	1.3137806711938974e-10	2
6283185.307179586	474.3743743743744	2	-1.4104589420012912	1.882846163205809e-09	2
6283185.307179586	1170.0700700700702	2	0.7443023335852139	1.612271128398504e-09	0
6283185.307179586	1378.7787787787788	1	0.20080597163524794	1.889671965504099e-10	2
6283185.307179586	2610.16016016016	2	1.1683262135418397	1.517679306699703e-09	0
6283185.307179586	2818.868868868869	2	1.4144161856812971	1.481163876253526e-09	2
6283185.307179586	926.5765765765766	2	-0.15015411635432896	-1.8819593039040586e-09	0
6283185.307179586	2693.643643643644	2	1.423789672911465	8.183697375748305e-10	2
6283185.307179586	1545.7457457457458	1	0.5606703101241028	-6.804993053763405e-10	0
6283185.307179586	2978.878878878879	2	1.5644629230686231	5.483905375190698e-10	2
6283185.307179586	1455.3053053053054	2	-0.3750206125664326	-1.8156016517388767e-09	0
6283185.307179586	2512.762762762763	2	-0.28700066978109673	-8.989905698880004e-10	0
6283185.307179586	1350.950950950951	1	-0.22675528020285918	8.231259436229327e-10	0
6283185.307179586	1364.864864864865	2	-0.04474046802289222	-7.88312182717775e-10	0
6283185.307179586	2533.6336336336335	1	-0.4116360233485423	1.5511475486174512e-10	2
6283185.307179586	620.4704704704704	1	1.4743639499593781	1.975053464994933e-09	2
6283185.307179586	2018.818818818819	2	0.2690022484499772	1.9122693412110516e-09	0
6283185.307179586	2067.5175175175173	2	-0.39610372217299794	-3.584494220120482e-10	2
6283185.307179586	2345.795795795796	2	-0.44624169046848317	-1.0303546214822191e-09	0
6283185.307179586	2234.4844844844847	1	-1.5545711306125833	-8.805056432702316e-10	1
6283185.307179586	1670.970970970971	1	0.24567844393401161	9.427808827638368e-10	0
6283185.307179586	2311.011011011011	2	1.4121664527699829	-1.7245372914017502e-09	2
6283185.307179586	2067.5175175175173	2	-1.4796320895183581	-8.80387295917847e-10	2
6283185.307179586	1086.5865865865867	2	0.010751911303102712	-1.8687656434968216e-09	0
6283185.307179586	3124.974974974975	1	-1.1633034836520566	1.0010263868404253e-09	0
6283185.307179586	1427.4774774774776	2	-0.23316447881133806	-1.357539648639099e-09	0
6283185.307179586	3333.6836836836837	1	-0.691035176838456	-1.3689700491392403e-09	0
6283185.307179586	1330.08008008008	2	0.8605010196900067	-1.8112291738860403e-09	0
6283185.307179586	1636.1861861861862	1	-1.2739868220988786	5.034039623406535e-10	1
6283185.307179586	2902.352352352352	2	-1.484112362084453	-3.1283245213296503e-10	2
6283185.307179586	2011.8618618618618	2	0.2666057384802498	-1.6232299826294648e-09	0
6283185.307179586	1462.2622622622623	1	0.031303996370458886	-1.364708163012399e-09	0
6283185.307179586	1023.973973973974	1	-0.3797939413216753	9.70449199163468e-10	0
6283185.307179586	1232.6826826826828	2	-0.2733603514515479	-1.3683354458214639e-09	0
6283185.307179586	2039.6896896896897	2	-1.4253057343043685	-7.851101727128351e-10	2
6283185.307179586	745.6956956956957	2	0.4211379920871212	-1.0993562796522704e-09	0
6283185.307179586	1156.1561561561562	1	0.26094768315523154	1.2517031732365087e-09	0
6283185.307179586	1350.950950950951	2	0.7971086931909759	-1.5484796699874186e-09	0
6283185.307179586	1350.950950950951	2	-0.9680932654764558	7.285090290862914e-10	2
6283185.307179586	1232.6826826826828	1	-1.3562911762106147	1.2829167420909868e-09	2
6283185.307179586	2512.762762762763	2	-1.475348445397148	5.182417029537439e-10	2
6283185.307179586	1990.9909909909911	2	-1.1425148213427863	2.017021469934794e-10	2
6283185.307179586	1879.6796796796798	1	0.11544565780216964	-8.489681757576793e-10	0
6283185.307179586	1490.0900900900901	1	-1.4076752642453805	1.9582365719853616e-10	2
6283185.307179586	1712.7127127127128	2	0.1836449305423602	-3.98695917856783e-10	1
6283185.307179586	1135.2852852852852	2	-0.6512772734122935	8.030296055018803e-10	0
6283185.307179586	2707.5575575575576	1	0.4321433067756191	-2.825091540871356e-10	1
6283185.307179586	1733.5835835835837	1	0.4431042041443387	1.102777279143192e-09	0
6283185.307179586	2074.474474474475	2	-0.009666002530619222	1.0024143109849273e-09	0
6283185.307179586	1170.0700700700702	1	0.16592984180412484	-9.602232678406187e-10	0
6283185.307179586	1135.2852852852852	1	-1.3637069874242476	1.6539246044840037e-09	2
6283185.307179586	2408.4084084084084	1	-1.1286683294692064	1.771664256734722e-09	0
6283185.307179586	1504.004004004004	2	0.08510568774426841	1.600795014360074e-09	0
6283185.307179586	1789.2392392392394	2	1.0951668732831745	-2.6345501961144885e-10	2
6283185.307179586	1858.8088088088089	1	-1.0921014326968368	1.772469039452091e-09	0
6283185.307179586	1448.3483483483483	1	-0.6405526120238878	1.1492039032877742e-09	0
6283185.307179586	2777.127127127127	1	-1.3595121278699134	-2.6648609294579916e-10	1
6283185.307179586	2324.924924924925	2	-0.16569193015653605	-1.250388536620267e-09	0
6283185.307179586	1218.7687687687687	2	0.41731707259837525	8.146302191271787e-10	0
6283185.307179586	2102.3023023023025	1	1.3441577870533106	-1.515996689057639e-09	1
6283185.307179586	1183.983983983984	2	0.48312147489262935	-5.393194062247932e-10	0
6283185.307179586	2777.127127127127	1	0.40802807879607284	1.138111399732024e-10	2
6283185.307179586	1455.3053053053054	2	0.5520814674726457	-9.543531988826964e-10	0
6283185.307179586	411.76176176176176	1	1.1293092120705714	-3.460260568554575e-10	2
6283185.307179586	1295.2952952952953	1	0.11389058635969063	1.7211422548736386e-09	0
6283185.307179586	1343.993993993994	2	-1.0991914962737543	3.5763521844842695e-10	2
6283185.307179586	773.5235235235235	2	1.1430629189401107	-7.853397273261781e-10	2
6283185.307179586	1420.5205205205204	1	-0.47315696509227756	6.025605507979466e-12	2
6283185.307179586	968.3183183183183	2	-0.960899220514231	1.8530863223996663e-09	0
6283185.307179586	2185.7857857857857	1	0.5610207120851656	-1.3431548023578621e-09	0
6283185.307179586	460.46046046046047	1	0.6536252038160502	-1.8518565753076862e-09	0
6283185.307179586	2756.256256256256	1	-0.7389890777534136	1.8118611255472663e-09	0
6283185.307179586	1309.2092092092093	2	0.6469569415781709	1.876486660725398e-09	0
6283185.307179586	4119.81981981982	2	0.4842960182000775	1.160763226748912e-11	1
6283185.307179586	1977.077077077077	2	1.116643013141406	-5.371815332527025e-10	2
6283185.307179586	2234.4844844844847	2	1.1006777795389873	-2.0753703359231584e-10	1
6283185.307179586	2164.914914914915	1	0.043311291311867395	-2.6258717041669805e-10	1
6283185.307179586	2081.4314314314315	2	0.6283175236280742	1.0494953461236806e-09	0
6283185.307179586	2171.871871871872	2	-0.9370702845111122	1.348717714937847e-09	0
6283185.307179586	989.1891891891892	2	1.4415603058052842	-1.5084120959530565e-09	2
6283185.307179586	1740.5405405405406	2	-0.4171570543818639	1.6805199903894297e-10	2
6283185.307179586	1114.4144144144145	2	-0.14478878136379714	-2.663047412045615e-10	2
6283185.307179586	2213.613613613614	2	0.8153630415395536	1.7637946683286089e-09	0
6283185.307179586	3083.2332332332335	2	0.6940880164308667	3.671202288370472e-10	2
6283185.307179586	1984.034034034034	1	-1.1316713198523791	7.550922362876107e-10	2
6283185.307179586	2352.7527527527527	1	0.5991373072477777	-1.267315411746897e-09	0
6283185.307179586	759.6096096096096	2	0.08317607215933553	1.4443184412649692e-09	0
6283185.307179586	1733.5835835835837	1	0.8640720590702773	-9.78211347646849e-10	0
6283185.307179586	1733.5835835835837	2	1.1919653610596863	-2.844729635446562e-10	2
6283185.307179586	1824.0240240240241	2	-1.379699557961497	-3.903356235818172e-10	1
6283185.307179586	863.963963963964	1	0.9781604025003641	-7.650131542285355e-11	2
6283185.307179586	1260.5105105105106	2	-0.4170417719972228	9.926790211235686e-10	0
6283185.307179586	1337.0370370370372	1	0.9774675463287532	-1.0206407542023217e-10	2
6283185.307179586	690.04004004004	1	1.0387561510661283	-1.2357097567293207e-09	2
6283185.307179586	1559.6596596596596	2	-0.9124010739527008	1.9472882801407233e-09	0
6283185.307179586	1163.113113113113	1	-0.6016037636644905	5.728618041025774e-10	0
6283185.307179586	1601.4014014014015	1	1.4333548198752815	1.9556660081434352e-09	2
6283185.307179586	1566.6166166166167	1	0.16816934595174127	-4.96125292138224e-10	1
6283185.307179586	1601.4014014014015	2	-0.869216638982083	2.392184124062081e-10	2
6283185.307179586	1566.6166166166167	2	-1.3576946992037788	-3.0280860317624253e-10	2
6283185.307179586	2575.3753753753754	2	1.2424723895629692	-1.7373707639953012e-09	0
6283185.307179586	1865.7657657657658	2	0.947689994119346	1.0865108051572776e-09	0
6283185.307179586	1643.143143143143	2	-0.29435134893216786	-1.6340825655237846e-09	0
6283185.307179586	1615.3153153153153	1	0.7068251731935113	1.8785191697020616e-09	0
6283185.307179586	863.963963963964	1	0.30391786217808314	-1.865149527563089e-09	0
6283185.307179586	4112.862862862863	2	0.7668691315179013	-8.408817249691421e-10	0
6283185.307179586	1399.6496496496497	2	0.6156785811251901	1.3950502308689558e-09	0
6283185.307179586	543.943943943944	1	-1.0860340995389424	1.7668613705013682e-09	0
6283185.307179586	1156.1561561561562	1	1.0994845200456451	-1.911521752697312e-09	0
6283185.307179586	1274.4244244244244	1	-0.0019774026871632877	-6.988594271691294e-12	0
6283185.307179586	2074.474474474475	1	-1.2938598835684565	-1.5514334431880173e-10	1
6283185.307179586	1128.3283283283283	1	-0.6525309492679812	-2.935636746377597e-10	2
6283185.307179586	1065.7157157157158	1	-0.21932980897891552	2.5957097911348695e-10	2
6283185.307179586	1942.2922922922924	1	1.0224968192008617	-6.238734854238645e-10	1
6283185.307179586	1413.5635635635635	2	-0.17925803387658035	1.97324213767411e-09	0
6283185.307179586	1142.2422422422424	1	-1.1902114628323264	-3.5817762297972733e-10	1
6283185.307179586	1413.5635635635635	1	1.5380411123982913	-9.668241841583378e-10	2
6283185.307179586	1601.4014014014015	1	0.7363659509723748	1.135187493764185e-09	0
6283185.307179586	919.6196196196197	1	0.5243786917272741	-3.377276423161769e-10	2
6283185.307179586	2832.7827827827828	2	-0.4060009844735095	-1.5747174182268379e-09	0
6283185.307179586	2429.2792792792793	2	0.3467069423481186	-1.451430626682631e-09	0
6283185.307179586	3639.7897897897897	1	1.1327250858202742	-5.461179676199222e-10	2
6283185.307179586	3730.2302302302305	1	-0.3367170428141948	-2.409098019449689e-10	2
6283185.307179586	1865.7657657657658	2	-1.0528016473945616	5.946014177077921e-10	2
6283185.307179586	1545.7457457457458	2	-1.289772808154281	1.6569050448992303e-09	2
6283185.307179586	1177.027027027027	2	-0.7957874486019314	-1.829650544908013e-09	0
6283185.307179586	1643.143143143143	1	-1.2465676846224916	-1.893881383135898e-09	0
6283185.307179586	2011.8618618618618	2	0.6093201225491605	-7.786762103864132e-10	0
6283185.307179586	2512.762762762763	1	-0.7885864514089017	6.403831813126905e-10	0
6283185.307179586	370.02002002002	1	-0.30465065141605896	1.5715351587238585e-09	0
6283185.307179586	1337.0370370370372	1	0.5507700695421698	1.8377651831007692e-09	0
6283185.307179586	620.4704704704704	2	1.0137379346681787	-1.4920402648285257e-09	0
6283185.307179586	1573.5735735735736	2	0.4525975228762209	-1.7014481034950965e-09	0
6283185.307179586	2144.0440440440443	2	-0.47414452038167587	6.362253574114607e-10	0
6283185.307179586	1441.3913913913914	2	1.4899494223333956	-9.138699666036489e-11	2
6283185.307179586	3382.3823823823823	1	0.7542381309052604	8.42784547018892e-10	0
6283185.307179586	1844.8948948948948	1	-0.9711930232279737	1.9518781332714996e-10	1
6283185.307179586	1093.5435435435436	2	0.05199208691592605	-1.3443680355284179e-09	0
6283185.307179586	891.7917917917919	2	0.7157622298434467	-1.5860638618589724e-09	0
6283185.307179586	2004.904904904905	2	1.353725790109058	3.835222795084121e-10	2
6283185.307179586	641.3413413413414	2	0.7715515433345139	-1.2596455950878303e-09	0
6283185.307179586	2484.934934934935	1	0.14797580934868604	2.1395704492440637e-10	2
6283185.307179586	2137.087087087087	1	-0.9598676505341514	-8.111458940351249e-10	0
6283185.307179586	1907.5075075075076	1	-0.7814005251512863	8.164873058735365e-10	0
6283185.307179586	1997.947947947948	2	0.8990013456761172	-9.76055557804624e-10	0
6283185.307179586	961.3613613613613	2	0.18984145775036443	5.603176234248252e-10	2
6283185.307179586	1350.950950950951	2	0.017928441921195803	-6.115373945307808e-10	0
6283185.307179586	954.4044044044044	1	0.12614120780924742	-1.922283326546377e-09	0
6283185.307179586	1177.027027027027	1	-0.9066208483909313	-1.7904468332041816e-09	0
6283185.307179586	1872.7227227227227	2	-1.0362019979144057	8.332519348446313e-10	2
6283185.307179586	1684.884884884885	2	1.369659931327115	-1.4632442300611758e-09	2
6283185.307179586	2088.388388388388	1	0.33325721496236405	1.9972738673235448e-09	0
6283185.307179586	2818.868868868869	1	0.8981162114946173	1.8320934420975431e-09	0
6283185.307179586	1093.5435435435436	1	-0.2632949387293828	-6.755120138580888e-10	0
6283185.307179586	1977.077077077077	1	-0.027161373708109338	-1.2103697320748794e-09	0
6283185.307179586	2137.087087087087	1	-0.4063362045326442	-6.184712353664353e-10	0
6283185.307179586	3034.5345345345345	1	-1.3419829973222177	5.661100829035849e-10	2
6283185.307179586	2617.1171171171172	2	-0.12857498610953	-1.3157661267896225e-09	0
6283185.307179586	1657.0570570570571	1	-1.5330691307370046	-6.430837707664834e-10	2
6283185.307179586	2269.2692692692694	1	-1.5429152949496707	-9.23473495637929e-10	1
6283185.307179586	2777.127127127127	1	1.5181124880544696	8.012281426222545e-10	2
6283185.307179586	1907.5075075075076	2	0.11254486472524872	6.481796012042575e-10	0
6283185.307179586	836.1361361361362	1	-0.9140138757776624	1.8362352224009807e-09	0
6283185.307179586	2644.944944944945	2	1.4709905541278117	-1.9101596097215285e-09	2
6283185.307179586	1121.3713713713714	2	-1.091430046561602	-1.8317238864202797e-09	0
6283185.307179586	1357.9079079079079	2	1.0290683186110288	1.727549217093003e-09	0
6283185.307179586	2352.7527527527527	2	0.8813998473108464	1.7296004591635259e-09	0
6283185.307179586	578.7287287287287	2	-0.045928138314347056	7.651415883651912e-10	2
6283185.307179586	1107.4574574574574	2	-0.6096009388446879	-1.0171495242765034e-09	0
6283185.307179586	863.963963963964	2	0.729966366213624	-1.5660740471471413e-09	0
6283185.307179586	1824.0240240240241	1	1.0542994147470908	1.7646538289883622e-09	0
6283185.307179586	1427.4774774774776	2	-0.4269364523074344	-9.483929088364851e-11	2
6283185.307179586	1003.1031031031031	2	-1.1890766161772743	-8.247872526956323e-10	2
6283185.307179586	1664.014014014014	2	-0.7736205985097885	1.0625657161819257e-10	2
6283185.307179586	1413.5635635635635	2	-0.526859065303019	-3.432895669840868e-10	2
6283185.307179586	1246.5965965965966	2	1.1999043982932047	1.6350857936982675e-09	0
6283185.307179586	1260.5105105105106	2	1.4869907453159543	-5.999918363337548e-10	2
6283185.307179586	2123.1731731731734	2	-0.7817377956196485	-1.3602910534593181e-09	0
6283185.307179586	1058.7587587587586	1	1.5035926501664632	1.4004908990171331e-09	2
6283185.307179586	2220.5705705705705	2	0.21110290470721904	1.6804272422925992e-09	0
6283185.307179586	1914.4644644644645	2	0.5835933165029168	1.5061226419816004e-09	0
6283185.307179586	1476.176176176176	1	0.8431784850345787	1.4255605008863314e-09	0
6283185.307179586	2791.041041041041	2	-0.7149573694527517	9.388311509925705e-10	0
6283185.307179586	2185.7857857857857	1	-0.961099340907119	2.6642296905563787e-12	2
6283185.307179586	1072.6726726726727	2	-0.5572311643213304	-1.3632161063709618e-09	0
6283185.307179586	1086.5865865865867	2	1.2377993449639941	5.776923395476174e-10	2
6283185.307179586	2102.3023023023025	2	1.141553816552677	-1.4110762622106591e-09	0
6283185.307179586	1211.8118118118118	1	-1.3539750611731944	1.2350956619100817e-09	2
6283185.307179586	2032.7327327327328	2	0.26163772747096115	8.524935807425659e-10	0
6283185.307179586	1476.176176176176	2	-0.4557107459679246	-4.2951506045054574e-10	1
6283185.307179586	2067.5175175175173	1	1.428814501502048	1.0564736324316157e-09	2
6283185.307179586	3959.80980980981	1	0.699731407529641	-7.262201595367248e-10	0
6283185.307179586	2157.957957957958	2	-0.7547011661985767	3.548191835764021e-10	2
6283185.307179586	752.6526526526527	2	-0.4750432090324994	-1.8738779656184822e-10	2
6283185.307179586	3069.319319319319	2	1.0489395164756607	-3.638922963368079e-11	2
6283185.307179586	1462.2622622622623	2	0.4990261052617999	1.0684558141139282e-09	0
6283185.307179586	1190.940940940941	1	0.4292117737822263	3.464691751938544e-10	2
6283185.307179586	1928.3783783783783	2	0.6333216391139804	-4.339067373449601e-10	2
6283185.307179586	1949.2492492492493	1	-1.407872502764619	-4.980307593812686e-10	1
6283185.307179586	1559.6596596596596	2	0.20656894277382665	1.288645565622267e-09	0
6283185.307179586	1337.0370370370372	1	1.2893133058654893	-1.1597297279317709e-09	2
6283185.307179586	1218.7687687687687	1	-0.8088702710132897	1.811235184131319e-09	0
6283185.307179586	1051.801801801802	1	-0.20336137155521472	-1.9881647713035066e-09	0
6283185.307179586	2874.5245245245246	1	-1.246365139981886	1.78772141651928e-09	0
6283185.307179586	2220.5705705705705	2	-1.3856964413443085	-1.9627551106877063e-09	2
6283185.307179586	738.7387387387388	2	-1.336262211052575	2.8146512334652836e-10	2
6283185.307179586	1587.4874874874874	1	-0.40719358562564123	6.890670383465239e-10	0
6283185.307179586	1524.8748748748749	1	0.41110207165786217	-1.9222389191064546e-09	0
6283185.307179586	1545.7457457457458	2	0.13664443563059092	1.593645386097029e-09	0
6283185.307179586	662.2122122122122	2	0.2689647588672148	1.2103447820796574e-09	0
6283185.307179586	2742.3423423423424	2	0.8430178714947201	-1.0684590052587494e-09	0
6283185.307179586	919.6196196196197	1	-0.03695460719498089	1.4493758350959558e-09	0
6283185.307179586	1824.0240240240241	1	-0.6664781517958832	-1.663758669504206e-09	0
6283185.307179586	1218.7687687687687	1	-1.3999440125191107	-8.959345696532994e-11	1
6283185.307179586	2144.0440440440443	2	-1.520856908399246	1.949890566566845e-09	2
6283185.307179586	1497.047047047047	2	1.3408586775404907	1.0420396903140709e-09	2
6283185.307179586	439.5895895895896	1	1.088075836242941	-4.946938022145214e-10	2
6283185.307179586	1879.6796796796798	1	0.6759275444694466	9.937146674487494e-10	0
6283185.307179586	933.5335335335336	2	0.46578260755545653	-6.076523856829375e-10	0
6283185.307179586	850.0500500500501	2	-1.3519926020321122	-9.299371730192161e-10	2
6283185.307179586	2526.676676676677	2	1.0907962739930155	-1.0214283053269666e-09	0
6283185.307179586	1907.5075075075076	2	-0.8332911965868193	-3.4733972600910025e-10	2
6283185.307179586	1747.4974974974975	2	0.4561015938466597	9.643937477262842e-10	0
6283185.307179586	1559.6596596596596	1	-0.9496333551183456	-6.69630770669368e-10	2
6283185.307179586	1768.3683683683685	2	-0.41340281116657973	6.093594179104822e-10	0
6283185.307179586	2589.289289289289	1	-1.1646409093730348	9.263181166992905e-10	1
6283185.307179586	2721.4714714714714	2	-0.10028960004092746	1.5126803328337597e-09	0
6283185.307179586	989.1891891891892	2	0.22542519690855123	-3.890389692824666e-10	2
6283185.307179586	3020.6206206206207	2	0.7845026725344462	-3.20891385696752e-11	1
6283185.307179586	1914.4644644644645	2	0.5457646494461295	1.1287973354984515e-09	0
6283185.307179586	1385.7357357357357	1	0.8978283169365104	-8.765526148667933e-10	0
6283185.307179586	1378.7787787787788	1	-1.0585385449295737	-2.5075768067122034e-10	2
6283185.307179586	251.75175175175175	1	0.2228343537561741	-3.1615974473566727e-10	0
6283185.307179586	418.7187187187187	2	0.9841833292224513	-1.7111731011037767e-10	2
6283185.307179586	2171.871871871872	1	1.4607237315067638	6.544694495654658e-10	2
6283185.307179586	1023.973973973974	1	1.3735304126347896	-1.3368056120947887e-09	2
6283185.307179586	1323.1231231231232	1	-0.8286721135491304	-3.721824106099657e-10	1
6283185.307179586	1058.7587587587586	1	0.6804467424598433	-1.4967221167340487e-10	2
6283185.307179586	2707.5575575575576	2	-1.1054552811171408	-1.745654489089361e-10	2
6283185.307179586	1058.7587587587586	2	0.8244760884868478	-1.5426564379076094e-09	0
6283185.307179586	2791.041041041041	1	1.2494745870812647	8.715467380104279e-10	2
6283185.307179586	2429.2792792792793	2	1.4846868527914814	-2.8584669278103823e-10	1
6283185.307179586	2693.643643643644	2	-0.724773084196345	-1.22595629711944e-10	2
6283185.307179586	2777.127127127127	1	-1.3054359736039363	-1.315907372025118e-09	1
6283185.307179586	1086.5865865865867	2	1.3729164756135361	1.5009749571486222e-09	1
6283185.307179586	2450.1501501501502	1	-0.13794242092637843	-1.794178850311727e-10	2
6283185.307179586	390.8908908908909	2	0.8749741577571779	1.2807530298108765e-09	1
6283185.307179586	2575.3753753753754	2	-1.3410426733843346	-2.3212249182500874e-10	2
6283185.307179586	717.8678678678679	2	0.13129844909473265	2.8379290864788297e-10	1
6283185.307179586	1030.930930930931	2	-0.6536481497399746	-1.0082442161023928e-09	0
6283185.307179586	669.1691691691692	2	0.4403407560958188	1.125840211011288e-09	0
6283185.307179586	2039.6896896896897	1	-0.02698871441439521	-2.9930755379854853e-10	0
6283185.307179586	1566.6166166166167	1	0.5311785267312819	1.933263491858428e-10	2
6283185.307179586	2797.997997997998	1	-1.4075312044853545	-3.755532305884227e-10	2
6283185.307179586	2151.001001001001	2	0.6082324445940062	1.3180952058404443e-09	0
6283185.307179586	1726.6266266266266	1	-1.2614549909966075	7.073618217035001e-10	2
6283185.307179586	1239.6396396396397	2	-0.03650966946357603	6.907620326104405e-10	0
6283185.307179586	1177.027027027027	1	1.0499165796554335	-1.3281153308135047e-09	0
6283185.307179586	2651.901901901902	2	-1.2531779487315156	1.6729594044878512e-09	0
6283185.307179586	2297.097097097097	1	-1.4225485924844148	-1.1812717227961118e-09	2
6283185.307179586	1517.917917917918	1	-0.5993734048393292	1.1311833612559661e-11	2
6283185.307179586	2978.878878878879	1	0.0575028237078663	-5.105418509815531e-10	0
6283185.307179586	2095.3453453453453	2	0.8595313892965653	1.436076968374046e-09	0
6283185.307179586	1170.0700700700702	2	-1.466369681160324	-1.1991777701040696e-09	2
6283185.307179586	1197.897897897898	2	-0.8334030987753533	-1.2155922681160117e-09	0
6283185.307179586	891.7917917917919	1	-1.45464497924049	-1.0799592551252192e-10	2
6283185.307179586	1768.3683683683685	2	-0.5676460450301772	5.327831248102411e-10	2
6283185.307179586	502.2022022022022	1	1.0662045999158338	1.6977132714899911e-09	0
6283185.307179586	926.5765765765766	1	0.2907288482332677	-1.2696967895802921e-09	0
6283185.307179586	1664.014014014014	2	-0.4812967216033779	-1.994802620879477e-09	0
6283185.307179586	3507.607607607608	1	0.08891274558854856	-3.6538860334074787e-10	1
6283185.307179586	2331.881881881882	1	0.30897957296021517	-1.1147553046238149e-09	0
6283185.307179586	530.03003003003	2	0.564561842389276	7.921921776497968e-10	1
6283185.307179586	1364.864864864865	1	1.4348756085164274	8.094589288767332e-10	2
6283185.307179586	3027.577577577578	2	1.2023345080075623	1.8020823203006347e-09	0
6283185.307179586	425.6756756756757	2	0.4290708643247272	1.332923608148167e-09	2
6283185.307179586	1608.3583583583584	2	-0.5525406173585758	-1.6228045668404568e-09	0
6283185.307179586	1483.1331331331332	2	0.8598783833538199	4.572820231878819e-10	2
6283185.307179586	926.5765765765766	2	-0.5296551355905257	-1.8250266555233036e-09	0
6283185.307179586	1775.3253253253254	1	-0.6844924818107176	1.6786560970798854e-10	2
6283185.307179586	2178.828828828829	1	0.06390986378198527	1.4051913465327383e-10	2
6283185.307179586	2568.4184184184187	1	-0.32091365842257047	7.195228207459934e-11	2
6283185.307179586	1587.4874874874874	2	-1.5017447269311257	6.540084775823824e-10	2
6283185.307179586	1900.5505505505505	2	-0.38575126021503237	3.101717269091065e-10	2
6283185.307179586	2074.474474474475	2	-1.14026833553364	-1.0732417374101982e-09	0
6283185.307179586	2352.7527527527527	2	-0.10315190941055041	5.121060727944699e-10	0
6283185.307179586	2123.1731731731734	1	-1.5245706404623165	-2.7104885293797664e-10	1
6283185.307179586	1309.2092092092093	2	-0.5352552328410343	-1.0314123233588478e-09	0
6283185.307179586	1316.1661661661662	2	1.4795822814538138	3.488030047244276e-10	1
6283185.307179586	738.7387387387388	1	1.5619079025151854	-1.6101816220979793e-09	2
6283185.307179586	2777.127127127127	2	0.020413097226081423	-1.5932960430687603e-09	0
6283185.307179586	1977.077077077077	1	0.33091108904744093	5.929845257260437e-10	0
6283185.307179586	2777.127127127127	2	-1.5707354675972138	-1.2174967148733927e-09	2
6283185.307179586	2116.2162162162163	2	0.7135971944930568	1.6202674103468948e-09	0
6283185.307179586	1726.6266266266266	2	0.2946404316965048	1.8239367331492982e-09	0
6283185.307179586	926.5765765765766	2	-0.031504394430085014	1.4770008100793757e-09	0
6283185.307179586	1469.2192192192192	1	0.7768675985465974	-1.4562784486016143e-09	0
6283185.307179586	940.4904904904905	1	1.0360381941920656	4.937688398220419e-10	2
6283185.307179586	1775.3253253253254	2	-1.4778293533966107	1.3568939656950228e-12	2
6283185.307179586	1886.6366366366367	1	0.27690655166614264	-1.635150919444293e-09	0
6283185.307179586	1107.4574574574574	1	0.7956834727613278	8.017019728333745e-10	0
6283185.307179586	2130.13013013013	1	-0.747486969078649	6.876928979913183e-10	0
6283185.307179586	1524.8748748748749	2	0.7453397821901877	1.0726771982882639e-09	0
6283185.307179586	2060.5605605605606	2	1.0212678752909854	1.496565688735616e-09	0
6283185.307179586	2742.3423423423424	2	-1.1762347756013232	-1.4437101295643225e-09	0
6283185.307179586	1865.7657657657658	1	-0.08920647916583935	-1.914040964227619e-09	0
6283185.307179586	787.4374374374374	1	-0.639958635001558	-1.208973026762608e-10	2
6283185.307179586	2422.322322322322	1	1.475234777880679	1.6221520764411038e-09	2
6283185.307179586	1385.7357357357357	2	0.058328903770858975	1.3972639084688416e-09	0
6283185.307179586	662.2122122122122	1	-1.4441060546831201	1.0485094566057436e-09	1
6283185.307179586	2338.838838838839	2	1.348742893312004	-1.4656035510134765e-09	2
6283185.307179586	2895.3953953953956	2	-0.24815720106048733	1.3652531294315351e-09	0
6283185.307179586	1177.027027027027	1	-0.2341079532200443	-7.978517697292339e-10	0
6283185.307179586	1072.6726726726727	2	-0.15248252471614476	-1.7595175362616647e-09	0
6283185.307179586	766.5665665665666	1	1.0277643491011133	9.725061813644224e-10	2
6283185.307179586	1824.0240240240241	2	-1.0999632638436263	1.8325878416723066e-09	0
6283185.307179586	2345.795795795796	2	0.8716600672659585	9.853988968736283e-10	0
6283185.307179586	2366.6666666666665	1	-0.6141368111186571	-5.787704075576378e-10	0
6283185.307179586	1984.034034034034	1	0.17034413919955993	-1.3445165740926883e-09	0
6283185.307179586	1030.930930930931	2	0.776645894546494	4.4013496680453907e-10	1
6283185.307179586	1768.3683683683685	2	1.0219094704260687	1.8942556724817536e-09	0
6283185.307179586	1003.1031031031031	2	1.3293972864197827	1.7190049211153885e-09	2
6283185.307179586	1935.3353353353355	2	0.3291782317520062	-1.2472433300740638e-09	0
6283185.307179586	1650.1001001001002	1	0.3713440083360553	7.953909062379522e-10	0
6283185.307179586	2568.4184184184187	1	0.8463707655844215	7.749576504846663e-10	0
6283185.307179586	1719.6696696696697	2	-1.1884650636368665	1.0724496022662299e-10	2
6283185.307179586	1928.3783783783783	1	1.0207730382902893	1.661406958256769e-09	0
6283185.307179586	3264.1141141141143	1	-0.6806985657084086	-8.598392818963838e-11	1
6283185.307179586	2714.5145145145148	2	0.19590114539714443	2.009806920466192e-10	1
6283185.307179586	2352.7527527527527	1	-0.4101669919006845	5.399765703340911e-10	0
6283185.307179586	1413.5635635635635	1	0.9035490997479592	-1.3941632412555944e-09	0
6283185.307179586	2422.322322322322	1	-0.5105207320010676	-1.9143686545295511e-10	2
6283185.307179586	1190.940940940941	1	0.5410354524801861	5.336059686916954e-10	0
6283185.307179586	752.6526526526527	2	0.394647564749655	1.9955837120312272e-09	0
6283185.307179586	1691.8418418418419	1	0.7134605941522021	-5.524456565643074e-10	2
6283185.307179586	1733.5835835835837	1	-1.5002745364056331	-1.6087514395001073e-09	1
6283185.307179586	2672.772772772773	2	1.3456311458964136	1.0607421318999888e-09	2
6283185.307179586	1469.2192192192192	1	0.6841339795171928	-1.3764359666606163e-10	1
6283185.307179586	1893.5935935935936	1	0.07253280462555178	4.059988085248759e-10	1
6283185.307179586	2603.2032032032034	1	0.6636705923458268	4.7518268183127774e-11	2
6283185.307179586	1323.1231231231232	2	-0.6162258515427754	6.507084767320964e-10	2
6283185.307179586	1754.4544544544544	1	-0.4836130492757764	1.8453799430971125e-09	0
6283185.307179586	947.4474474474474	1	-1.4277840631393328	-1.7533878752687527e-09	2
6283185.307179586	2373.6236236236236	1	0.33501876919058704	6.389064512467108e-10	0
6283185.307179586	2213.613613613614	1	1.3976931985187329	-3.2838475668116647e-10	2
6283185.307179586	2248.3983983983985	2	-1.221043794076802	-1.6961269915460436e-09	0
6283185.307179586	898.7487487487488	2	1.1945804685949288	-1.616853180280674e-09	0
6283185.307179586	634.3843843843844	1	0.9219372834640804	1.5833296981390798e-09	0
6283185.307179586	1392.6926926926926	2	-0.7562094880024343	-2.3769914336817483e-10	2
6283185.307179586	1796.1961961961963	2	-1.2503044900350817	1.851032290932611e-09	0
6283185.307179586	1316.1661661661662	1	0.8556868338960588	8.317533510556454e-10	0
6283185.307179586	2561.4614614614616	1	0.05851828895351119	-1.191621956726647e-10	1
6283185.307179586	1650.1001001001002	2	1.4609515826267292	1.1136252357305957e-09	1
6283185.307179586	3375.4254254254256	2	-0.5545097467572158	1.1501405926494329e-09	0
6283185.307179586	1121.3713713713714	2	1.5609549123518223	1.3507138171985757e-09	1
6283185.307179586	1872.7227227227227	2	-0.8208029330238397	1.1020262165351446e-09	0
6283185.307179586	2290.1401401401404	2	-1.0083837451548459	-1.3034760552931607e-09	0
6283185.307179586	432.63263263263264	2	-0.7960367593140123	3.138152632266401e-10	2
6283185.307179586	1733.5835835835837	2	-0.8001762190037338	-1.7554354858850863e-09	0
6283185.307179586	1984.034034034034	1	1.087392609231702	6.294994542409039e-10	2
6283185.307179586	2658.858858858859	1	0.8062382259562542	-1.6137355190860983e-09	0
6283185.307179586	2686.6866866866867	2	-0.6130142338054806	-3.3033498284930085e-10	2
6283185.307179586	1921.4214214214214	1	-0.7645500588854443	-2.884260713740327e-10	1
6283185.307179586	3507.607607607608	2	1.1243483394403415	-3.5783571781564083e-10	2
6283185.307179586	1420.5205205205204	1	0.5408533905249597	-1.1101944292513424e-09	0
6283185.307179586	2137.087087087087	1	-0.1270157066751021	9.625271690967196e-10	0
6283185.307179586	3284.984984984985	2	0.5794906665085371	1.975208156444116e-09	0
6283185.307179586	1316.1661661661662	1	0.31498895117974457	-1.8918500721231236e-09	0
6283185.307179586	481.33133133133134	2	1.1745096210388168	-2.411726753293607e-10	1
6283185.307179586	1295.2952952952953	2	0.4254894146679611	-1.7012911831239379e-09	0
6283185.307179586	154.35435435435437	1	-0.09708917302359521	1.3466990554187519e-09	0
6283185.307179586	1086.5865865865867	2	0.8376600001775714	1.0054244348224743e-10	2
6283185.307179586	1768.3683683683685	1	0.625174008260255	6.400805408821692e-10	0
6283185.307179586	2471.021021021021	1	1.0352947101030563	-1.3221796233133456e-09	0
6283185.307179586	1684.884884884885	1	-0.18994968789486544	1.0721528943838452e-09	0
6283185.307179586	2658.858858858859	1	0.6978905757985459	-5.93705130524167e-10	0
6283185.307179586	1657.0570570570571	1	0.7359239743059476	-7.555232350935272e-10	0
6283185.307179586	2185.7857857857857	1	-0.8949725172851851	1.796323365688713e-09	0
6283185.307179586	1643.143143143143	1	-1.4845445998737365	-3.8234321261588463e-10	1
6283185.307179586	1302.2522522522522	1	0.605804949070091	-6.994589174549035e-10	1
6283185.307179586	1225.7257257257259	1	0.0820142482156927	-1.9083661292642018e-09	0
6283185.307179586	3041.4914914914916	1	-0.8319294491228778	1.1763023704093578e-09	0
6283185.307179586	2297.097097097097	2	0.8236011260222118	-8.558771594870511e-10	0
6283185.307179586	3625.875875875876	1	-1.2912872160335136	1.348170794789895e-10	2
6283185.307179586	1302.2522522522522	1	1.055213807150269	-2.255392696711623e-10	2
6283185.307179586	453.5035035035035	1	-1.1059943770523235	-2.2444766043668985e-10	1
6283185.307179586	2067.5175175175173	2	1.5650779618990773	-8.873749628089023e-10	1
6283185.307179586	780.4804804804805	1	0.4420685993003062	1.3265670189891971e-09	0
6283185.307179586	947.4474474474474	2	1.4636390231207277	5.426761884539132e-10	1
6283185.307179586	1559.6596596596596	1	-0.08704663408895108	-3.3221605723972264e-10	1
6283185.307179586	1935.3353353353355	2	0.6650700037626263	-1.6980714345267212e-09	0
6283185.307179586	1824.0240240240241	2	-0.38589097226214353	-1.3024934136117326e-09	0
6283185.307179586	1552.7027027027027	1	0.1621280417020563	-7.531565447710903e-10	0
6283185.307179586	2081.4314314314315	1	-1.2698423924832194	8.838209595888496e-10	2
6283185.307179586	947.4474474474474	2	-0.6233594421444154	1.4524767893115912e-09	0
6283185.307179586	2032.7327327327328	2	-0.09240648315590816	-1.0993389214358886e-09	0
6283185.307179586	898.7487487487488	2	-1.2251601000448884	-1.2143534561887423e-09	2
6283185.307179586	1051.801801801802	1	-0.10609421147780784	-1.1849234382950725e-10	1
6283185.307179586	3514.5645645645645	2	-1.029442396564289	3.17174169708204e-10	1
6283185.307179586	1942.2922922922924	2	0.9052830338109628	6.491030295235955e-10	2
6283185.307179586	1775.3253253253254	2	-1.561817474346997	1.5440248049194334e-09	2
6283185.307179586	1691.8418418418419	2	-0.5303041108337676	1.9667249697180857e-09	0
6283185.307179586	1399.6496496496497	1	-0.9266457061014515	1.1995567744771215e-10	1
6283185.307179586	2199.6996996997	1	0.6070520408177495	1.2216836184068057e-09	0
6283185.307179586	1893.5935935935936	2	0.006464827269291762	-1.979176520757438e-09	0
6283185.307179586	1003.1031031031031	1	0.8877999982011242	-1.5555219575771668e-09	0
6283185.307179586	1942.2922922922924	1	0.30423439318218715	-8.333323223540233e-12	1
6283185.307179586	1107.4574574574574	2	-0.3565598573536519	1.5301255738765413e-09	0
6283185.307179586	1559.6596596596596	1	0.9157408490030035	1.2311396313423762e-09	0
6283185.307179586	2971.921921921922	2	-0.040979441252612325	1.3342030061192054e-09	0
6283185.307179586	2206.6566566566567	2	-0.5681717443970182	-1.0272353652804421e-09	0
6283185.307179586	2060.5605605605606	2	0.07131209167120289	1.3979413712467737e-09	0
6283185.307179586	2505.805805805806	2	-0.675824337171247	-8.365518911274324e-10	0
6283185.307179586	3813.713713713714	1	-0.018540169535555373	1.3369177240340583e-09	0
6283185.307179586	1733.5835835835837	1	-0.8826861279029574	-5.285321957784936e-10	2
6283185.307179586	2491.891891891892	2	-0.24280181472975726	-1.1594494867652794e-09	0
6283185.307179586	1817.0670670670672	1	-0.7400392907950398	4.5096943474449033e-10	2
6283185.307179586	2046.6466466466468	2	-1.014688558493771	-1.1037343031679454e-10	1
6283185.307179586	2624.0740740740744	1	0.8028547505859613	1.991137142040858e-09	0
6283185.307179586	2199.6996996997	1	-1.0039774017103626	4.0102924782204583e-10	2
6283185.307179586	3013.6636636636636	2	-1.3789418764580086	1.2079632671880536e-09	1
6283185.307179586	1657.0570570570571	2	-1.211726386500943	1.865053566232282e-09	0
6283185.307179586	2700.6006006006005	1	-1.0704450345721948	-3.332472185088968e-10	2
6283185.307179586	1810.11011011011	1	-1.2129839046698567	-2.37610820947971e-10	1
6283185.307179586	2804.954954954955	1	1.4155049300531308	-1.9483432401261015e-09	1
6283185.307179586	1531.8318318318318	1	-0.04285878342194693	1.3490997214127027e-09	0
6283185.307179586	1023.973973973974	1	-0.22739471678643053	1.8879867595421715e-09	0
6283185.307179586	898.7487487487488	1	1.355783189946528	5.326250152500582e-10	2
6283185.307179586	1851.851851851852	1	-1.238776171697435	9.767391501273703e-10	2
6283185.307179586	2060.5605605605606	1	1.1797908496826786	-1.421265882810073e-09	0
6283185.307179586	787.4374374374374	1	-1.2222377258268238	-1.2292306199213237e-10	2
6283185.307179586	2498.848848848849	1	1.1265081337835712	1.1516827983967916e-09	0
6283185.307179586	1789.2392392392394	1	-1.2896013676965623	6.417941684682554e-11	1
6283185.307179586	1441.3913913913914	2	-1.0263874607850547	-9.016426191274856e-10	0
6283185.307179586	1670.970970970971	1	0.1944778312138029	2.5677098731786045e-10	2
6283185.307179586	2255.3553553553556	1	1.532071831561526	1.1646363551179247e-09	2
6283185.307179586	1177.027027027027	1	-0.8694669837146343	8.304336685839644e-10	0
6283185.307179586	996.1461461461462	2	-0.03373194828496673	-9.82280507737729e-10	0
6283185.307179586	1128.3283283283283	2	1.0896247320881747	-1.4717984554811233e-09	0
6283185.307179586	870.9209209209209	1	1.007752782075614	1.9412736704790462e-09	0
6283185.307179586	3709.3593593593596	2	-0.6702790007907213	-3.745660212434956e-10	1
6283185.307179586	2380.5805805805808	2	1.4934634275345258	-5.10395761839496e-10	2
6283185.307179586	703.9539539539539	2	0.9014327102856208	-8.181086073155623e-10	0
6283185.307179586	2978.878878878879	2	-0.26353042017339723	-1.3802357639044264e-09	0
6283185.307179586	1566.6166166166167	2	-0.08541998317199129	-7.150424706641482e-10	0
6283185.307179586	2631.031031031031	2	0.7310111176911258	-4.2362419585364564e-10	2
6283185.307179586	1684.884884884885	2	-1.5150412284551737	-1.976396029862989e-09	2
6283185.307179586	3083.2332332332335	2	-0.444147761649651	-8.086013274689239e-10	0
6283185.307179586	1559.6596596596596	2	-0.6734740790885648	5.689629493734117e-10	2
6283185.307179586	1517.917917917918	1	-1.1477141418264376	1.6447067217220292e-09	0
6283185.307179586	1337.0370370370372	1	-0.8108870737837968	-1.3821320391509368e-09	0
6283185.307179586	2046.6466466466468	2	0.26768821851757285	1.7884099248344464e-09	0
6283185.307179586	1142.2422422422424	2	-0.662170939960899	-5.190461084881362e-10	2
6283185.307179586	1865.7657657657658	1	-0.1501525889211328	3.6305181616308276e-10	1
6283185.307179586	1705.755755755756	1	1.4599644895050292	-2.8372009861826443e-10	2
6283185.307179586	2331.881881881882	1	0.6475622484155052	8.816214995885928e-10	0
6283185.307179586	3187.5875875875877	1	1.2170372685796713	5.189303073276341e-10	2
6283185.307179586	1733.5835835835837	2	-0.3021759571686602	3.3201028368060836e-11	2
6283185.307179586	1149.1991991991993	1	-0.5053015262348797	-6.273211683344533e-10	2
6283185.307179586	1601.4014014014015	2	-0.8193466923131979	-1.05295454023869e-09	0
6283185.307179586	2498.848848848849	2	0.5078710271624614	-8.071122800392315e-11	2
6283185.307179586	1552.7027027027027	2	0.9596988162772351	1.7182463938297215e-09	0
6283185.307179586	1594.4444444444446	2	1.4386361483597292	-1.0903489911701875e-09	2
6283185.307179586	1928.3783783783783	1	1.1605924627367141	-1.4732102055956156e-09	0
6283185.307179586	1017.017017017017	2	-1.0455227321264178	1.2182174602828186e-09	2
6283185.307179586	2498.848848848849	2	-0.5316982995516961	8.790958661736999e-10	0
6283185.307179586	1844.8948948948948	1	0.05300026685295611	1.902437693798111e-09	0
6283185.307179586	898.7487487487488	1	-0.7769945830962329	5.907697382525707e-10	2
6283185.307179586	1928.3783783783783	1	-0.9449401485887233	-1.7013061213769107e-09	0
6283185.307179586	1462.2622622622623	1	-0.07600332503527762	1.196200526349507e-09	0
6283185.307179586	2394.4944944944946	2	-1.00869199843119	4.1997268675020666e-10	2
6283185.307179586	3104.1041041041044	2	0.0004461350483437876	-1.0888269261651208e-09	0
6283185.307179586	2818.868868868869	1	-0.1958065428000264	-1.841283395059639e-09	0
6283185.307179586	1364.864864864865	2	-1.5675109224302604	-2.7204699005887803e-10	2
6283185.307179586	1629.2292292292293	1	-1.410138074148896	-1.0397445267109298e-09	1
6283185.307179586	2248.3983983983985	2	-1.3282520373079607	-1.062312009575047e-09	2
6283185.307179586	1441.3913913913914	2	-0.45686050394616484	-1.0352481453804415e-10	2
6283185.307179586	1893.5935935935936	2	1.4511272175335415	7.5824172095956e-10	2
6283185.307179586	1594.4444444444446	2	0.25696409404522513	-8.449565704056138e-10	0
6283185.307179586	1107.4574574574574	2	0.7775648000186521	2.521405839355343e-10	1
6283185.307179586	203.05305305305305	2	-0.8075464915653049	-1.6990371014282484e-09	0
6283185.307179586	829.1791791791792	1	0.4878060246755038	-1.929547680939182e-10	2
6283185.307179586	2046.6466466466468	2	1.522223987199022	6.191701903127444e-10	1
6283185.307179586	2707.5575575575576	1	-0.4672849920042561	-7.705810848084473e-10	0
6283185.307179586	2874.5245245245246	2	0.9563267388878485	-1.24457962393645e-09	0
6283185.307179586	1079.6296296296296	1	1.0661190115974097	4.6035300478683805e-10	2
6283185.307179586	1406.6066066066066	1	-0.3873172829943823	1.1750646524954448e-10	2
6283185.307179586	3264.1141141141143	2	0.5636241449646247	-1.4727681189980597e-09	0
6283185.307179586	1782.2822822822823	2	-0.2847606886033931	1.5736933726385094e-09	0
6283185.307179586	1531.8318318318318	1	-0.34099549644515004	1.3291526189643457e-09	0
6283185.307179586	2637.987987987988	1	0.049829234237630526	1.1068570427895654e-09	0
6283185.307179586	2596.2462462462463	2	-0.6037265446693756	1.968128298323932e-10	1
6283185.307179586	2721.4714714714714	2	0.6323746997119954	3.029471167851262e-10	2
6283185.307179586	3006.706706706707	1	-0.8864808092116012	7.138402769771732e-10	0
6283185.307179586	1156.1561561561562	1	-0.9486634484784526	5.452959761284924e-10	2
6283185.307179586	1413.5635635635635	1	-0.9188432285749603	8.388997527559445e-10	0
6283185.307179586	1413.5635635635635	2	-1.4215646935293393	-1.393870414659789e-09	2
6283185.307179586	2123.1731731731734	2	0.3604445809895658	-7.752828052998133e-10	0
6283185.307179586	2018.818818818819	1	0.9386450311485532	1.685830674171139e-09	0
6283185.307179586	2547.5475475475478	2	1.2702205802009052	-6.844790484510956e-10	2
