axial trapping frequency (MHz) 	 velocity(m/s) 	 ion collided with 	 angle(rads) 	 collision offset(m) 	 reorder? (1 is reorder 2 is ejection) 
6283185.307179586	2415.3653653653655	2	0.9823889603106846	-1.9296468912097354e-09	0
6283185.307179586	2109.259259259259	2	-0.8714567531148867	-3.207648159012698e-10	2
6283185.307179586	808.3083083083084	2	1.1080344475169626	7.204879976875439e-10	1
6283185.307179586	1378.7787787787788	2	-0.09607369518078879	-9.952372596978276e-10	0
6283185.307179586	1302.2522522522522	1	-0.9918753397156361	-7.897363062583915e-10	2
6283185.307179586	411.76176176176176	1	-0.29425698277086476	7.070155892278971e-10	0
6283185.307179586	794.3943943943945	1	-0.2444961090220703	-1.5058246732131699e-09	0
6283185.307179586	1072.6726726726727	1	-0.19570010684101002	-1.3838966866912942e-10	1
6283185.307179586	1455.3053053053054	1	-0.8791303490443706	-9.180932496969408e-10	0
6283185.307179586	954.4044044044044	2	-1.5053114526122289	6.738121984023325e-11	2
6283185.307179586	898.7487487487488	1	-0.7183622750813738	-4.869778775177058e-11	2
6283185.307179586	3145.845845845846	2	0.6468863992755987	7.566816027306874e-10	0
6283185.307179586	2157.957957957958	1	0.15431976949540793	-5.68123998217105e-10	0
6283185.307179586	2060.5605605605606	1	-1.1602028098929291	-1.8941685932237325e-09	0
6283185.307179586	3180.6306306306305	1	-1.4999822945185866	1.220192281026362e-09	1
6283185.307179586	773.5235235235235	1	-0.5129892439421919	-5.242111236133266e-10	2
6283185.307179586	3479.77977977978	1	1.0547714187750161	1.2112012758241503e-09	0
6283185.307179586	2199.6996996997	2	1.4745276656742266	1.0908072967182468e-09	2
6283185.307179586	1782.2822822822823	1	-1.4144800529424588	-1.2347279801326422e-09	1
6283185.307179586	3090.19019019019	1	0.5561074988461416	1.7525297510301123e-09	0
6283185.307179586	1879.6796796796798	2	-1.4682539399218946	-1.962440144016229e-09	2
6283185.307179586	1121.3713713713714	1	-0.6776174752830033	-1.3471625875628491e-09	0
6283185.307179586	1065.7157157157158	2	-0.6850393069477603	-4.3174554657436913e-10	2
6283185.307179586	912.6626626626627	1	0.20852193321589652	-1.6030557306053194e-09	0
6283185.307179586	1691.8418418418419	2	-0.22268151634221178	-3.6010891644086626e-10	2
6283185.307179586	1928.3783783783783	2	-1.3321646235594469	-1.4252706350455222e-09	2
6283185.307179586	2561.4614614614616	1	-0.4722080992552722	-2.783868917709235e-10	2
6283185.307179586	1190.940940940941	2	-0.6218781058940428	-9.026537048768858e-10	0
6283185.307179586	1580.5305305305305	1	1.279597682246433	-1.4547899144457714e-09	2
6283185.307179586	1378.7787787787788	1	0.6220420502867636	-9.7477236326854e-10	0
6283185.307179586	717.8678678678679	1	-0.07438073475049878	-3.9333800011613863e-10	1
6283185.307179586	1163.113113113113	1	-0.9743557256395607	1.0079308084967501e-09	0
6283185.307179586	2575.3753753753754	1	1.5183317625449666	-1.2416172701591112e-09	2
6283185.307179586	2818.868868868869	2	1.1868742468307625	-1.925042477731475e-11	2
6283185.307179586	1232.6826826826828	2	0.5790807004400169	-1.7827965534677587e-09	0
6283185.307179586	1872.7227227227227	2	0.9458312129711963	1.1011068406613232e-09	0
6283185.307179586	1796.1961961961963	2	0.7764185289115986	1.156933389747135e-09	0
6283185.307179586	1517.917917917918	1	-0.5874107695643364	1.7954265465720986e-09	0
6283185.307179586	3111.061061061061	2	-0.8096346129831182	-1.5403044546099172e-09	0
6283185.307179586	1246.5965965965966	2	1.0792630564980983	-2.697820628219785e-10	2
6283185.307179586	1608.3583583583584	2	-0.20633096040630683	1.8785747369220937e-09	0
6283185.307179586	1657.0570570570571	1	-1.3993356811432793	1.7950849626113039e-09	2
6283185.307179586	780.4804804804805	1	0.37126504892815415	8.407180163340181e-10	0
6283185.307179586	3083.2332332332335	2	1.0833709338380628	-3.4789332444856847e-10	2
6283185.307179586	1775.3253253253254	1	0.9594997778109704	6.090718005889026e-10	2
6283185.307179586	2457.1071071071074	1	1.3125942348346196	-9.821126341694032e-10	1
6283185.307179586	2262.3123123123123	2	-0.8970486139131031	6.305657703912273e-10	1
6283185.307179586	432.63263263263264	1	-0.6551640603418218	1.7951983932541788e-09	0
6283185.307179586	2199.6996996997	2	-0.2958622756312548	-1.210673525466458e-09	0
6283185.307179586	1747.4974974974975	2	0.8872004690674768	-1.4110113555286908e-09	0
6283185.307179586	2373.6236236236236	2	0.5788534201940498	1.975658024224812e-09	0
6283185.307179586	1768.3683683683685	1	1.032960613666436	4.1261625738588185e-10	2
6283185.307179586	2547.5475475475478	2	1.259304588726717	6.652213912259364e-10	2
6283185.307179586	1594.4444444444446	1	0.7825400810906373	1.4691571385350946e-09	0
6283185.307179586	1990.9909909909911	1	-0.8301984459539404	-5.942914268214261e-11	2
6283185.307179586	968.3183183183183	1	-1.1768008092887716	1.925540691406495e-09	0
6283185.307179586	2450.1501501501502	2	0.14811821643759226	-1.5893419302226449e-09	0
6283185.307179586	2095.3453453453453	2	-0.5560103983470268	9.698637170205147e-10	0
6283185.307179586	1246.5965965965966	1	-0.8462730948773527	-1.98231855922302e-09	0
6283185.307179586	481.33133133133134	1	1.5325975727564165	-7.82923704280731e-10	2
6283185.307179586	3389.3393393393394	2	0.5724730223322778	-4.2321143016028195e-10	0
6283185.307179586	1824.0240240240241	1	0.4929842411116603	3.295461559775177e-10	2
6283185.307179586	1003.1031031031031	1	1.4762985803521578	-1.7983642036663603e-09	2
6283185.307179586	961.3613613613613	1	0.037681731733506085	-1.085935786294265e-09	0
6283185.307179586	1796.1961961961963	1	1.5184336414103887	9.662554176572361e-11	2
6283185.307179586	1288.3383383383384	1	-0.3436355920835674	3.85436056784675e-10	2
6283185.307179586	2053.603603603604	1	-0.22241128740735006	2.0102559238991967e-13	1
6283185.307179586	251.75175175175175	1	-1.1607505592393763	-3.2828604906426444e-10	2
6283185.307179586	1622.2722722722724	2	-0.3416692666652261	1.5188282591574486e-09	0
6283185.307179586	1566.6166166166167	2	1.1090314125907184	1.4229370599074436e-09	0
6283185.307179586	1775.3253253253254	2	1.1699085684027763	1.4637953835819588e-10	1
6283185.307179586	2297.097097097097	1	0.5859816287252344	5.074120529695708e-10	0
6283185.307179586	2359.70970970971	1	-1.4684597499731855	-1.747366995535474e-09	1
6283185.307179586	1462.2622622622623	1	-0.7310652894141753	-1.4270745015300532e-09	0
6283185.307179586	2575.3753753753754	2	-0.02245553046417692	-1.6567734677007599e-09	0
6283185.307179586	2804.954954954955	1	1.1834990943614914	5.138044972459582e-10	2
6283185.307179586	1246.5965965965966	1	0.7859371322624455	-5.131163048574906e-10	2
6283185.307179586	1796.1961961961963	2	-1.0023532468788385	5.946452787686907e-10	1
6283185.307179586	613.5135135135135	2	1.3862016163326558	-8.812496673853013e-10	2
6283185.307179586	954.4044044044044	1	-0.6356758973970988	7.031123129143701e-10	0
6283185.307179586	2345.795795795796	2	-1.4992670677192446	-1.2966829954615578e-09	2
6283185.307179586	1580.5305305305305	2	0.2722157007529007	1.5983546549506774e-09	0
6283185.307179586	1197.897897897898	2	1.3842479900017954	-1.4523630358373346e-09	2
6283185.307179586	836.1361361361362	1	0.9673361620167102	-1.3093947635898099e-09	0
6283185.307179586	1858.8088088088089	1	-1.0617424818895924	1.7399581271382016e-09	0
6283185.307179586	1490.0900900900901	2	0.32487114266181494	-1.7202662545510662e-09	0
6283185.307179586	1253.5535535535537	2	-0.8774163607073846	-1.115513434519889e-09	0
6283185.307179586	481.33133133133134	1	0.911057303367516	1.3381757882422065e-09	0
6283185.307179586	1601.4014014014015	1	-1.5373581741677769	-9.977729160296401e-10	2
6283185.307179586	1719.6696696696697	1	0.13011788093862497	-1.434689197255496e-09	0
6283185.307179586	2540.5905905905906	2	-0.04102952809787097	7.875840032624238e-10	0
6283185.307179586	1837.937937937938	2	1.3150287751628853	-1.373489044996998e-09	2
6283185.307179586	2450.1501501501502	1	0.811630599849789	-9.72300738723893e-10	0
6283185.307179586	1865.7657657657658	1	-1.0987951756516485	1.8003004812515062e-09	0
6283185.307179586	585.6856856856857	1	0.5690251751680795	1.2887852443390284e-10	2
6283185.307179586	968.3183183183183	1	0.33164959678885	1.8117799300658428e-09	0
6283185.307179586	2401.4514514514517	2	-1.3008348801163858	5.706991956895501e-10	2
6283185.307179586	1552.7027027027027	2	-1.1162909942569432	2.0209182898052694e-10	2
6283185.307179586	1949.2492492492493	1	-0.0688418432172564	1.6146834191125977e-09	0
6283185.307179586	884.8348348348349	2	0.4450812259412231	-1.217123977915466e-09	0
6283185.307179586	3124.974974974975	1	-0.9815336507866433	9.77984803170897e-10	0
6283185.307179586	1664.014014014014	1	0.6302519942792242	-1.3476833944239185e-09	0
6283185.307179586	2784.084084084084	2	0.10445079823676706	9.818716600905043e-10	0
6283185.307179586	2220.5705705705705	1	-1.242261005710931	-7.330483250784026e-10	2
6283185.307179586	1288.3383383383384	1	-0.208233921304541	-2.824484629365327e-11	1
6283185.307179586	745.6956956956957	1	-0.3503493827456974	6.314171489024916e-10	0
6283185.307179586	1691.8418418418419	1	0.8899144727116481	-1.2946981732493631e-09	0
6283185.307179586	1114.4144144144145	1	-0.22067764532392675	-1.827296864027344e-09	0
6283185.307179586	676.1261261261261	1	0.03304209708914918	-1.7215651699018053e-09	0
6283185.307179586	2039.6896896896897	1	-0.6897348346737848	-2.598118953782329e-10	1
6283185.307179586	3389.3393393393394	2	-1.0157306147155134	1.9602132820123906e-09	0
6283185.307179586	1441.3913913913914	1	0.442588618176194	-2.111889738040764e-10	2
6283185.307179586	1350.950950950951	2	-0.7988992660186385	6.149262734242111e-10	1
6283185.307179586	2415.3653653653655	1	-1.2892253407495562	-9.74256974508232e-10	2
6283185.307179586	2610.16016016016	1	1.3344505067348824	1.304323197229544e-10	2
6283185.307179586	822.2222222222223	2	-0.40001217221795593	9.266413646333793e-10	0
6283185.307179586	2164.914914914915	1	-0.6794516255556909	-1.8618388524645903e-09	0
6283185.307179586	3688.4884884884887	1	-0.8036973579044845	1.9781460781378698e-09	0
6283185.307179586	2004.904904904905	1	0.38846084096303457	-1.755055946740304e-09	0
6283185.307179586	2415.3653653653655	2	1.347318586343612	1.2074922098086058e-09	2
6283185.307179586	1483.1331331331332	1	-0.35246383360791755	1.7750035614140643e-09	0
6283185.307179586	2902.352352352352	1	-0.5582913981344855	1.550492884269231e-09	0
6283185.307179586	1719.6696696696697	2	-0.9863344746251178	1.2536685926493193e-09	0
6283185.307179586	1879.6796796796798	2	0.2879228654232566	-8.535592347572774e-10	0
6283185.307179586	690.04004004004	1	-1.3329041625231253	-1.1224398662848564e-09	2
6283185.307179586	2756.256256256256	2	-1.058745345436319	-1.1999202577439332e-09	0
6283185.307179586	2297.097097097097	1	1.0572678155140274	1.6477286238699832e-09	0
6283185.307179586	2387.5375375375374	1	0.7403036851478761	-1.694011817730005e-09	0
6283185.307179586	2728.4284284284286	2	1.2922318580685488	-1.301224771056345e-10	1
6283185.307179586	3006.706706706707	1	-1.452120955756401	-8.545919272974319e-10	1
6283185.307179586	2220.5705705705705	2	0.7905024183219691	-1.255350701311885e-10	1
6283185.307179586	432.63263263263264	1	-1.5071019242118393	-6.401741336854615e-10	2
6283185.307179586	717.8678678678679	1	-0.4318112066180666	1.907140793297009e-09	0
6283185.307179586	2644.944944944945	2	-0.5555393397644977	1.4257019686191606e-09	0
6283185.307179586	954.4044044044044	1	0.836326008432895	-1.1042877091342881e-09	0
6283185.307179586	891.7917917917919	2	-1.1598874507403045	-1.3028195450409088e-09	1
6283185.307179586	2429.2792792792793	2	0.6854574163969716	1.095021280042583e-09	0
6283185.307179586	2269.2692692692694	1	-0.4334908854603894	1.3082903826723284e-09	0
6283185.307179586	2053.603603603604	1	-1.470232530675977	-7.138753616268953e-10	2
6283185.307179586	1921.4214214214214	2	-0.22910902908009834	1.870419545527769e-09	0
6283185.307179586	1538.788788788789	1	-0.3464474800922679	1.6229513595834996e-09	0
6283185.307179586	1747.4974974974975	1	0.28417252224760414	-2.684005020644848e-10	2
6283185.307179586	3771.971971971972	2	1.2262632578978225	-1.5575605666064907e-09	0
6283185.307179586	2561.4614614614616	2	-1.2798274412965946	-2.573803627069003e-11	2
6283185.307179586	1650.1001001001002	2	1.0126883485034153	-5.332429234770815e-10	1
6283185.307179586	2568.4184184184187	2	0.010649976332876232	-1.995644369632364e-09	0
6283185.307179586	3577.1771771771773	2	-1.4975636588856933	1.4559363850355615e-09	2
6283185.307179586	2074.474474474475	1	-1.356157955278554	-7.222851252465225e-10	2
6283185.307179586	1698.7987987987988	1	0.4844833608473804	1.4663428198159468e-09	0
6283185.307179586	2164.914914914915	1	-0.33860809753222587	1.04028661590521e-10	2
6283185.307179586	1274.4244244244244	1	-1.2971048775418168	-1.765573689645923e-09	1
6283185.307179586	1281.3813813813815	2	1.318368482450317	-1.016686239711973e-09	2
6283185.307179586	3166.7167167167167	2	-0.4231240495743749	1.4055999296931434e-09	0
6283185.307179586	1288.3383383383384	2	1.3833523970464054	3.2526881310813025e-10	1
6283185.307179586	1796.1961961961963	2	-0.3089394006920363	-1.1260420915537926e-10	2
6283185.307179586	1824.0240240240241	2	0.5840301382736763	1.083051881625871e-09	0
6283185.307179586	759.6096096096096	1	-0.857441514684992	-1.8377593904158306e-09	0
6283185.307179586	1434.4344344344345	1	0.7253969411014469	1.891375090624621e-09	0
6283185.307179586	1170.0700700700702	2	-0.5452647271606004	-1.0314916617717304e-09	0
6283185.307179586	1977.077077077077	2	-1.208593532983651	-7.28174379729409e-12	2
6283185.307179586	1044.8448448448448	1	-0.7940619496155117	-4.647150726903613e-10	2
6283185.307179586	745.6956956956957	2	1.1254219199186424	-2.0477706226546295e-10	1
6283185.307179586	1295.2952952952953	2	0.6321369049760137	-9.79986750469336e-10	0
6283185.307179586	2039.6896896896897	1	1.470708828993125	-3.445093486026774e-10	1
6283185.307179586	1190.940940940941	2	-0.6520453070663873	-1.4489747475192281e-09	0
6283185.307179586	2011.8618618618618	1	0.45578728664455337	1.110947397653965e-09	0
6283185.307179586	1323.1231231231232	2	0.11032535123837417	-9.39333487550118e-10	0
6283185.307179586	564.8148148148148	1	-0.9700660899981028	-5.716250763686062e-10	2
6283185.307179586	2401.4514514514517	2	-0.40479393370194416	1.4439077355543845e-09	0
6283185.307179586	1246.5965965965966	2	-0.868912974549147	-2.486615168679044e-10	1
6283185.307179586	1413.5635635635635	2	-1.2353413366484771	1.9549918239769073e-09	0
6283185.307179586	905.7057057057058	1	-0.7816391635511157	1.0428952059261489e-09	0
6283185.307179586	2978.878878878879	2	1.4929947452955097	-9.815196444382948e-10	2
6283185.307179586	1163.113113113113	1	-1.4925384695547952	-1.4600511827719513e-09	2
6283185.307179586	3507.607607607608	1	-0.006500398841679411	-1.7325245487760568e-09	0
6283185.307179586	2408.4084084084084	1	0.5072097647791018	1.884979144898464e-09	0
6283185.307179586	2735.3853853853852	2	0.4792733195447716	-1.1549249140175064e-09	0
6283185.307179586	2637.987987987988	1	0.6520870312733069	-2.159745122962673e-10	1
6283185.307179586	2213.613613613614	2	1.3447098380832236	-1.801825474396142e-09	1
6283185.307179586	2220.5705705705705	2	0.9835408372487136	9.055041955193441e-10	0
6283185.307179586	3187.5875875875877	1	1.2469005287894146	7.983274978582078e-11	2
6283185.307179586	1629.2292292292293	1	0.6439414019444283	-2.826258246883256e-10	1
6283185.307179586	2505.805805805806	1	1.0045524347784296	1.6616747615388242e-09	0
6283185.307179586	2178.828828828829	2	1.0365206128989635	9.588803518105685e-10	0
6283185.307179586	3347.5975975975975	2	-0.6530825214549348	9.566942815533012e-10	0
6283185.307179586	801.3513513513514	2	-1.3894087766265817	1.4768349323639846e-09	2
6283185.307179586	2644.944944944945	2	-0.5865960403357774	-1.4411852906639973e-09	0
6283185.307179586	2484.934934934935	1	-0.19845274013132652	7.959832930333014e-10	0
6283185.307179586	1712.7127127127128	1	1.006834265223537	-1.6255043002991068e-09	0
6283185.307179586	2338.838838838839	2	-0.6702453010311299	-6.171508318137104e-10	0
6283185.307179586	2317.967967967968	1	-1.2107293164401054	4.87668076430984e-10	2
6283185.307179586	989.1891891891892	2	-0.9845319130954295	2.2363961480251177e-10	2
6283185.307179586	2401.4514514514517	2	0.8665515371750208	1.8254358983518718e-09	0
6283185.307179586	690.04004004004	2	1.1724844831440868	1.5264780089832473e-09	2
6283185.307179586	370.02002002002	1	1.4421064463041788	-4.804714708757283e-10	2
6283185.307179586	2039.6896896896897	2	1.0225308075534745	1.4889610340133555e-09	0
6283185.307179586	2756.256256256256	1	-0.10786771404622364	-2.862419733020154e-10	2
6283185.307179586	1928.3783783783783	2	-1.4462771898535072	1.5676225707349517e-09	2
6283185.307179586	843.0930930930931	1	0.7652778739061548	-1.1490819944508433e-09	0
6283185.307179586	1879.6796796796798	2	-0.7707084083381349	-1.1032893969125587e-09	0
6283185.307179586	912.6626626626627	2	0.994509377716787	-1.764034312582176e-09	0
6283185.307179586	2255.3553553553556	1	1.203817680814709	-6.19289085062023e-10	2
6283185.307179586	1580.5305305305305	2	-0.12993818126569545	-1.3793502662353083e-09	0
6283185.307179586	1580.5305305305305	1	-1.0332331012057618	-9.078999902016204e-10	2
6283185.307179586	342.1921921921922	1	-1.4514402618688804	-1.782827146156278e-09	2
6283185.307179586	1364.864864864865	2	-1.4214613891098122	7.762161217473691e-10	2
6283185.307179586	2387.5375375375374	1	-1.3931075346857347	-5.297943676894299e-10	2
6283185.307179586	1928.3783783783783	1	0.03104695523633194	3.902938840131137e-10	1
6283185.307179586	3278.028028028028	2	0.9575773609616309	-1.3476371951608164e-10	1
6283185.307179586	1371.821821821822	2	1.2253087545804746	-9.173278464523213e-10	2
6283185.307179586	1566.6166166166167	1	-1.1314597611685469	2.89602755439976e-10	2
6283185.307179586	1107.4574574574574	2	0.6927825823447535	-1.066075284419661e-09	0
6283185.307179586	1316.1661661661662	2	1.3923513758620878	-1.2468678005927322e-09	1
6283185.307179586	738.7387387387388	1	-1.5500086558504516	2.570493205744653e-10	1
6283185.307179586	1017.017017017017	1	0.5924219914821176	9.018720585498709e-10	0
6283185.307179586	1044.8448448448448	1	0.9468465719896835	1.7546563570306819e-09	0
6283185.307179586	3542.3923923923926	2	-0.6549793307035471	-1.3618964622783515e-09	0
6283185.307179586	2533.6336336336335	1	0.2175416026114121	-1.0398716363754777e-10	1
6283185.307179586	1385.7357357357357	2	-1.079922602253229	1.6743084689934587e-09	0
6283185.307179586	2171.871871871872	2	0.2529627438353059	-6.935935038121327e-11	2
6283185.307179586	2992.792792792793	2	-1.4028485461726672	9.355754896568856e-10	2
6283185.307179586	2102.3023023023025	1	0.36298602962036264	1.2221077872920265e-09	0
6283185.307179586	557.8578578578579	1	-0.3825430653438495	-8.602331541934469e-10	2
6283185.307179586	1691.8418418418419	1	1.5025845655266483	1.1296916562790083e-09	2
6283185.307179586	2770.1701701701704	2	0.38887577591916944	1.7805449901947306e-09	0
6283185.307179586	502.2022022022022	2	0.5327934548961313	-7.632526020197795e-10	0
6283185.307179586	1594.4444444444446	1	-0.03227229175228663	1.4500972878822786e-09	0
6283185.307179586	2164.914914914915	1	-1.0429626516068056	1.8080039814898556e-09	0
6283185.307179586	2707.5575575575576	2	-1.406240561888288	-1.3283763982499722e-09	2
6283185.307179586	2568.4184184184187	1	-0.26937920239374824	-9.001721273383383e-11	2
6283185.307179586	2777.127127127127	2	0.8926627061444448	-1.9724967298474245e-09	0
6283185.307179586	314.36436436436435	2	0.1625852407325885	1.9934716552793143e-09	1
6283185.307179586	1378.7787787787788	1	0.447069244473949	-1.139147235761938e-09	0
6283185.307179586	2784.084084084084	2	0.6864805343711939	1.1464293904597897e-09	0
6283185.307179586	3340.640640640641	1	1.0579437378597527	-1.077686071137284e-09	0
6283185.307179586	2060.5605605605606	1	1.1839881216787234	1.9691515976670046e-10	2
6283185.307179586	1114.4144144144145	1	1.1083658406201966	-1.5030065973053499e-09	0
6283185.307179586	2443.193193193193	1	0.26734003523730343	6.022134588656974e-10	0
6283185.307179586	2686.6866866866867	1	-0.7315567355243583	-1.3998484937679909e-09	0
6283185.307179586	2575.3753753753754	1	-0.07118975547854278	2.909056403586744e-10	2
6283185.307179586	2450.1501501501502	2	-0.7218182074307365	-1.6530184126326606e-10	2
6283185.307179586	2025.7757757757759	2	1.2356293926316875	-1.959860701281109e-09	0
6283185.307179586	2401.4514514514517	2	1.3980995031985213	-9.661612984462474e-10	1
6283185.307179586	1858.8088088088089	1	-1.4414038339176267	-5.721232536805051e-10	2
6283185.307179586	1177.027027027027	1	-1.4246646902760742	-1.9972497703359453e-09	2
6283185.307179586	1371.821821821822	2	0.6976492690271199	-1.1966197812763891e-09	0
6283185.307179586	1490.0900900900901	2	-1.3360167120250386	-1.2459453867992583e-09	2
6283185.307179586	870.9209209209209	2	-1.3867589741344608	1.5153181691627956e-09	2
6283185.307179586	1218.7687687687687	2	-1.179475857727033	9.645407904774136e-10	1
6283185.307179586	3319.76976976977	2	-0.3154893699134187	-1.1771832727402498e-09	0
6283185.307179586	1476.176176176176	1	-0.20769224241136652	1.1263279055066174e-09	0
6283185.307179586	2262.3123123123123	1	0.8498204207631264	7.331496538965993e-10	0
6283185.307179586	2832.7827827827828	2	-1.3719144522223583	-1.292612712476109e-09	1
6283185.307179586	1705.755755755756	2	-0.45394047929284986	-7.0889282764837e-10	0
6283185.307179586	2561.4614614614616	1	-0.5986295236725272	1.7999839800968113e-10	2
6283185.307179586	2721.4714714714714	1	0.37494723262631635	-1.4843294774991077e-09	0
6283185.307179586	1135.2852852852852	1	-1.017164004208464	-1.3976584968893603e-09	0
6283185.307179586	773.5235235235235	2	-0.0796675721518274	1.5172331396558288e-11	2
6283185.307179586	3271.071071071071	1	1.2513370282406697	-5.60725583318643e-10	2
6283185.307179586	2352.7527527527527	1	-1.4393847084620806	-2.4006458695537447e-10	1
6283185.307179586	2603.2032032032034	1	0.09992587218944116	-1.1237340178637512e-09	0
6283185.307179586	2547.5475475475478	1	-0.7297602019655057	9.675328793022474e-10	0
6283185.307179586	2345.795795795796	2	-0.7841703403625113	2.685548864101614e-10	1
6283185.307179586	1177.027027027027	1	-1.2363656387806576	-8.768267309837718e-10	2
6283185.307179586	1810.11011011011	1	1.1013116186130185	-8.340936050428986e-10	1
6283185.307179586	3465.865865865866	2	0.9202299532543758	4.671006760372208e-10	2
6283185.307179586	1886.6366366366367	2	-0.47219770875693934	-1.5183323787123132e-09	0
6283185.307179586	2199.6996996997	2	-0.9810161729542785	-7.77478254516706e-11	1
6283185.307179586	1691.8418418418419	2	0.39527306565357767	1.6986104654014544e-10	2
6283185.307179586	1622.2722722722724	2	0.6231203637411946	-8.566301158631631e-10	0
6283185.307179586	1427.4774774774776	1	0.7319993215346523	-9.983093061790878e-10	0
6283185.307179586	2763.2132132132133	2	0.23792705468312492	-1.9848154852032865e-09	0
6283185.307179586	1810.11011011011	1	-1.348944329830107	1.9305108046320973e-09	1
6283185.307179586	2624.0740740740744	1	1.2400362233654758	-1.052122332189315e-09	2
6283185.307179586	2206.6566566566567	1	-0.009010211181825545	1.6958639759281856e-09	0
6283185.307179586	1698.7987987987988	2	0.3238570719954694	-6.795909937219275e-10	0
6283185.307179586	857.007007007007	2	-0.8643730504151086	-2.167783887933993e-10	2
6283185.307179586	940.4904904904905	1	-0.12407253831969434	-5.750906740098114e-10	2
6283185.307179586	2317.967967967968	1	-0.03197792151221268	7.789964265534551e-10	0
6283185.307179586	1803.1531531531532	2	1.4449562167772747	-9.134741508354973e-10	1
6283185.307179586	1093.5435435435436	2	-0.8287995683471107	-7.170166150459383e-10	0
6283185.307179586	1483.1331331331332	2	-0.6116609067967007	-1.030980441638305e-09	0
6283185.307179586	752.6526526526527	2	-0.9268769173736557	1.5872643669260922e-09	0
6283185.307179586	2387.5375375375374	2	-0.4939214958702509	-6.17026417290052e-10	0
6283185.307179586	627.4274274274275	2	-1.207736252780355	1.6669736649737244e-09	1
6283185.307179586	2846.6966966966966	1	-0.7537948067398528	-1.7088266956008523e-09	0
6283185.307179586	1622.2722722722724	2	0.9186891543835833	-1.7470628809378545e-09	0
6283185.307179586	2067.5175175175173	1	-0.3383650792525532	1.7765902573712162e-09	0
6283185.307179586	1142.2422422422424	2	-1.1119535095229676	8.836739280742611e-10	2
6283185.307179586	2262.3123123123123	1	1.0921134682528062	2.6038948285833825e-10	2
6283185.307179586	2791.041041041041	1	-0.5531097937415566	1.4274742933671964e-09	0
6283185.307179586	1719.6696696696697	1	1.1205467357676517	8.777448769066648e-10	1
6283185.307179586	2749.2992992992995	1	-0.9159176709128245	1.463077459268109e-09	0
6283185.307179586	2464.064064064064	2	-0.6675706226943232	1.7608060133988972e-09	0
6283185.307179586	1615.3153153153153	1	-0.9893770871488755	1.4095268428477183e-09	0
6283185.307179586	2164.914914914915	2	-1.388672485133023	1.931111842138433e-09	2
6283185.307179586	2352.7527527527527	1	-0.6471496251212403	-1.2302920786813286e-09	0
6283185.307179586	975.2752752752752	2	-1.5156089943804636	-6.8971244913847986e-12	2
6283185.307179586	1990.9909909909911	2	-1.1491564989852463	6.745590870352768e-10	1
6283185.307179586	1316.1661661661662	1	-0.4956773635317737	-1.615403078408326e-09	0
6283185.307179586	2631.031031031031	2	0.8304770254902705	3.434484959116942e-10	1
6283185.307179586	745.6956956956957	2	-1.1782717068876578	-5.434281894372525e-10	2
6283185.307179586	2387.5375375375374	1	0.318014821065586	-1.5130469158968386e-10	2
6283185.307179586	2095.3453453453453	2	1.1565559668412382	1.3049997518813014e-10	2
6283185.307179586	891.7917917917919	2	1.514568383685556	4.738718670861301e-10	1
6283185.307179586	1768.3683683683685	1	-0.901793184261651	1.658848141674058e-10	2
6283185.307179586	822.2222222222223	2	-1.0733686316357178	1.4635800409173472e-09	2
6283185.307179586	2276.226226226226	1	0.06844002051297648	-1.2230562012057648e-09	0
6283185.307179586	1413.5635635635635	1	-0.4491184569073552	-3.6789336088142705e-10	1
6283185.307179586	1302.2522522522522	1	-0.6682710306678055	-1.942530284035842e-09	0
6283185.307179586	2742.3423423423424	1	1.5204063628011006	-1.359286189179831e-09	2
6283185.307179586	2220.5705705705705	2	-0.8431284680200976	-9.682587742816856e-10	0
6283185.307179586	1761.4114114114116	1	0.636516874678096	8.279280338231682e-10	0
6283185.307179586	1545.7457457457458	1	-0.8570668162254514	1.1964778154329106e-09	0
6283185.307179586	3222.3723723723724	1	-1.1807204449173008	1.9310355917020242e-10	2
6283185.307179586	1956.2062062062062	2	1.4667937551827102	6.713106439722861e-10	2
6283185.307179586	710.910910910911	1	0.2595146801457302	-1.8586592690677649e-09	0
6283185.307179586	1378.7787787787788	2	0.9995160093293585	-1.5110376395111903e-09	0
6283185.307179586	2137.087087087087	2	1.0095536891602515	4.868307325535928e-10	1
6283185.307179586	1900.5505505505505	1	0.5323028426272289	-5.864046065821218e-10	0
6283185.307179586	1817.0670670670672	2	-1.0916107673466486	-1.3835955881781424e-09	0
6283185.307179586	1107.4574574574574	2	1.184453758817535	5.015001568632867e-10	1
6283185.307179586	2046.6466466466468	1	-1.4377603477943894	-5.029140208653455e-10	2
6283185.307179586	2331.881881881882	1	-0.857205198900294	-1.6750183875763798e-09	0
6283185.307179586	1010.0600600600601	1	-1.0346730942133986	-8.980372803035817e-11	2
6283185.307179586	3312.812812812813	2	1.0099776934439442	-1.1730096829855286e-09	0
6283185.307179586	2401.4514514514517	1	0.8433326029248907	1.5194583713219343e-09	0
6283185.307179586	1337.0370370370372	1	-1.1726182603036779	6.046027442855565e-10	2
6283185.307179586	1844.8948948948948	1	0.6205603051992701	8.395758652934826e-10	0
6283185.307179586	3041.4914914914916	2	0.06553923828664465	-1.6572155142275733e-09	0
6283185.307179586	1796.1961961961963	1	-0.9079925130752873	4.6355983913792117e-10	2
6283185.307179586	3229.3293293293295	2	-1.5067039644306202	1.932431367307331e-09	2
6283185.307179586	3243.2432432432433	2	0.6370574854912356	-1.5008211927136906e-09	0
6283185.307179586	1851.851851851852	2	0.8193678133969531	-1.5369904930243245e-09	0
6283185.307179586	1281.3813813813815	1	1.4994503440171143	-7.20252719979849e-11	2
6283185.307179586	1253.5535535535537	2	-0.7265514154804233	9.89736524058638e-10	0
6283185.307179586	2269.2692692692694	2	-1.0354924367316205	-9.735642718157937e-10	0
6283185.307179586	1824.0240240240241	1	-0.911208099467335	-8.787303018339606e-10	0
6283185.307179586	850.0500500500501	2	1.3563613830188426	-1.4199893148530937e-09	1
6283185.307179586	488.2882882882883	1	-0.6021258070359902	-3.9687785510028245e-10	2
6283185.307179586	3883.2832832832833	1	-1.5290191151406476	4.6341368911061773e-10	2
6283185.307179586	3257.157157157157	1	-0.6206760151935526	-2.318860652589109e-10	1
6283185.307179586	2679.72972972973	1	0.6172804015745181	-4.6555011237408217e-11	2
6283185.307179586	982.2322322322323	2	1.271078221266186	1.1791732667179641e-09	1
6283185.307179586	1497.047047047047	1	0.5696917946062237	2.777580424474583e-10	2
6283185.307179586	1830.980980980981	1	1.3527446282053148	9.205025138429236e-10	2
6283185.307179586	2227.5275275275276	2	0.6474871607022239	1.5381412737935184e-09	0
6283185.307179586	1517.917917917918	2	1.519598196137124	-3.2282560482197913e-10	2
6283185.307179586	3834.5845845845847	1	-0.7479236023323457	1.6685468000819403e-09	0
6283185.307179586	1990.9909909909911	2	1.1861718974888733	1.5767198290941944e-09	0
6283185.307179586	662.2122122122122	2	-0.04624599525107009	1.1332768627121566e-09	0
6283185.307179586	1010.0600600600601	1	-0.8343082494602826	-1.2919237340499277e-09	0
6283185.307179586	2707.5575575575576	1	1.2435027522534843	-1.2871351698658908e-09	0
6283185.307179586	1684.884884884885	2	-1.5695787010153675	1.862754178941027e-09	2
6283185.307179586	3549.3493493493493	1	0.78692692148962	-1.2024464183526354e-09	0
6283185.307179586	1406.6066066066066	1	0.7732519131101481	-5.827759828615592e-10	2
6283185.307179586	2637.987987987988	1	-0.211981830614844	9.15116902798677e-10	0
6283185.307179586	1664.014014014014	2	-0.484254751529293	1.882389063616146e-09	0
6283185.307179586	2561.4614614614616	2	-1.280020677361432	1.6651375558445347e-09	0
6283185.307179586	1942.2922922922924	1	-1.3298006388981012	-9.712337858217973e-10	2
6283185.307179586	2624.0740740740744	1	0.5789038495469971	-1.0646636425655884e-09	0
6283185.307179586	703.9539539539539	1	0.9214868916683883	1.8059676224973346e-09	0
6283185.307179586	3312.812812812813	2	-0.4815748125897201	-1.8576365195737652e-09	0
6283185.307179586	2213.613613613614	1	-0.37624197081224486	-1.6250031803034803e-09	0
6283185.307179586	1023.973973973974	2	0.6830113800908406	9.767004011511549e-10	0
6283185.307179586	1483.1331331331332	2	-1.0373098304179742	-1.1854714830507716e-09	0
6283185.307179586	863.963963963964	2	0.2755010279085828	-9.191169931473962e-10	0
6283185.307179586	1796.1961961961963	1	0.09648379733557455	-6.403632105809245e-10	0
6283185.307179586	502.2022022022022	1	-0.5991366595159542	1.4037090518388444e-09	0
6283185.307179586	1893.5935935935936	1	-0.7452877349031236	-8.307384821461677e-10	0
6283185.307179586	808.3083083083084	1	-1.173120138715513	7.610792666556727e-11	2
6283185.307179586	1517.917917917918	2	-0.2044119742456194	-9.553254640152074e-10	0
6283185.307179586	968.3183183183183	2	1.2721045063869831	-5.827384410835105e-10	1
6283185.307179586	2331.881881881882	1	-0.06346022123386263	1.6147785051508938e-10	2
6283185.307179586	2304.054054054054	2	1.169006815195213	-1.3108516890265577e-09	0
6283185.307179586	376.97697697697697	1	1.2732082169385706	6.750664800407687e-10	2
6283185.307179586	1824.0240240240241	2	1.3996594115819807	1.999345727001023e-09	2
6283185.307179586	1371.821821821822	2	0.023300021816826444	-1.36040157464278e-10	0
6283185.307179586	2157.957957957958	1	-1.3547883479540603	1.4878672708018443e-09	2
6283185.307179586	1497.047047047047	2	-0.7102184572805762	1.1289750609955738e-10	2
6283185.307179586	1156.1561561561562	2	-1.3446960387844935	3.1519363210185297e-10	2
6283185.307179586	780.4804804804805	2	-1.4476534753182273	-6.406127338883199e-10	2
6283185.307179586	1378.7787787787788	2	0.7589554480094423	-9.135312034643888e-10	0
6283185.307179586	2081.4314314314315	2	0.466669881319973	-9.84657312109493e-10	0
6283185.307179586	1232.6826826826828	1	-0.7304072076955754	1.85824150159162e-09	0
6283185.307179586	1260.5105105105106	1	0.7147888748829074	1.8549766361535056e-09	0
6283185.307179586	2471.021021021021	1	0.31060632638417673	9.88197629900218e-11	2
6283185.307179586	1566.6166166166167	2	-0.41532679432500985	-1.1322685335014102e-09	0
6283185.307179586	877.877877877878	2	0.4129415306527633	9.917003837657313e-10	0
6283185.307179586	2276.226226226226	2	-0.07786141678810954	-1.2387509290847634e-09	0
6283185.307179586	1615.3153153153153	2	-0.9727760072451481	1.5115679645505968e-09	0
6283185.307179586	2408.4084084084084	2	0.6573102581236205	9.303907780608288e-10	0
6283185.307179586	1594.4444444444446	1	1.4019143911395227	7.779521046021116e-10	2
6283185.307179586	773.5235235235235	2	0.6607738304904909	-1.8475770314303778e-09	0
6283185.307179586	2151.001001001001	2	0.05914969530214309	1.6366250125143134e-09	0
6283185.307179586	613.5135135135135	1	-1.109379898183597	1.852011175572247e-09	0
6283185.307179586	1858.8088088088089	2	0.4510510334056872	-9.59950784070334e-10	0
6283185.307179586	898.7487487487488	1	0.7909297890880373	1.6560108438052872e-09	0
6283185.307179586	1754.4544544544544	1	-0.9403791745067889	1.081590181559162e-09	0
6283185.307179586	1142.2422422422424	2	-1.1684037316443732	1.4037098247959158e-09	2
6283185.307179586	2102.3023023023025	2	1.0123378730108992	-1.2468316283242778e-09	0
6283185.307179586	620.4704704704704	2	0.45494716489816156	1.3972005845124053e-09	0
6283185.307179586	1629.2292292292293	2	0.5708697452444378	-9.623952056100463e-10	0
6283185.307179586	787.4374374374374	2	0.014335584623154096	-7.26524637067378e-10	0
6283185.307179586	2366.6666666666665	1	0.5999981485381323	-1.288964647439057e-09	0
6283185.307179586	891.7917917917919	2	0.6981849174728136	-1.6104797389960433e-09	0
6283185.307179586	2443.193193193193	2	1.0843792595140718	9.074903085284511e-10	0
6283185.307179586	1928.3783783783783	1	0.8127804239353718	1.4782764880864912e-09	0
6283185.307179586	696.996996996997	2	-0.21837890291482376	1.3160997738535326e-10	2
6283185.307179586	2290.1401401401404	1	0.7292355259913625	1.1537926701679107e-09	0
6283185.307179586	3431.0810810810813	2	-1.5608636611243052	-1.1374849721363032e-09	2
6283185.307179586	1100.5005005005005	1	1.554164880731884	-1.1678063288480121e-09	2
6283185.307179586	1587.4874874874874	2	-1.1470964493304192	-6.01770969022474e-10	2
6283185.307179586	2311.011011011011	1	-0.6875621982466391	-9.743310072264984e-10	0
6283185.307179586	3862.4124124124123	1	1.4183570460406192	3.3603210152382424e-10	2
6283185.307179586	3667.6176176176177	1	-0.33717468366431014	-1.4458792727566628e-09	0
6283185.307179586	1545.7457457457458	2	-0.18130864775538957	1.580889801108996e-09	0
6283185.307179586	2060.5605605605606	1	0.008327393687119988	-4.698464034721052e-10	0
6283185.307179586	3222.3723723723724	1	-1.5169800890035032	9.45658858556194e-10	1
6283185.307179586	1538.788788788789	2	1.5534853668225144	-7.94201783698368e-12	2
6283185.307179586	1135.2852852852852	1	-1.0294719587504084	-1.6371804842482615e-09	0
6283185.307179586	4078.0780780780783	2	-0.7918014131576867	-1.579469102046637e-09	0
6283185.307179586	2227.5275275275276	2	0.521450774223922	4.0932798714873636e-10	2
6283185.307179586	752.6526526526527	2	0.7026940466598108	-1.3064335297113845e-09	0
6283185.307179586	2394.4944944944946	1	1.1980977039548613	-8.098043545934067e-11	2
6283185.307179586	1065.7157157157158	2	0.39082652791647776	1.7408456588829889e-09	0
6283185.307179586	2095.3453453453453	1	-1.4366783953602977	1.1790995399023458e-09	1
6283185.307179586	1044.8448448448448	2	0.06372407221191856	-1.5803846994282124e-09	0
6283185.307179586	2714.5145145145148	1	0.3225690059293014	-1.3299400050322979e-09	0
6283185.307179586	877.877877877878	1	0.5997905515765707	1.4603748057286334e-09	0
6283185.307179586	2951.051051051051	2	-0.5988869129020946	-1.1279524753033488e-09	0
6283185.307179586	891.7917917917919	2	0.5843199402825685	-1.316634087957507e-09	0
6283185.307179586	2144.0440440440443	2	-0.742208697281521	1.2514733240505255e-09	0
6283185.307179586	1670.970970970971	1	-1.3526958695990543	-1.879030706010492e-09	2
6283185.307179586	3472.822822822823	1	-0.4284298921532139	1.197680361047565e-09	0
6283185.307179586	3709.3593593593596	2	1.279684618331387	7.092038241519785e-11	2
6283185.307179586	1483.1331331331332	2	-1.2513578412550364	1.6607741670354422e-09	0
6283185.307179586	606.5565565565565	1	0.8763991682001642	-1.5341857126705147e-09	0
6283185.307179586	1879.6796796796798	2	-1.4542661523082658	1.8468646899956891e-09	2
6283185.307179586	1058.7587587587586	2	0.4683074795488462	1.3207282253163756e-09	0
6283185.307179586	314.36436436436435	2	-1.4132072460390368	-5.953969449772289e-10	2
6283185.307179586	1114.4144144144145	2	1.3218987464316836	-1.628036107345384e-09	2
6283185.307179586	2144.0440440440443	1	-1.1269082116449776	-1.9406323085459946e-09	0
6283185.307179586	2825.825825825826	1	-0.03905098214314995	-1.7136210510141533e-09	0
6283185.307179586	3500.6506506506507	2	1.4419903428458793	1.093257276129094e-09	2
6283185.307179586	2728.4284284284286	2	-0.7931062875631235	-4.848696526717844e-10	1
6283185.307179586	710.910910910911	2	-0.9572817143634031	1.629532806251149e-09	0
6283185.307179586	1058.7587587587586	1	-0.47911562153863274	-8.289764559508274e-10	0
6283185.307179586	1907.5075075075076	1	1.1393860931735649	6.467871816454734e-11	2
6283185.307179586	1323.1231231231232	2	0.9785127694602869	-1.229021707757421e-09	0
6283185.307179586	1594.4444444444446	1	-1.2856062866511757	1.6771109677353724e-09	0
6283185.307179586	2832.7827827827828	2	-0.30759493738054244	-1.4873243202721344e-09	0
6283185.307179586	731.7817817817818	2	1.4927149317513466	-6.418227810841217e-10	2
6283185.307179586	1636.1861861861862	1	1.3093291276086143	9.952085754865769e-10	2
6283185.307179586	1670.970970970971	1	0.4514560002103951	-1.06085530396108e-09	0
6283185.307179586	982.2322322322323	1	0.3431958700416815	1.5181087138048146e-09	0
6283185.307179586	982.2322322322323	1	-0.0715099229434113	1.6362014702764776e-09	0
6283185.307179586	1218.7687687687687	1	1.043379441685032	-1.4658537295645863e-09	0
6283185.307179586	1302.2522522522522	2	-0.23168672319160288	1.5564970260769321e-09	0
6283185.307179586	1483.1331331331332	1	-1.2801058830498993	1.2270527508262176e-09	2
6283185.307179586	1427.4774774774776	2	-1.4238033515017827	7.948072013596604e-10	2
6283185.307179586	2825.825825825826	2	0.4395037705556537	-1.9209209534728664e-09	0
6283185.307179586	1058.7587587587586	1	1.070581831257956	-1.7085494879216966e-09	0
6283185.307179586	2519.7197197197197	2	-0.4220949732110284	-1.164917625059243e-09	0
6283185.307179586	1510.960960960961	2	1.339513287308757	1.2405284563493945e-09	2
6283185.307179586	3410.2102102102103	2	-0.06891790743762205	1.8154782025652482e-09	0
6283185.307179586	1204.854854854855	2	1.4456849761456887	6.618365782825285e-10	2
6283185.307179586	1921.4214214214214	2	-1.5415479794996358	3.1513321789654815e-11	2
6283185.307179586	2199.6996996997	2	0.11981439995739396	-7.813471618847082e-10	0
6283185.307179586	1197.897897897898	1	-0.9007023153195324	-1.3188734625926344e-09	0
6283185.307179586	1330.08008008008	2	-0.9407146458516382	1.8084754696176223e-09	0
6283185.307179586	2429.2792792792793	1	0.11722954732483881	-6.671054136567932e-10	0
6283185.307179586	2130.13013013013	2	1.0761971140798292	1.553395659948026e-10	2
6283185.307179586	321.3213213213213	2	1.0602979605459435	-7.871546104308523e-10	0
6283185.307179586	2185.7857857857857	2	0.9448543858682004	-7.201866783755745e-10	0
6283185.307179586	1497.047047047047	2	-0.14849773616807282	1.738826348716417e-09	0
6283185.307179586	1984.034034034034	2	-0.4913443473595063	6.001904715571493e-10	0
6283185.307179586	2116.2162162162163	2	1.005860793720672	-9.068972415077866e-10	0
6283185.307179586	1900.5505505505505	1	1.1117933918017382	-1.0512668598413787e-09	0
6283185.307179586	1664.014014014014	2	-0.6572858070052491	-1.9987379889620393e-09	0
6283185.307179586	1879.6796796796798	2	1.1808755134888917	-3.539001476257245e-10	1
6283185.307179586	940.4904904904905	2	-0.7062565158816996	3.3041864795595127e-10	2
6283185.307179586	2582.3323323323325	1	-0.8442855463138823	-9.104276164037728e-10	0
6283185.307179586	1337.0370370370372	1	0.5630824479711807	5.923893114741441e-10	0
6283185.307179586	2763.2132132132133	2	-0.7084562984377133	-2.785655777478984e-10	2
6283185.307179586	1197.897897897898	1	0.6916439025680883	-1.581780625764068e-09	0
6283185.307179586	794.3943943943945	2	1.3306265944277444	8.312156149781173e-10	1
6283185.307179586	1935.3353353353355	2	-0.7932070905367815	1.3520993472355563e-11	2
6283185.307179586	1608.3583583583584	1	0.3479120356219989	-1.4034769338573177e-09	0
6283185.307179586	3319.76976976977	1	1.3932646248054215	-1.975376802238431e-09	1
6283185.307179586	1997.947947947948	1	0.7284311457191017	9.676489634157774e-11	2
6283185.307179586	1684.884884884885	1	0.8564160571470638	-1.939529858733872e-09	0
6283185.307179586	676.1261261261261	2	1.5383906247699954	1.3495374726345007e-09	2
6283185.307179586	2450.1501501501502	2	1.2876421456334488	-1.7076808771604896e-09	0
6283185.307179586	1003.1031031031031	2	-1.5029255748991845	7.05471197341351e-10	2
6283185.307179586	961.3613613613613	1	1.2313829194581136	1.9259056296952416e-09	0
6283185.307179586	905.7057057057058	1	-0.8139430286872882	6.14735328384139e-10	2
6283185.307179586	3813.713713713714	2	-0.6499285392453652	1.2357707833752422e-09	0
6283185.307179586	989.1891891891892	2	-0.036257376202896596	1.624281282988077e-09	0
6283185.307179586	1858.8088088088089	2	-0.16240516012449935	1.9230520002797514e-09	0
