axial trapping frequency (MHz) 	 velocity(m/s) 	 ion collided with 	 angle(rads) 	 collision offset(m) 	 reorder? (1 is reorder 2 is ejection) 
6283185.307179586	1128.3283283283283	1	-0.816712680204871	-1.5496361039644625e-09	0
6283185.307179586	1858.8088088088089	2	-1.5514214043223824	1.6580490726390762e-09	2
6283185.307179586	1664.014014014014	1	-0.7048594521787629	-6.857495655041137e-10	0
6283185.307179586	808.3083083083084	2	0.030023104486402108	-1.2803952851015948e-09	0
6283185.307179586	2032.7327327327328	2	-1.1305861968693907	1.48665479316846e-09	0
6283185.307179586	1733.5835835835837	2	0.18985299540267198	8.172222861491747e-10	0
6283185.307179586	2491.891891891892	1	0.36051737164152864	-4.0641387253922106e-10	0
6283185.307179586	2192.742742742743	2	0.9856913853887028	9.843940737777859e-10	0
6283185.307179586	1295.2952952952953	1	1.0638749539920447	-1.8528408283428838e-09	0
6283185.307179586	2130.13013013013	1	0.9562788612538204	1.5984120586694942e-10	2
6283185.307179586	1364.864864864865	1	-0.9699437252487542	2.713973382253041e-10	2
6283185.307179586	1225.7257257257259	1	-0.2555269205407307	-4.077941446634918e-10	0
6283185.307179586	2144.0440440440443	2	0.3322942177280672	1.2537248461828179e-09	0
6283185.307179586	926.5765765765766	1	-1.3707305894901187	4.492302593444511e-10	1
6283185.307179586	1343.993993993994	1	-0.12633974644116353	1.491719087100716e-09	0
6283185.307179586	2185.7857857857857	2	0.629214197865672	-1.8344272445768916e-09	0
6283185.307179586	1935.3353353353355	2	1.5335283875454668	7.179778703349683e-10	2
6283185.307179586	717.8678678678679	1	0.16517110829788728	-6.294822017864027e-10	0
6283185.307179586	2763.2132132132133	1	0.05341714690474042	-7.756606460224513e-10	0
6283185.307179586	1545.7457457457458	2	-0.7258330599739888	-9.288568264870456e-11	2
6283185.307179586	1128.3283283283283	1	0.4390568542775064	-2.9665227265481114e-10	0
6283185.307179586	2603.2032032032034	2	-0.8724280508617657	8.983933203513476e-10	0
6283185.307179586	2477.977977977978	1	0.8312101296419594	-1.2202860827956155e-09	0
6283185.307179586	1942.2922922922924	1	0.5139506396766964	8.467940877632333e-10	0
6283185.307179586	2081.4314314314315	1	-0.31442904371882374	1.0561408206690129e-09	0
6283185.307179586	2895.3953953953956	1	1.2999648244046336	3.6475212234204273e-10	2
6283185.307179586	1879.6796796796798	1	0.4019620299976079	-8.232868317266e-10	0
6283185.307179586	1072.6726726726727	1	-0.281397752932532	-1.8466707137993674e-09	0
6283185.307179586	1023.973973973974	1	-0.3899298916544569	-2.931480041552121e-10	0
6283185.307179586	2547.5475475475478	2	-0.4866013334707018	-1.1284946758971195e-09	0
6283185.307179586	1705.755755755756	1	1.2663057940945808	1.4416286748264655e-09	2
6283185.307179586	1246.5965965965966	2	0.761077199644657	-1.4548896522429807e-09	0
6283185.307179586	1782.2822822822823	2	-0.38598127044027253	9.069395464498583e-10	0
6283185.307179586	2206.6566566566567	2	-1.1362986575248075	-5.799708238198013e-11	2
6283185.307179586	2130.13013013013	1	1.2891467706583208	1.8802100863509463e-09	0
6283185.307179586	1504.004004004004	1	-0.8168716790192844	8.523491232119957e-10	1
6283185.307179586	4300.7007007007005	2	0.13560827947538345	1.32121634015237e-09	0
6283185.307179586	2554.5045045045044	2	1.2837994728418627	5.291773086906507e-10	1
6283185.307179586	1921.4214214214214	2	0.5157050782361314	-2.978363925238475e-10	2
6283185.307179586	2825.825825825826	2	0.12943642300105895	1.1394571025775043e-09	0
6283185.307179586	1782.2822822822823	1	0.963586264548213	1.5469761438900238e-09	0
6283185.307179586	1350.950950950951	2	-0.032955008836238475	1.9316009720203396e-09	0
6283185.307179586	1302.2522522522522	1	-0.5241353191819664	-1.972341391255337e-09	0
6283185.307179586	1337.0370370370372	2	-0.11897661983572361	-1.2158471167029897e-09	0
6283185.307179586	3124.974974974975	2	1.2065757344064472	1.6488417445653982e-09	0
6283185.307179586	1246.5965965965966	2	0.35889089017740594	4.181259332568445e-10	0
6283185.307179586	2324.924924924925	1	-1.3989289525467168	-4.583162210374475e-10	1
6283185.307179586	2248.3983983983985	1	0.9098552684614498	1.4421881560224603e-09	0
6283185.307179586	1566.6166166166167	2	0.4253684347972775	-1.7977871066270215e-09	0
6283185.307179586	1851.851851851852	1	-1.4542974709219856	1.424367698263395e-09	1
6283185.307179586	2130.13013013013	1	1.1303500062071214	8.829243091801933e-10	1
6283185.307179586	975.2752752752752	2	1.4822215480095755	-1.3499342204380783e-09	2
6283185.307179586	2206.6566566566567	1	0.1507961562502511	1.4560233701520238e-10	0
6283185.307179586	1782.2822822822823	1	0.45323967319508096	-1.3372673760886734e-09	0
6283185.307179586	1295.2952952952953	1	0.6349967088985413	-1.7920684302057707e-09	0
6283185.307179586	1997.947947947948	2	0.02153157272949424	-1.9224437568212082e-09	0
6283185.307179586	1107.4574574574574	1	0.7636191274097004	6.993116639354293e-10	2
6283185.307179586	1420.5205205205204	2	1.0623937716508243	7.974051188477029e-10	0
6283185.307179586	703.9539539539539	1	-0.5996451392317563	-5.741221826056293e-10	0
6283185.307179586	2206.6566566566567	1	0.4502274375860078	-1.3308691516110063e-09	0
6283185.307179586	2227.5275275275276	1	1.2733705846827132	-1.5528319445943787e-09	0
6283185.307179586	1142.2422422422424	2	0.263667845390565	-1.2977962854028623e-09	0
6283185.307179586	585.6856856856857	1	-1.156571738944944	1.1178803059868251e-10	1
6283185.307179586	2797.997997997998	1	1.4944403302316802	-3.711491542295602e-10	2
6283185.307179586	342.1921921921922	2	-0.49711140534566867	-1.1461074696299326e-09	0
6283185.307179586	2637.987987987988	2	0.5445845786250079	-2.5324896172067076e-10	2
6283185.307179586	836.1361361361362	1	-0.23436428224236083	1.7120337975773248e-09	0
6283185.307179586	1803.1531531531532	1	0.9290237186928976	1.1882254088984574e-09	0
6283185.307179586	2985.835835835836	2	0.24805705734487105	-1.4868384189767385e-09	0
6283185.307179586	1135.2852852852852	2	-0.7563064580336011	8.970826155302978e-10	0
6283185.307179586	1044.8448448448448	2	0.11320628280706879	1.2918791183997133e-09	0
6283185.307179586	1664.014014014014	2	0.5148619380951214	-5.1637697676898953e-11	1
6283185.307179586	2345.795795795796	1	-0.8230180240689169	-4.932987064628872e-10	1
6283185.307179586	1093.5435435435436	1	-1.444230430018096	7.209806496376965e-11	1
6283185.307179586	1719.6696696696697	1	-1.0743862706029759	1.925298662655681e-09	0
6283185.307179586	1448.3483483483483	2	0.42396029028479654	-4.783617922755549e-10	2
6283185.307179586	1872.7227227227227	2	-0.02920353533818143	-6.016017019233486e-11	0
6283185.307179586	3048.4484484484487	2	0.19735881398226995	-1.0742198460425537e-09	0
6283185.307179586	2846.6966966966966	2	-0.13785315118577768	1.2111363040386147e-10	0
6283185.307179586	961.3613613613613	1	-0.07866682869023478	-2.5735984483773287e-11	0
6283185.307179586	989.1891891891892	2	0.3794045466883256	-8.349838698184368e-10	2
6283185.307179586	1371.821821821822	2	1.419764321351268	5.023589783816239e-10	2
6283185.307179586	1260.5105105105106	2	0.6315157598122103	4.006301853084122e-10	0
6283185.307179586	2881.4814814814818	1	-1.289693008600206	1.9330844770017646e-10	1
6283185.307179586	1274.4244244244244	1	-0.32689911040107367	-1.3215299062958586e-10	2
6283185.307179586	1837.937937937938	1	-0.058917260175152864	3.346342744996416e-10	0
6283185.307179586	1552.7027027027027	2	-1.3787676377850147	-1.6089167736288671e-09	2
6283185.307179586	968.3183183183183	2	1.2422204698865804	1.6482817658601726e-09	0
6283185.307179586	2241.4414414414414	1	-0.3450447136669681	-1.8024159839877304e-09	0
6283185.307179586	731.7817817817818	2	-1.0659713018013612	-1.8891149582446058e-09	2
6283185.307179586	1573.5735735735736	1	0.8629731796385065	-1.5393886415963981e-09	0
6283185.307179586	1309.2092092092093	2	0.18675139541674057	3.1762665203887824e-10	0
6283185.307179586	1371.821821821822	2	-0.7213946514795821	-8.625711214403378e-10	0
6283185.307179586	1163.113113113113	2	-1.4090599248134168	1.6931306157133865e-09	2
6283185.307179586	2345.795795795796	1	1.1815106510567333	4.5112861201657626e-10	2
6283185.307179586	1288.3383383383384	1	1.266853777787242	-5.054368271191351e-10	2
6283185.307179586	1149.1991991991993	1	-1.2347297622085622	-7.502504409683062e-10	2
6283185.307179586	2220.5705705705705	2	-1.5271136549943112	1.989702894945106e-09	2
6283185.307179586	1670.970970970971	2	-0.6433885739993959	3.4151126739322805e-10	2
6283185.307179586	947.4474474474474	1	0.5824540131881304	-3.1460865916833445e-10	0
6283185.307179586	2380.5805805805808	2	1.480122906919171	-1.9938107558570715e-09	2
6283185.307179586	1420.5205205205204	2	1.5512083292423893	9.297219754887254e-10	1
6283185.307179586	2839.73973973974	1	-0.9077040929582617	-1.0219628052898112e-09	0
6283185.307179586	1190.940940940941	1	-1.4731121177235698	-5.45006921062385e-10	1
6283185.307179586	363.06306306306305	2	1.3955730772549066	8.62658797811843e-10	2
6283185.307179586	2770.1701701701704	2	-1.2523993477257704	-1.3999973262420457e-09	0
6283185.307179586	1462.2622622622623	1	1.2395166213150217	7.012219064628018e-10	2
6283185.307179586	2248.3983983983985	2	-0.6109538600137131	8.096463929126781e-10	0
6283185.307179586	1580.5305305305305	1	0.44745249954540833	-1.4157581821209947e-09	0
6283185.307179586	2735.3853853853852	1	0.8264353325285008	1.0637081825951998e-09	0
6283185.307179586	1330.08008008008	1	-0.6677777274729986	1.7043223819893752e-09	0
6283185.307179586	2304.054054054054	2	0.8022982453550145	-1.9522537879497976e-09	0
6283185.307179586	1984.034034034034	1	-0.32507483252885283	-5.904027224133316e-10	0
6283185.307179586	648.2982982982983	2	0.09567806053743899	9.288222272546884e-10	0
6283185.307179586	1357.9079079079079	2	0.7128413431064642	-1.3438280167666715e-11	1
6283185.307179586	1872.7227227227227	2	-0.7567433455930015	-1.608119784247124e-09	0
6283185.307179586	1510.960960960961	1	0.7537684420506223	-1.4721979952418285e-09	0
6283185.307179586	1434.4344344344345	2	1.0142573063151223	-2.957156128554171e-10	1
6283185.307179586	2436.2362362362364	2	-1.5405988729455893	-1.6443563563616661e-09	2
6283185.307179586	2471.021021021021	1	1.2730087697902852	8.449664392901112e-10	2
6283185.307179586	2074.474474474475	1	1.5221136698599937	-1.0869857383948434e-09	2
6283185.307179586	1044.8448448448448	2	-1.448708629408083	-8.348048727186894e-10	2
6283185.307179586	1566.6166166166167	1	-1.2305537395735322	1.6487062105061932e-09	0
6283185.307179586	1782.2822822822823	2	1.0114939805494703	-1.653269260762024e-09	0
6283185.307179586	2171.871871871872	2	-0.4210834812508042	-2.757627689319833e-10	2
6283185.307179586	1775.3253253253254	2	0.5325901068831369	-1.9076477747335914e-09	0
6283185.307179586	1364.864864864865	1	1.1563028546075982	-9.503812600717004e-10	2
6283185.307179586	1921.4214214214214	1	-0.26243324762646103	-9.383631333071536e-10	0
6283185.307179586	1726.6266266266266	1	-0.21535814748763005	1.960403370105262e-10	2
6283185.307179586	2081.4314314314315	1	-0.7932583137186641	4.0910641185337714e-10	2
6283185.307179586	1538.788788788789	1	-1.076792321938698	-1.972936687360073e-10	2
6283185.307179586	2450.1501501501502	1	0.10467512716569005	5.333053895298988e-10	0
6283185.307179586	1684.884884884885	1	-0.01727361465325372	-8.911706708917301e-10	0
6283185.307179586	1559.6596596596596	2	-0.16899584171591608	-1.9964300334238774e-10	0
6283185.307179586	1156.1561561561562	1	-0.5299459829341278	-1.7471133518686999e-09	0
6283185.307179586	919.6196196196197	1	1.2407067305165609	-9.116127230109586e-10	2
6283185.307179586	829.1791791791792	2	-1.1894100067704025	-3.756551535832871e-10	2
6283185.307179586	2373.6236236236236	2	1.372216832650802	-1.513346779869693e-09	2
6283185.307179586	3410.2102102102103	2	-1.2300314044815814	-4.0917501798554883e-10	2
6283185.307179586	1204.854854854855	1	1.4520919413812505	3.6335471920090706e-10	2
6283185.307179586	2707.5575575575576	2	-0.5949197471704916	9.399670771127276e-10	0
6283185.307179586	1476.176176176176	1	-0.07690758458552382	-1.318582109463916e-09	0
6283185.307179586	2672.772772772773	1	1.025626509291944	1.943917542388147e-09	0
6283185.307179586	1350.950950950951	1	0.9267624506509762	-1.586674681665377e-09	0
6283185.307179586	2185.7857857857857	2	-0.11224219350283149	7.499482642114693e-10	0
6283185.307179586	2248.3983983983985	1	1.550794041162805	-1.4315641126071485e-09	2
6283185.307179586	1239.6396396396397	1	0.40930671553633813	1.3629929206140177e-09	0
6283185.307179586	2290.1401401401404	1	1.3181239473139645	2.0703047050000016e-11	2
6283185.307179586	1844.8948948948948	1	1.4329564346799044	-4.0708125271312944e-10	2
6283185.307179586	898.7487487487488	1	1.1888126241081212	3.2580359380692787e-10	2
6283185.307179586	495.24524524524526	2	-0.9546885176840421	-1.6008435634258071e-10	0
6283185.307179586	2352.7527527527527	1	0.6519547759146302	6.141862568715105e-10	0
6283185.307179586	1330.08008008008	1	0.4760790547835896	-2.642104594562653e-10	2
6283185.307179586	3041.4914914914916	2	-0.3859349400781802	-6.962586835918564e-10	0
6283185.307179586	2526.676676676677	1	-0.5864141138985665	-1.8052270999486861e-09	0
6283185.307179586	1121.3713713713714	1	-1.494525602765755	-6.196318227407102e-10	2
6283185.307179586	1510.960960960961	2	0.7850856300012992	-1.031188481404928e-09	0
6283185.307179586	1469.2192192192192	2	-0.1558833311935648	-1.698366580276655e-11	0
6283185.307179586	2707.5575575575576	2	0.886756462771713	-1.0945153045741814e-09	0
6283185.307179586	2714.5145145145148	2	1.537563982828726	-9.697326993703666e-10	2
6283185.307179586	1928.3783783783783	1	0.11880622818668174	4.836305023040835e-10	0
6283185.307179586	1970.1201201201202	2	0.8734254581721497	1.896685083240655e-11	2
6283185.307179586	1942.2922922922924	1	-0.07259405485307635	1.8184044969675e-09	0
6283185.307179586	2283.1831831831832	1	-1.1061818444328684	1.3702551062850253e-10	2
6283185.307179586	126.52652652652652	2	-0.45059015677623293	-1.9695080999299014e-09	0
6283185.307179586	1650.1001001001002	1	-0.2891384812729849	1.1665386489623255e-09	0
6283185.307179586	1608.3583583583584	1	-0.4477474853067569	-1.6689156572364816e-09	0
6283185.307179586	1497.047047047047	2	1.4973298903100396	-1.437724933420354e-09	1
6283185.307179586	1163.113113113113	1	-0.6453273434639204	-7.493616185420491e-10	0
6283185.307179586	1288.3383383383384	2	0.4186981296870973	5.917157236422517e-10	0
6283185.307179586	1935.3353353353355	1	1.0471256987284852	-2.1187662693813014e-10	2
6283185.307179586	2471.021021021021	2	-1.4245017281748336	-7.418729620274524e-10	2
6283185.307179586	1719.6696696696697	1	-0.7848293367582687	-4.039370794713139e-10	1
6283185.307179586	1921.4214214214214	1	-1.1459287836438603	1.937748640624812e-09	0
6283185.307179586	1114.4144144144145	2	-1.301198408804148	3.116630646706374e-10	2
6283185.307179586	1615.3153153153153	2	1.1267373742848386	7.218206769670885e-10	2
6283185.307179586	2053.603603603604	2	1.1724374618720268	5.182547886876424e-10	1
6283185.307179586	2554.5045045045044	1	1.4538243007774327	1.929701707847648e-09	2
6283185.307179586	2596.2462462462463	1	-1.408039556881042	1.7260219509527545e-10	1
6283185.307179586	2157.957957957958	1	0.6659112146336246	-1.2086206804319215e-09	0
6283185.307179586	2025.7757757757759	2	0.6711911185714388	-4.660962563803554e-10	2
6283185.307179586	1427.4774774774776	2	-0.9571146645923482	5.161044441246139e-10	2
6283185.307179586	1719.6696696696697	2	-1.4678385838090997	-4.045040211958076e-11	2
6283185.307179586	1970.1201201201202	2	1.1338187493173257	6.54715171077271e-10	2
6283185.307179586	3131.931931931932	2	-0.34862912525264966	-8.01079867726573e-10	0
6283185.307179586	1086.5865865865867	1	0.13025156367291313	-1.1148159016616508e-09	0
6283185.307179586	613.5135135135135	1	0.3268655178284243	1.5309856603339245e-09	2
6283185.307179586	2450.1501501501502	2	-0.4529600089335366	9.482067064923588e-10	0
6283185.307179586	1357.9079079079079	2	-0.32186051062915877	1.2592662874789141e-09	0
6283185.307179586	1844.8948948948948	1	-1.1671578209371543	-5.303843515186016e-10	1
6283185.307179586	2067.5175175175173	2	0.8259213362836157	-1.3369748680977832e-09	0
6283185.307179586	1552.7027027027027	1	-0.4960374549025597	6.888889780060444e-10	1
6283185.307179586	1441.3913913913914	2	0.356651307894593	1.1202061665441018e-10	1
6283185.307179586	1149.1991991991993	2	0.2028029067816468	5.84131582132162e-10	0
6283185.307179586	857.007007007007	1	-0.08463207189358402	-1.8441558390352159e-09	0
6283185.307179586	1705.755755755756	1	-0.1485105951890915	-1.3582357214203427e-09	0
6283185.307179586	1615.3153153153153	2	-0.4350955336352591	1.1478110366615992e-09	0
6283185.307179586	2178.828828828829	2	-1.3119582939914332	-1.8229845501989314e-09	0
6283185.307179586	613.5135135135135	1	1.5657214620562638	1.853087145852287e-10	2
6283185.307179586	1830.980980980981	2	-0.949684614301458	-1.564384012890822e-09	0
6283185.307179586	1364.864864864865	2	0.7554107982989695	1.7242088716942234e-09	0
6283185.307179586	1608.3583583583584	2	-0.297045997398113	1.2216967689485028e-09	0
6283185.307179586	1364.864864864865	2	-1.3546001817162132	1.0438451584594061e-09	2
6283185.307179586	3438.038038038038	1	-0.7774164791001461	-2.03051852164979e-10	2
6283185.307179586	2742.3423423423424	1	1.5559493948499212	1.1559711444245856e-09	2
6283185.307179586	1594.4444444444446	1	-0.4906551777228574	-1.0097559067677945e-09	0
6283185.307179586	1232.6826826826828	1	0.9633482426603241	-1.6317116236266052e-09	0
6283185.307179586	1677.927927927928	1	1.1303034063789812	1.918472192017099e-09	0
6283185.307179586	2985.835835835836	2	0.580483252972642	1.5868237623505097e-09	0
6283185.307179586	2408.4084084084084	2	0.15182925801168357	1.5557754867343176e-09	0
6283185.307179586	1893.5935935935936	1	0.08889530207453822	2.8772206579874536e-10	0
6283185.307179586	1281.3813813813815	1	0.9250107206730567	1.926389074071503e-09	0
6283185.307179586	2603.2032032032034	1	-1.1449953160717046	9.89805946665615e-10	1
6283185.307179586	1218.7687687687687	2	-0.19135145083984573	7.845572513222784e-10	0
6283185.307179586	1949.2492492492493	2	0.1431564856459202	1.0721235771005604e-09	0
6283185.307179586	1684.884884884885	2	-1.2733466922972836	3.986288387229875e-10	2
6283185.307179586	1684.884884884885	1	0.1980163735837288	-1.2385195252828009e-09	0
6283185.307179586	933.5335335335336	1	-0.8559447361887847	1.6728709167954868e-09	0
6283185.307179586	1483.1331331331332	2	-0.5967642454507229	-5.422663238381e-10	2
6283185.307179586	2297.097097097097	1	1.2935301649491375	-1.0078632237389155e-09	2
6283185.307179586	1914.4644644644645	1	-0.649664356016893	6.268551487332152e-10	1
6283185.307179586	2832.7827827827828	1	-0.645840735799806	1.825927108304658e-09	0
6283185.307179586	703.9539539539539	2	-0.6271397780213717	1.009052731225654e-09	0
6283185.307179586	2401.4514514514517	2	-1.5301548466997952	-1.2723038340940702e-09	2
6283185.307179586	2060.5605605605606	1	0.9520917773285404	1.4691480181771424e-09	0
6283185.307179586	1239.6396396396397	2	-0.5444735676789976	-1.8307078689496725e-09	0
6283185.307179586	3062.3623623623625	2	0.04697256934340466	-1.5059818322843423e-09	0
6283185.307179586	2679.72972972973	2	-1.0080592906508972	-2.3233699849235034e-10	2
6283185.307179586	2227.5275275275276	1	-0.6161651422652096	-7.305288616301776e-10	0
6283185.307179586	1817.0670670670672	1	-1.1038740587502158	-1.4880575665943116e-09	0
6283185.307179586	495.24524524524526	2	-1.264515899962057	1.036048974557188e-09	2
6283185.307179586	1246.5965965965966	1	0.03809061937615055	9.297195483308838e-10	0
6283185.307179586	1156.1561561561562	1	1.5413070959358524	-1.8041659476256342e-09	2
6283185.307179586	1622.2722722722724	2	1.0231462237324673	1.451281994579687e-09	0
6283185.307179586	1949.2492492492493	1	-1.267724753674685	-1.3607197029733596e-09	0
6283185.307179586	2067.5175175175173	1	0.07143297936071424	-1.5680329327924021e-09	0
6283185.307179586	2686.6866866866867	2	-1.033502294384197	1.6330198205270007e-09	0
6283185.307179586	3723.2732732732734	2	-0.13424323677204208	2.735098251149336e-11	0
6283185.307179586	1483.1331331331332	2	-1.2503098199385134	1.3584502530106e-10	2
6283185.307179586	1935.3353353353355	1	-1.0211502449446757	-1.6851392130289262e-09	0
6283185.307179586	1316.1661661661662	1	1.435369026405723	-3.4637581094407255e-10	2
6283185.307179586	1643.143143143143	2	0.5912551265329804	-1.2354119096605698e-09	0
6283185.307179586	2644.944944944945	1	-1.0045601464268794	1.3292029707676394e-09	0
6283185.307179586	1594.4444444444446	2	-0.9478453799346737	6.039056746943126e-10	1
6283185.307179586	2185.7857857857857	2	-0.12536429027208906	3.624887857076025e-11	0
6283185.307179586	1149.1991991991993	1	1.2729298555394597	1.3904201883314337e-09	2
6283185.307179586	3403.253253253253	1	0.2208241704075511	1.4619951456921267e-09	0
6283185.307179586	940.4904904904905	2	-0.06985608585294867	1.449508635000582e-09	0
6283185.307179586	2053.603603603604	1	0.5390177082292325	-1.0782618132950628e-09	0
6283185.307179586	2151.001001001001	2	-0.8594058768426751	-1.4021540501088518e-09	0
6283185.307179586	634.3843843843844	1	0.9194562860538991	7.081898683215226e-10	2
6283185.307179586	634.3843843843844	1	0.12831777415587786	3.704271010141208e-10	0
6283185.307179586	1844.8948948948948	1	-0.01306130490847468	-1.9601548826047966e-09	0
6283185.307179586	2213.613613613614	2	-0.7076369244729835	-7.936163367930318e-10	0
6283185.307179586	1232.6826826826828	1	-0.8684089902454618	1.5724556836014554e-09	0
6283185.307179586	2735.3853853853852	1	0.7018561241113539	1.4291760981451722e-10	2
6283185.307179586	1302.2522522522522	1	1.2676023159975855	-1.7525046164549072e-09	0
6283185.307179586	2276.226226226226	2	1.0416630635911366	6.377692285742612e-10	2
6283185.307179586	2088.388388388388	1	1.5560339722409702	1.64021332865196e-10	2
6283185.307179586	3166.7167167167167	2	-1.2576240765658582	-1.7840674868592248e-10	2
6283185.307179586	1580.5305305305305	2	-1.2111406990075566	3.7132350288841564e-10	2
6283185.307179586	2032.7327327327328	2	1.0044183176994892	-1.5335464512608255e-09	0
6283185.307179586	1796.1961961961963	1	0.13577682746591258	-1.9983760802798557e-09	0
6283185.307179586	1121.3713713713714	2	1.0819516270521543	-9.548619825669845e-10	2
6283185.307179586	2631.031031031031	1	-0.33162687978966887	1.8222359853568717e-09	0
6283185.307179586	1900.5505505505505	1	-0.3347617255792146	1.1627865237492922e-09	0
6283185.307179586	717.8678678678679	2	-1.4725634393054061	9.947085728322588e-10	2
6283185.307179586	1483.1331331331332	2	0.47432174507592473	-3.220226098373363e-10	2
6283185.307179586	293.4934934934935	1	1.5161996944115645	-4.659637033484985e-10	1
6283185.307179586	3493.6936936936936	1	0.22918203324959996	-1.7334698140424002e-09	0
6283185.307179586	1705.755755755756	2	0.17268753159104988	3.472611544781059e-10	0
6283185.307179586	2352.7527527527527	1	-0.539128994430057	-1.4154012509468967e-09	0
6283185.307179586	982.2322322322323	2	0.6001640969089954	-6.856350610544163e-10	2
6283185.307179586	1900.5505505505505	1	-0.9592877189062091	-1.7016965924847347e-09	0
6283185.307179586	1170.0700700700702	1	1.2306383475168343	5.787715752484778e-10	2
6283185.307179586	2046.6466466466468	2	0.5282024243282946	-9.568649532594678e-10	0
6283185.307179586	2881.4814814814818	1	-1.1176210863915368	1.997905846797309e-09	0
6283185.307179586	2366.6666666666665	2	1.3924223294976268	9.303091642011029e-10	2
6283185.307179586	1274.4244244244244	2	0.7562376861906004	-1.5024068192005743e-09	0
6283185.307179586	2304.054054054054	1	1.0762665276469763	-1.3771099730991663e-09	0
6283185.307179586	1072.6726726726727	1	-0.6983154570824484	-2.0223453569056106e-10	1
6283185.307179586	1865.7657657657658	2	0.7385401290163491	2.1940899535057314e-10	2
6283185.307179586	2575.3753753753754	2	1.362606829191829	-1.437033766979933e-09	2
6283185.307179586	2269.2692692692694	2	0.7115275679922695	4.2516548732966624e-11	2
6283185.307179586	1413.5635635635635	2	1.2573780352792117	-1.8267927760807128e-09	1
6283185.307179586	1733.5835835835837	2	-1.5685594611300624	-1.1128941407411494e-09	2
6283185.307179586	2937.1371371371374	2	1.41717478415951	1.1957755136151617e-09	2
6283185.307179586	3911.1111111111113	2	0.24133086164315865	1.937539547221669e-09	0
6283185.307179586	4759.85985985986	2	0.9117978285492616	5.126511345238666e-10	0
6283185.307179586	2130.13013013013	1	0.261229751386999	-1.3396223236609541e-09	0
6283185.307179586	3987.637637637638	1	0.03598211582803201	-1.8003674039908806e-10	0
6283185.307179586	2978.878878878879	2	0.9430186155197555	1.8628502568826825e-09	0
6283185.307179586	2951.051051051051	2	1.1851262370427564	1.8405837127033028e-09	0
6283185.307179586	2505.805805805806	2	-1.4987205189556083	-9.279920324270755e-10	2
6283185.307179586	1121.3713713713714	1	-0.38774659187213945	-1.7340244850155965e-09	0
6283185.307179586	2324.924924924925	1	-0.3382226693938186	-2.8609647374542384e-10	2
6283185.307179586	1051.801801801802	1	1.3359910648449036	-7.606910818949509e-10	2
6283185.307179586	1497.047047047047	2	0.9260596261756526	1.5389524805328915e-09	0
6283185.307179586	1545.7457457457458	1	1.2095313413536624	1.186487517966371e-09	2
6283185.307179586	1330.08008008008	2	-1.0313036624200045	6.750385591453909e-10	2
6283185.307179586	1990.9909909909911	2	0.9383925433549396	6.835794392479921e-10	0
6283185.307179586	1114.4144144144145	1	1.290058826096193	8.22957895559457e-10	2
6283185.307179586	1232.6826826826828	1	-0.7320345015408818	-1.962177646182295e-09	0
6283185.307179586	1691.8418418418419	2	1.1933963651975419	-1.776353902895337e-09	0
6283185.307179586	773.5235235235235	2	0.7209259223092888	6.728293450563243e-10	0
6283185.307179586	1643.143143143143	2	0.8343243032791792	-1.6445814780265465e-09	0
6283185.307179586	2352.7527527527527	2	-1.1263017905744372	-1.2310223961186821e-09	0
6283185.307179586	891.7917917917919	1	-1.335891276866712	-9.73870195806017e-10	1
6283185.307179586	3778.928928928929	2	-0.2997291675856335	1.758266933157124e-09	0
6283185.307179586	933.5335335335336	2	1.2714834790633929	4.822798193324058e-10	2
6283185.307179586	3159.75975975976	1	-1.247823562913916	-1.1666873285619293e-09	0
6283185.307179586	2164.914914914915	2	1.4023948947267515	-1.3658749578701805e-10	2
6283185.307179586	2554.5045045045044	2	1.4068800093399485	-1.4470359494858919e-09	2
6283185.307179586	1058.7587587587586	2	-0.0398564195591824	-1.2394787006548348e-09	0
6283185.307179586	884.8348348348349	2	1.3042815814385196	1.009236661758024e-09	2
6283185.307179586	1698.7987987987988	1	1.3827087829034075	-1.5753092353418721e-09	2
6283185.307179586	1072.6726726726727	1	1.2191524341242643	1.3937662542359355e-10	2
6283185.307179586	2380.5805805805808	2	-0.574687302797717	4.4693999002441327e-10	0
6283185.307179586	1079.6296296296296	1	0.0012740455113890992	1.6294679092441498e-10	0
6283185.307179586	1337.0370370370372	2	-1.3447067088822262	9.49989407526316e-10	2
6283185.307179586	1900.5505505505505	2	-0.001480843880932614	-1.1719462767200848e-09	0
6283185.307179586	2109.259259259259	2	-1.0250712743350767	1.8293414680228745e-09	0
6283185.307179586	3076.2762762762763	1	1.4557688363658152	-7.721700022899048e-10	2
6283185.307179586	2345.795795795796	1	0.3396875358533131	8.16812191614335e-10	0
6283185.307179586	1782.2822822822823	1	0.561993867500183	-5.276486631974869e-10	0
6283185.307179586	1462.2622622622623	1	1.2501450960172762	6.168741453421247e-10	2
6283185.307179586	3090.19019019019	2	0.47254748739031927	-1.8985111547747262e-09	0
6283185.307179586	1510.960960960961	1	-0.2810258972976436	1.4720200294306582e-09	0
6283185.307179586	1107.4574574574574	2	-0.3245526752618204	1.0714056106537355e-09	0
6283185.307179586	1448.3483483483483	1	-1.5478658902285363	4.707432992668944e-10	1
6283185.307179586	1817.0670670670672	2	-1.2905142693978684	1.6079600932555584e-09	0
6283185.307179586	1218.7687687687687	1	1.3481010872680885	-1.2043600732260181e-09	2
6283185.307179586	1956.2062062062062	2	-0.9915157452000458	-6.347055837227465e-10	2
6283185.307179586	1712.7127127127128	1	0.8868050648694092	3.4629276673857345e-10	2
6283185.307179586	1044.8448448448448	2	-1.2439471425342894	-1.4857452158506097e-10	2
6283185.307179586	1580.5305305305305	2	0.803747818085442	-1.1751003970693176e-09	0
6283185.307179586	1218.7687687687687	1	0.535713804991357	-1.198607563033062e-09	0
6283185.307179586	1615.3153153153153	2	0.1808001035955169	2.741065898465885e-10	2
6283185.307179586	467.4174174174174	1	-1.0833235120590727	4.581575205265171e-10	2
6283185.307179586	1121.3713713713714	1	-0.1703750778548263	-8.549400537027886e-10	0
6283185.307179586	543.943943943944	1	0.4169469438177267	-1.976710638350296e-09	0
6283185.307179586	1942.2922922922924	2	-0.3949832571826397	-1.6453140671660434e-09	0
6283185.307179586	3646.746746746747	2	0.2144458566927676	1.606778094736876e-09	0
6283185.307179586	1149.1991991991993	2	-0.971234832438197	-6.75364483288388e-10	2
6283185.307179586	1517.917917917918	2	0.8188754151355395	5.005571625824338e-10	0
6283185.307179586	870.9209209209209	2	0.8581119208737182	-1.7532691630454607e-09	0
6283185.307179586	1705.755755755756	1	-0.668386850928626	-2.8876148586379787e-11	1
6283185.307179586	1086.5865865865867	1	-0.6135983325545287	-4.2730500856241133e-10	0
6283185.307179586	2860.610610610611	1	-0.8792041259453165	-1.5027868733198528e-09	0
6283185.307179586	2304.054054054054	2	0.09251068656480066	1.7731433288844962e-09	0
6283185.307179586	1142.2422422422424	2	1.2262983549877622	1.5094133712292532e-09	0
6283185.307179586	1434.4344344344345	2	1.2576017243234792	1.2717345658887775e-09	2
6283185.307179586	3034.5345345345345	2	-0.8438257942041393	1.5269204125403332e-10	2
6283185.307179586	1309.2092092092093	2	1.4455033276452305	-8.759841398676064e-10	1
6283185.307179586	919.6196196196197	1	0.511296235457749	-1.9538821475645025e-09	0
6283185.307179586	1914.4644644644645	1	0.9285554774508826	7.34635751453474e-10	1
6283185.307179586	808.3083083083084	2	0.5661859032646532	2.4751640000458473e-11	2
6283185.307179586	2443.193193193193	1	1.1583139100570365	-2.1040798389054413e-10	2
6283185.307179586	1684.884884884885	1	-0.04724963823354145	-1.2233600212521228e-09	0
6283185.307179586	1830.980980980981	1	0.32112705255928486	-2.684662942965219e-11	2
6283185.307179586	2067.5175175175173	1	-0.17341725576823297	1.532839377062309e-09	0
6283185.307179586	2575.3753753753754	1	1.0982538026150936	-1.8570935040989377e-09	0
6283185.307179586	1517.917917917918	2	1.4292677086260017	-1.218642386317295e-09	1
6283185.307179586	2088.388388388388	2	-0.08633129988373445	9.679566544681553e-10	0
6283185.307179586	1824.0240240240241	1	-0.8161288625041079	1.347876054102306e-09	0
6283185.307179586	1629.2292292292293	1	-0.9099400180024271	1.7255749735408395e-09	0
6283185.307179586	1183.983983983984	1	0.7157943406127827	1.2224925686143282e-09	0
6283185.307179586	1010.0600600600601	2	-0.6858885196951265	1.477722579976306e-11	2
6283185.307179586	1170.0700700700702	2	0.8647989199022863	1.4634745828993481e-09	0
6283185.307179586	2032.7327327327328	2	0.06735807746217293	1.759815820539856e-09	0
6283185.307179586	2617.1171171171172	1	0.5908459322434552	7.339534882204259e-10	0
6283185.307179586	2004.904904904905	1	0.5056624223092205	-1.1596318048376808e-10	1
6283185.307179586	662.2122122122122	1	1.4706888157314557	-1.552310482781398e-09	2
6283185.307179586	1225.7257257257259	1	-0.7977225782627966	-5.481324836325748e-10	0
6283185.307179586	1183.983983983984	2	-0.515216530269291	-1.8369535738376907e-09	0
6283185.307179586	2791.041041041041	1	-0.19325384823757652	8.445469555890019e-10	0
6283185.307179586	1677.927927927928	1	-1.5627743337629187	-1.3638663756128708e-09	2
6283185.307179586	1170.0700700700702	2	-0.5546343698725607	-1.2545500317488334e-09	0
6283185.307179586	2102.3023023023025	1	0.8531896354652284	1.3375145501081072e-09	0
6283185.307179586	439.5895895895896	2	0.8221466298769777	-1.5659552728243994e-09	1
6283185.307179586	2060.5605605605606	2	0.23012263948248135	-2.275690538458873e-11	2
6283185.307179586	1079.6296296296296	1	-0.038033437859205765	-4.4977093997312556e-10	0
6283185.307179586	2888.4384384384384	1	-0.6759327674556621	1.7947242121076418e-09	0
6283185.307179586	1323.1231231231232	2	-0.18428288317169272	1.3550745101775154e-10	1
6283185.307179586	1587.4874874874874	2	1.5103288683943106	1.108305809961989e-09	2
6283185.307179586	2297.097097097097	2	-1.2340693556833133	-2.7801613287253084e-10	2
6283185.307179586	2220.5705705705705	2	0.455232156374036	1.110267038988322e-09	0
6283185.307179586	1476.176176176176	1	1.0801083338738233	1.3056052084467525e-09	0
6283185.307179586	1163.113113113113	2	0.7695805816564216	4.704570241785781e-10	0
6283185.307179586	2658.858858858859	1	1.0866238640905648	-1.819466599605434e-09	0
6283185.307179586	1538.788788788789	1	0.6199639355132298	-1.3926503810495704e-10	1
6283185.307179586	342.1921921921922	2	0.7867475920232057	-2.2421174144161067e-10	0
6283185.307179586	1343.993993993994	2	-1.3971841171670891	1.2467545900238675e-10	2
6283185.307179586	724.8248248248249	2	0.13782591228418672	-7.493679633301831e-10	0
6283185.307179586	2860.610610610611	1	-1.475138847040806	1.774387128690339e-09	2
6283185.307179586	279.57957957957956	1	0.6819290925582204	4.3176717690306505e-10	0
6283185.307179586	655.2552552552553	1	-0.21711042829290994	6.659905322933026e-10	2
6283185.307179586	606.5565565565565	1	1.22069999338289	-2.210653370431253e-10	1
6283185.307179586	4175.475475475476	2	0.2545467670845225	7.660365855050218e-10	0
6283185.307179586	3222.3723723723724	2	-1.2514183671929333	-1.5408559224093238e-09	0
6283185.307179586	1413.5635635635635	1	-0.2516264489539535	3.8846604610127814e-10	2
6283185.307179586	2109.259259259259	1	0.032219869206595364	-2.71104385927651e-10	0
6283185.307179586	1197.897897897898	1	-1.3992521578796382	-1.99837308366621e-09	2
6283185.307179586	1504.004004004004	2	0.733381699952953	-6.999087345349286e-10	2
6283185.307179586	1003.1031031031031	2	-0.9531926283024931	5.918539685766603e-11	2
6283185.307179586	2735.3853853853852	1	0.7984606181990745	-1.305102017309868e-09	0
6283185.307179586	1156.1561561561562	2	0.5207426267315505	1.6374593446796918e-09	0
6283185.307179586	1524.8748748748749	2	1.1384452463621986	-7.189167819261928e-10	2
6283185.307179586	1942.2922922922924	1	0.33618442511384194	-1.9267102316206903e-09	0
6283185.307179586	1900.5505505505505	2	-1.5430478166255943	1.0193758637667377e-09	2
6283185.307179586	989.1891891891892	2	-1.5455200020568414	-1.6156963553752554e-09	2
6283185.307179586	1163.113113113113	1	0.14020633679910843	-1.6728829064621339e-09	0
6283185.307179586	1267.4674674674675	1	0.6070186343147825	1.0805653150486482e-09	0
6283185.307179586	2408.4084084084084	2	-0.6065141728301214	-1.0488695399943571e-09	0
6283185.307179586	2387.5375375375374	1	0.9140652321691252	1.6398505106748634e-09	0
6283185.307179586	3069.319319319319	1	-0.5161838665808689	1.2601557626396227e-09	0
6283185.307179586	940.4904904904905	1	0.8812654297361826	1.8670581817305666e-09	0
6283185.307179586	1093.5435435435436	1	1.5654087275712807	1.267331827736168e-09	2
6283185.307179586	857.007007007007	2	1.4391041521831451	-6.179108599529873e-10	1
6283185.307179586	2088.388388388388	1	-1.4419994968569751	1.330852564086489e-09	2
6283185.307179586	1093.5435435435436	1	0.6479707177366572	5.20772133428022e-10	2
6283185.307179586	877.877877877878	2	1.3495289126109071	-7.299198119807052e-11	1
6283185.307179586	731.7817817817818	1	-0.6158562817426599	-5.475046195900962e-10	0
6283185.307179586	2860.610610610611	2	0.9708980028484318	-1.3203209727736214e-09	0
6283185.307179586	829.1791791791792	2	-0.47090825992871177	-1.788880121867555e-09	0
6283185.307179586	1789.2392392392394	1	0.529742040658943	1.3088680751039953e-09	0
6283185.307179586	933.5335335335336	2	1.5264273580719605	-1.996016941707729e-09	1
6283185.307179586	2171.871871871872	2	-0.9450234185529254	1.7708409598453658e-09	0
6283185.307179586	1928.3783783783783	1	0.3030070677082646	-1.0275837723411266e-09	0
6283185.307179586	1107.4574574574574	2	1.0811437944711084	-1.2767536985397918e-09	2
6283185.307179586	2074.474474474475	2	0.7392337251120669	4.438784004762871e-10	0
6283185.307179586	1900.5505505505505	1	1.0488014791450873	9.845395018716684e-10	0
6283185.307179586	1531.8318318318318	1	0.6123812255182526	5.345674437009019e-10	2
6283185.307179586	2707.5575575575576	2	0.6485671147492047	-1.837965454745282e-09	0
6283185.307179586	2227.5275275275276	2	0.5456811514132998	-1.7306475587451011e-09	0
6283185.307179586	3083.2332332332335	1	-0.4473287656910194	-1.0208287326458977e-10	2
6283185.307179586	1274.4244244244244	1	-1.456388252736167	-1.7992773584787396e-09	2
6283185.307179586	2714.5145145145148	1	-0.6980062288887948	9.264572302772866e-10	0
6283185.307179586	1872.7227227227227	2	-0.18294491848875616	7.440064731838269e-10	0
6283185.307179586	752.6526526526527	2	0.08142348076614847	1.944997996099604e-10	0
6283185.307179586	1921.4214214214214	1	0.10064836183009884	-5.492462778134706e-10	0
6283185.307179586	891.7917917917919	2	0.670032531852109	-1.626094278276313e-09	0
6283185.307179586	2039.6896896896897	1	1.0899485570486895	-1.129492855156768e-09	0
6283185.307179586	1538.788788788789	1	-1.0299757504576477	3.4399858394336926e-10	2
6283185.307179586	1893.5935935935936	1	1.558520921164201	-1.2196757466104148e-09	2
6283185.307179586	870.9209209209209	1	1.1831896665933628	1.1534754477061134e-09	2
6283185.307179586	1448.3483483483483	1	-1.1398175010812137	-1.0333646179851673e-09	0
6283185.307179586	1017.017017017017	2	-1.1719019301852103	6.805273722711302e-10	1
6283185.307179586	1858.8088088088089	2	-1.2850875830367319	-1.7682002348503794e-09	0
6283185.307179586	731.7817817817818	1	1.3221138983708784	7.872084194488225e-10	2
6283185.307179586	1427.4774774774776	1	0.3825254736152366	-4.2190894694318726e-10	0
6283185.307179586	1420.5205205205204	2	-1.1261832941354275	-4.5832769268763064e-10	2
6283185.307179586	1030.930930930931	2	0.1889551514949479	-1.4288938665945616e-09	0
6283185.307179586	1970.1201201201202	2	0.15097057021985716	-8.575392722943792e-11	0
6283185.307179586	2074.474474474475	2	0.416802075776298	1.959151008209383e-09	0
6283185.307179586	2589.289289289289	2	-1.5383470683228073	-9.006851059401422e-10	2
6283185.307179586	1830.980980980981	1	-1.0949421921720905	5.793308724149131e-10	2
6283185.307179586	1705.755755755756	2	0.49701704054467744	-1.2243102464361572e-10	2
6283185.307179586	2505.805805805806	2	0.773136417224614	7.011968893402689e-10	0
6283185.307179586	1434.4344344344345	2	1.3913741711811145	-2.2320128522463108e-10	2
6283185.307179586	2429.2792792792793	1	0.3641198677407136	1.812670360391448e-09	0
6283185.307179586	474.3743743743744	2	0.7409672733759134	1.383969694735139e-09	0
6283185.307179586	2860.610610610611	2	0.3279732250553655	-1.7259182515240098e-09	0
6283185.307179586	2297.097097097097	2	1.1410587043157498	2.7439603889590904e-10	1
6283185.307179586	1670.970970970971	2	0.08119460252430022	-8.973676393950468e-10	0
6283185.307179586	1566.6166166166167	2	1.0682037373064062	1.928856906703248e-09	0
6283185.307179586	989.1891891891892	2	0.5504973127957449	-8.58860457136697e-10	2
6283185.307179586	2450.1501501501502	2	1.1522086959989473	1.2829193178356772e-09	0
6283185.307179586	836.1361361361362	1	-0.15511105953164828	-1.1212444000760958e-09	0
6283185.307179586	2088.388388388388	1	1.3968309171833506	-1.7933233011395068e-09	1
6283185.307179586	3584.1341341341345	2	-0.3015526476475425	1.801419548857939e-09	0
6283185.307179586	1392.6926926926926	2	1.3396870432356804	-2.8175750914199733e-10	2
6283185.307179586	2533.6336336336335	2	0.8669344482519667	-8.254863453410217e-10	0
6283185.307179586	968.3183183183183	1	-0.005593655374975359	5.002399394619451e-10	0
6283185.307179586	2770.1701701701704	1	-0.10912950742451288	-7.635473988579871e-10	0
6283185.307179586	1942.2922922922924	2	0.27733928817428377	1.6724381865793605e-09	0
6283185.307179586	1754.4544544544544	1	0.24928332530823716	1.280335809265749e-10	2
6283185.307179586	1997.947947947948	2	-0.7649328069982699	-1.4943002454294923e-09	0
6283185.307179586	2749.2992992992995	1	-0.7387577486717991	1.6818261770791009e-09	0
6283185.307179586	3236.286286286286	2	-0.5420724839287763	-1.0554747869308674e-09	0
6283185.307179586	1065.7157157157158	1	-1.4108546711725851	1.7825491836526404e-09	2
6283185.307179586	1900.5505505505505	1	1.2928765117982262	-1.5872604964081796e-09	0
6283185.307179586	1420.5205205205204	2	-1.172015260826741	-4.6091826650975074e-10	2
6283185.307179586	2011.8618618618618	1	1.2507060075789913	8.163034359469049e-10	2
6283185.307179586	564.8148148148148	2	0.8953142787061488	-1.420030245790717e-09	2
6283185.307179586	975.2752752752752	1	0.5735296082996526	1.5953116556323444e-09	0
6283185.307179586	3841.541541541542	1	0.7536343476643257	1.7489436548674875e-09	0
6283185.307179586	1712.7127127127128	1	0.01314415620659748	-1.6469677764490726e-09	0
6283185.307179586	1691.8418418418419	2	-1.105333812766717	-1.8928526702155983e-09	0
6283185.307179586	2178.828828828829	1	1.4076779813089688	6.188717891365606e-10	1
6283185.307179586	1225.7257257257259	1	0.7604835074309562	-1.909451197322042e-09	0
6283185.307179586	1253.5535535535537	2	-1.3651273886925033	-1.9404607967775785e-09	2
6283185.307179586	2853.6536536536537	2	0.9828746400572945	1.8899194803710002e-09	0
6283185.307179586	989.1891891891892	2	0.25001798342987214	1.921976719947114e-09	0
6283185.307179586	1664.014014014014	2	-0.6722966047323881	-1.5107906902673496e-09	0
6283185.307179586	2123.1731731731734	1	-0.3130831787982489	-1.7313993682080825e-09	0
6283185.307179586	3298.898898898899	2	-0.2143270612757504	3.532587214530368e-10	0
6283185.307179586	1740.5405405405406	1	0.8354132630135642	-9.594380307213832e-10	0
6283185.307179586	843.0930930930931	2	0.5900084625481328	-1.050518271323393e-09	2
6283185.307179586	1803.1531531531532	1	-0.9079912499336489	8.533731241280012e-10	1
