axial trapping frequency (MHz) 	 velocity(m/s) 	 ion collided with 	 angle(rads) 	 collision offset(m) 	 reorder? (1 is reorder 2 is ejection) 
6283185.307179586	766.5665665665666	2	0.09958489120630909	3.8666295645771353e-10	0
6283185.307179586	1211.8118118118118	2	-1.299725195494902	-3.2259065699060533e-10	2
6283185.307179586	2283.1831831831832	2	-1.3851254873478005	-1.0752223642100965e-09	2
6283185.307179586	2241.4414414414414	1	0.613196686918664	1.633331083298331e-10	2
6283185.307179586	1302.2522522522522	1	-1.26151842612608	-5.830583170265725e-10	2
6283185.307179586	2199.6996996997	1	1.1282076505400749	1.2851438891005682e-09	0
6283185.307179586	1114.4144144144145	2	0.19562791161721838	1.29791642815607e-09	0
6283185.307179586	189.13913913913913	1	0.9780278793568518	1.2523659223745294e-09	0
6283185.307179586	2046.6466466466468	2	1.5267856732662066	7.279590598745762e-10	1
6283185.307179586	1274.4244244244244	1	-0.9038305185889856	-6.358322613409646e-10	0
6283185.307179586	1253.5535535535537	2	0.28020939660640454	1.7313665580829713e-09	0
6283185.307179586	1434.4344344344345	2	0.26052235605671714	1.3046606859382556e-09	0
6283185.307179586	1566.6166166166167	2	0.8114804452413322	-1.9161455976098427e-09	0
6283185.307179586	1657.0570570570571	1	-1.047206621966278	-6.398872494499552e-10	2
6283185.307179586	1190.940940940941	1	-0.6223871757653865	-6.718679941261963e-10	0
6283185.307179586	2297.097097097097	2	-1.1360761804065538	-1.6299444428023638e-09	0
6283185.307179586	1997.947947947948	1	-1.3765068128594513	-5.121715883755434e-10	2
6283185.307179586	905.7057057057058	2	0.16757769162927127	-1.8970388341582376e-09	0
6283185.307179586	2206.6566566566567	1	1.4469899461810587	1.0961093227848873e-09	2
6283185.307179586	370.02002002002	1	0.9947319470733307	3.418879123599425e-10	0
6283185.307179586	1177.027027027027	1	1.464723802293376	1.4048687418847837e-09	2
6283185.307179586	2317.967967967968	2	-0.3659018584122411	7.196269760581048e-10	0
6283185.307179586	912.6626626626627	2	0.5725362831778074	1.6147846196118844e-09	0
6283185.307179586	1601.4014014014015	1	0.2947677125294863	-7.199252000402842e-10	0
6283185.307179586	982.2322322322323	1	-0.3104159678047853	6.114592876204502e-11	2
6283185.307179586	2053.603603603604	2	-1.0485454205790998	1.3083144236289326e-09	0
6283185.307179586	2039.6896896896897	1	-1.3695044617087377	3.0659060697444867e-10	2
6283185.307179586	3938.938938938939	2	-0.8503380002543278	-1.918761760783236e-10	2
6283185.307179586	1170.0700700700702	2	-1.4348865509174376	8.883260571685974e-10	2
6283185.307179586	3083.2332332332335	2	-0.1618190611073167	5.601172023080248e-10	0
6283185.307179586	2665.8158158158158	2	0.037868878748190005	1.6726656848578365e-09	0
6283185.307179586	940.4904904904905	2	-0.602971173415074	-1.7318364091061658e-09	0
6283185.307179586	2484.934934934935	2	0.34124451823772306	1.4131968594468533e-09	0
6283185.307179586	738.7387387387388	2	0.8444889175036066	1.2526430366216494e-09	0
6283185.307179586	2651.901901901902	1	-0.500919991533366	1.0616141787934554e-09	0
6283185.307179586	2338.838838838839	2	-0.13409350187551317	-9.463439955896563e-10	0
6283185.307179586	2373.6236236236236	1	0.44735437466745376	-1.2465676729946196e-09	0
6283185.307179586	2088.388388388388	2	0.9155020238209031	-1.840145347890121e-09	0
6283185.307179586	627.4274274274275	1	-0.36098850740509003	-4.854647698387052e-10	0
6283185.307179586	1497.047047047047	1	-0.8616953957790002	-1.1760936652358254e-09	0
6283185.307179586	2116.2162162162163	2	1.0774038182134267	4.495680354323675e-10	1
6283185.307179586	1218.7687687687687	1	0.1799562020561014	-1.7474399845970528e-09	0
6283185.307179586	2978.878878878879	2	-0.3755483847957599	-1.2310736050638257e-09	0
6283185.307179586	1768.3683683683685	1	0.5527078277684034	-5.422113774361625e-10	0
6283185.307179586	1413.5635635635635	1	1.0270155915295391	-7.655334909480027e-10	1
6283185.307179586	1552.7027027027027	2	-0.11979648537647014	-4.3263374972933197e-10	0
6283185.307179586	2345.795795795796	2	1.4055354415166605	1.6531241290464268e-09	1
6283185.307179586	1664.014014014014	2	1.4162517351541024	-7.421747596378486e-10	2
6283185.307179586	3020.6206206206207	2	1.0888840028489377	1.3177034730742751e-09	0
6283185.307179586	1893.5935935935936	1	0.8334370124416624	-3.2599701866706366e-10	2
6283185.307179586	1267.4674674674675	2	1.1898313239390403	-8.870813184639094e-10	2
6283185.307179586	1079.6296296296296	2	0.4567549155157491	-1.8738035414340284e-09	0
6283185.307179586	2331.881881881882	1	-1.3622385796789167	5.817957849009273e-10	1
6283185.307179586	432.63263263263264	1	-0.011317863460054367	-7.972209599618432e-10	0
6283185.307179586	1970.1201201201202	2	1.1387713982008725	1.1014697681027479e-10	2
6283185.307179586	1079.6296296296296	2	1.315392303188823	6.226298981258576e-10	1
6283185.307179586	2971.921921921922	1	-0.25404594523950896	-6.819273309651806e-10	0
6283185.307179586	1803.1531531531532	2	-0.9380341421361714	1.9738635544922954e-09	0
6283185.307179586	1643.143143143143	1	0.8064910988587668	-4.015932989524594e-10	2
6283185.307179586	2373.6236236236236	1	0.7948758629590604	9.14830818457346e-10	0
6283185.307179586	2317.967967967968	1	-0.6569076971667879	-7.243204918344053e-10	0
6283185.307179586	3138.888888888889	2	0.7469889709561692	-1.5332099162760345e-09	0
6283185.307179586	1817.0670670670672	2	1.3851483059220335	1.1889159644034822e-09	2
6283185.307179586	1830.980980980981	2	-1.179291006709097	-7.341987953405549e-10	2
6283185.307179586	759.6096096096096	1	-1.0914068142513933	4.358676189934583e-10	1
6283185.307179586	2359.70970970971	2	0.2287626676871315	1.1478304272674442e-10	1
6283185.307179586	1163.113113113113	1	0.716669332915445	3.4405272819609427e-10	2
6283185.307179586	1740.5405405405406	1	0.8138445113004487	-1.3784473728026906e-09	0
6283185.307179586	961.3613613613613	1	-0.27547180177430297	-3.287807965428646e-10	0
6283185.307179586	1483.1331331331332	1	0.327674002651017	-5.938471764068631e-10	0
6283185.307179586	1337.0370370370372	1	1.111353783833679	8.907470086874763e-10	2
6283185.307179586	1323.1231231231232	1	0.6755041156746149	1.476894695490582e-09	0
6283185.307179586	2464.064064064064	1	-0.8517905405990069	-5.424161773530624e-10	0
6283185.307179586	2825.825825825826	2	-1.0276590184577794	1.2533541883445885e-10	2
6283185.307179586	2603.2032032032034	2	-0.8375145642319721	-2.885269487273461e-10	2
6283185.307179586	815.2652652652653	1	-1.5213034772262015	1.4736977496165477e-09	1
6283185.307179586	1072.6726726726727	2	1.501029350263892	-1.0010766323788053e-10	2
6283185.307179586	1246.5965965965966	1	1.4757383284293586	-1.0704316526141225e-09	2
6283185.307179586	1392.6926926926926	2	1.15191507770371	-1.2185013066181357e-09	2
6283185.307179586	850.0500500500501	1	1.08214479497763	-1.6156232771713967e-09	0
6283185.307179586	2157.957957957958	2	0.40748562121509524	1.853094281059808e-09	0
6283185.307179586	1371.821821821822	2	1.2391555874869815	2.785607565286869e-10	2
6283185.307179586	2839.73973973974	2	-1.373399802562871	1.370762708820867e-09	2
6283185.307179586	836.1361361361362	1	0.09010476538029044	-8.7794728788184e-10	0
6283185.307179586	2067.5175175175173	1	-0.996232570125756	1.8095528469998245e-09	0
6283185.307179586	975.2752752752752	1	-1.070411028316606	-4.773028571271266e-10	2
6283185.307179586	1740.5405405405406	2	0.6017958915605286	-1.929261004572453e-09	0
6283185.307179586	2804.954954954955	2	-0.02310788540605313	-9.783898877039645e-10	0
6283185.307179586	1385.7357357357357	1	1.3574561117616364	-1.0748567739988647e-09	2
6283185.307179586	710.910910910911	2	-0.9709902222007138	-1.1289853630052372e-09	2
6283185.307179586	905.7057057057058	2	-1.1042258994401815	-1.2331514058842093e-10	2
6283185.307179586	1719.6696696696697	2	-1.206459374497185	-1.8111341658278605e-09	0
6283185.307179586	2109.259259259259	1	0.32912981538722574	-3.863351632302866e-10	0
6283185.307179586	1545.7457457457458	2	-0.5798072194095533	1.8810720325710074e-09	0
6283185.307179586	1357.9079079079079	2	-0.019807668720667637	-1.7669795652204195e-09	0
6283185.307179586	1427.4774774774776	2	1.3548803885602072	1.3186079770134222e-09	2
6283185.307179586	2053.603603603604	2	-1.5516474516716074	9.214376126911945e-10	2
6283185.307179586	1343.993993993994	1	-0.6006820790354366	-5.064749658570537e-11	2
6283185.307179586	2053.603603603604	1	0.135050730196417	1.9607726957927593e-09	0
6283185.307179586	2839.73973973974	1	-0.17150436991333295	1.882029653291328e-10	0
6283185.307179586	1183.983983983984	2	-0.23006714587550015	1.2424748562879967e-10	2
6283185.307179586	3591.091091091091	2	-0.28893023953155406	-1.3232937121194955e-09	0
6283185.307179586	2464.064064064064	2	0.38648131539916997	6.260412377496566e-10	0
6283185.307179586	1956.2062062062062	2	-1.225135899319328	-1.8623243826856484e-09	0
6283185.307179586	1385.7357357357357	1	-1.331652043271514	-1.102244703445569e-09	2
6283185.307179586	1114.4144144144145	2	-1.0595698752985532	-1.1588285082316818e-09	2
6283185.307179586	2999.7497497497498	2	1.1889693779727968	-1.6015584805333907e-09	0
6283185.307179586	2617.1171171171172	1	1.0881871293919883	-1.637660161951503e-09	0
6283185.307179586	1364.864864864865	1	0.08920128618618306	1.7938834654668033e-09	0
6283185.307179586	175.22522522522524	1	0.9875984582477848	-6.364288692608878e-10	0
6283185.307179586	3208.4584584584586	2	0.03850116958915506	1.5715788342635424e-09	0
6283185.307179586	2060.5605605605606	2	1.1318699275951718	-3.79783396649186e-11	2
6283185.307179586	2464.064064064064	2	1.382858769063779	1.9669860323709974e-09	1
6283185.307179586	2359.70970970971	2	-0.7604902003481074	-1.7354063435670805e-09	0
6283185.307179586	2902.352352352352	1	0.2606435774297784	-1.221455964952219e-09	0
6283185.307179586	2234.4844844844847	2	0.06262102061247021	-1.0615710345745498e-09	0
6283185.307179586	1392.6926926926926	1	-0.3963733434490817	-5.7793637211049047e-11	2
6283185.307179586	2860.610610610611	1	-0.8291100298616462	4.7750587530121313e-11	2
6283185.307179586	2227.5275275275276	2	-1.3746856679190271	6.734697185984419e-11	2
6283185.307179586	731.7817817817818	2	0.7227173506800715	5.27047406788257e-10	0
6283185.307179586	1824.0240240240241	2	-0.8118133426429851	1.8548101341984177e-09	0
6283185.307179586	1879.6796796796798	1	-0.25853072475608685	-7.536636847274571e-10	0
6283185.307179586	2331.881881881882	1	-0.6660667890811285	1.0576335712660357e-09	0
6283185.307179586	1545.7457457457458	1	-0.7392801992560926	4.2111428241716986e-10	2
6283185.307179586	1406.6066066066066	2	-0.040672070740160216	-2.7586276598903456e-10	0
6283185.307179586	2116.2162162162163	1	-1.4864960790558865	-6.984013146613441e-11	1
6283185.307179586	1003.1031031031031	2	-0.523798355967672	3.3174037045061877e-11	2
6283185.307179586	1768.3683683683685	1	0.17460323564822522	-1.3465830331499437e-09	0
6283185.307179586	1705.755755755756	2	0.01669115977501745	-3.994707883024011e-10	0
6283185.307179586	1851.851851851852	2	-0.8711763113182569	7.386095042292339e-10	0
6283185.307179586	1552.7027027027027	1	-1.0107277452939598	1.291653050149117e-09	0
6283185.307179586	2297.097097097097	2	-0.8019016061212279	-1.568714083946348e-09	0
6283185.307179586	1970.1201201201202	1	0.5224694079749157	1.889270498534174e-09	0
6283185.307179586	1810.11011011011	2	-0.4033851193352027	7.259655859882308e-10	0
6283185.307179586	759.6096096096096	1	0.5032541436128866	1.9882045469622723e-09	0
6283185.307179586	2311.011011011011	1	0.6507192186692521	1.568602541506927e-09	0
6283185.307179586	1782.2822822822823	2	1.5004683037778803	-7.709276228123811e-10	2
6283185.307179586	495.24524524524526	2	0.23084557529667005	-1.2467210970985986e-09	2
6283185.307179586	1232.6826826826828	2	0.8732722624844156	-6.232565757944312e-11	2
6283185.307179586	2137.087087087087	1	0.4695631481475324	1.8573173280127315e-09	0
6283185.307179586	2498.848848848849	1	0.1620081250683707	3.6532748887118323e-10	0
6283185.307179586	223.92392392392392	2	1.1056151948373394	5.560082423852179e-10	0
6283185.307179586	745.6956956956957	2	0.21953084946613144	3.892796152713158e-10	0
6283185.307179586	2735.3853853853852	2	1.5227405111762176	-1.5856773912166797e-09	2
6283185.307179586	2352.7527527527527	1	0.3947290146124751	1.6938740923589167e-09	0
6283185.307179586	1504.004004004004	1	-1.225785511316229	6.443190318193487e-10	1
6283185.307179586	1281.3813813813815	1	0.5852432467469013	1.169346416928326e-09	0
6283185.307179586	1204.854854854855	1	1.364043810543198	-1.0226831657596586e-09	2
6283185.307179586	898.7487487487488	1	0.44733279549853266	-5.09258821200977e-10	0
6283185.307179586	606.5565565565565	2	-0.42431106741573066	9.293125015412322e-10	0
6283185.307179586	2665.8158158158158	2	1.49667686275764	1.3558504817031625e-09	1
6283185.307179586	1135.2852852852852	2	0.15364402445112302	-1.3474527138322263e-09	0
6283185.307179586	2471.021021021021	2	-1.2389221359633864	1.5850957854887731e-09	0
6283185.307179586	1650.1001001001002	1	0.6857442677590968	-1.586644970219469e-09	0
6283185.307179586	2074.474474474475	2	0.7059877541433304	-1.0178013898539721e-09	0
6283185.307179586	2415.3653653653655	2	0.8602302198879346	-1.2352838429247744e-09	0
6283185.307179586	1343.993993993994	2	0.4825930955681872	1.874211865630754e-09	0
6283185.307179586	2234.4844844844847	2	-0.5038078758534785	1.0634728381153456e-09	0
6283185.307179586	1914.4644644644645	1	-0.6723331695684981	9.509776714188792e-10	0
6283185.307179586	627.4274274274275	1	-1.5193588537522338	-4.2050582269986584e-10	2
6283185.307179586	1462.2622622622623	1	0.9509867439306197	1.9341729394465e-09	0
6283185.307179586	1350.950950950951	1	1.2506799880648507	-9.829633072324935e-10	2
6283185.307179586	1135.2852852852852	1	1.1283981421804659	8.147980914235022e-10	2
6283185.307179586	2324.924924924925	2	-0.6521968172461354	-9.201171688083174e-10	0
6283185.307179586	1566.6166166166167	2	0.9283779687308127	-9.328796994694593e-11	2
6283185.307179586	1197.897897897898	2	-1.4852183561526506	9.167976153128536e-10	2
6283185.307179586	453.5035035035035	2	1.5304467087153384	-6.389557335591194e-10	1
6283185.307179586	223.92392392392392	2	-0.9664883790444625	-1.8098514013733357e-09	0
6283185.307179586	1636.1861861861862	2	0.31821354974864	-1.7562830093317655e-09	0
6283185.307179586	1691.8418418418419	1	-1.3892442737217425	1.4247480944227052e-09	2
6283185.307179586	2526.676676676677	2	0.7713596734913826	1.6329183771360898e-09	0
6283185.307179586	1350.950950950951	2	-0.4311430398975509	1.2402730911844488e-09	0
6283185.307179586	1942.2922922922924	1	-1.1910815117896008	2.3214716086743332e-10	1
6283185.307179586	1267.4674674674675	2	-1.0634120227589374	1.901738086184785e-09	0
6283185.307179586	2651.901901901902	2	-0.7679718012457982	-1.2879383486316777e-09	0
6283185.307179586	2450.1501501501502	2	-0.5320279743952667	2.2682359039399307e-10	1
6283185.307179586	1149.1991991991993	2	-1.5221602016215756	1.8327015462821161e-09	2
6283185.307179586	3034.5345345345345	1	0.7786697667639038	-5.964246927777005e-10	0
6283185.307179586	1990.9909909909911	2	1.521869736528521	8.517952531222474e-10	2
6283185.307179586	1726.6266266266266	1	0.8365645042739875	9.532742132338005e-10	0
6283185.307179586	2742.3423423423424	1	-0.9318937494314938	-8.57395734931834e-10	0
6283185.307179586	2387.5375375375374	2	0.9432246679322875	-9.01509148237663e-10	0
6283185.307179586	822.2222222222223	2	-0.8022567714561449	-8.86725179957744e-10	1
6283185.307179586	1183.983983983984	2	-0.8907139516391854	6.882178801542894e-10	0
6283185.307179586	1218.7687687687687	1	1.1762505511581294	5.203073285991867e-10	2
6283185.307179586	1789.2392392392394	1	1.1280810733572277	1.6861065827531695e-09	0
6283185.307179586	2227.5275275275276	2	0.6467418365591873	7.70131668570255e-10	0
6283185.307179586	2631.031031031031	2	0.6832509207335451	1.254069542698984e-09	0
6283185.307179586	975.2752752752752	2	-1.1110235854545005	1.0251209372758506e-09	0
6283185.307179586	1796.1961961961963	2	-1.055454125355658	-3.5439141469044384e-10	2
6283185.307179586	1225.7257257257259	1	-1.3638299233811433	-2.982411422162788e-10	2
6283185.307179586	3020.6206206206207	2	0.9604806874122711	-1.2400011214159435e-09	0
6283185.307179586	1023.973973973974	2	0.9112979995808974	1.4905931850694252e-09	0
6283185.307179586	1921.4214214214214	2	-1.555171721068654	-1.4409457184965714e-09	2
6283185.307179586	690.04004004004	2	-0.08945692037180675	-8.118771740408769e-10	0
6283185.307179586	1566.6166166166167	1	0.6775726797978288	-6.584198588068194e-10	0
6283185.307179586	1782.2822822822823	2	-0.12531302196543792	1.778633320732549e-09	0
6283185.307179586	1190.940940940941	1	0.9447766227164065	1.309689987197524e-10	1
6283185.307179586	1538.788788788789	2	0.06355354005232972	-9.212405015348532e-10	0
6283185.307179586	982.2322322322323	2	0.24124890731846693	-1.372600666484038e-09	0
6283185.307179586	2102.3023023023025	2	-1.342936203513413	6.954428479687806e-10	2
6283185.307179586	1657.0570570570571	1	-0.03936881758401656	-1.7676710795170082e-09	0
6283185.307179586	2916.2662662662665	1	0.9310073043045732	-6.733158921205749e-10	0
6283185.307179586	1058.7587587587586	1	1.1411450139155614	-4.067924909439586e-10	2
6283185.307179586	488.2882882882883	2	1.5445697719682103	-1.0397893703287188e-09	1
6283185.307179586	1420.5205205205204	1	1.4994687982171824	1.2108825071197179e-09	2
6283185.307179586	1170.0700700700702	2	0.48864718701376164	-7.258287410020831e-10	2
6283185.307179586	1295.2952952952953	1	0.006630123622029638	-8.098223456119205e-10	0
6283185.307179586	773.5235235235235	2	-0.810919177893929	-1.7334768865448648e-09	0
6283185.307179586	2603.2032032032034	1	-1.4707708525275034	-1.481909094810285e-09	2
6283185.307179586	1288.3383383383384	1	0.5826218839493333	1.6313100221652084e-09	0
6283185.307179586	2088.388388388388	2	0.3345417337016017	1.5471075898064797e-09	0
6283185.307179586	2477.977977977978	1	1.5395601249639057	-1.1773546613671045e-09	2
6283185.307179586	1768.3683683683685	2	0.5739539115370542	6.640849357271511e-10	0
6283185.307179586	1378.7787787787788	2	-1.1910358282727473	1.8570977741823727e-09	0
6283185.307179586	940.4904904904905	1	1.1292616202178354	1.787290396140755e-09	2
6283185.307179586	1928.3783783783783	2	-0.5399441779148788	1.0878324943200302e-09	0
6283185.307179586	989.1891891891892	2	1.1560325422177495	1.9567085823587165e-09	0
6283185.307179586	1232.6826826826828	2	1.3163450532417027	6.34586465008892e-10	2
6283185.307179586	2561.4614614614616	2	-0.271104864976609	1.557686269069212e-09	0
6283185.307179586	523.0730730730731	1	0.3138134360693663	-1.255212981303175e-09	0
6283185.307179586	1594.4444444444446	2	1.5046172514062035	-1.5903339098982242e-09	1
6283185.307179586	2450.1501501501502	1	1.306776708476451	-6.612689958696283e-10	2
6283185.307179586	1121.3713713713714	1	-1.4103560832340816	-1.4415719501311232e-09	1
6283185.307179586	3027.577577577578	1	-0.4984827432594654	1.1831890791965135e-09	0
6283185.307179586	1497.047047047047	2	-0.9375620224925192	-7.605941967169008e-10	2
6283185.307179586	2206.6566566566567	1	0.08644462573148748	1.8274225610607563e-09	0
6283185.307179586	1497.047047047047	1	-0.5392485916639298	-1.2613473219152298e-09	0
6283185.307179586	1566.6166166166167	1	0.04889196053439426	3.862970480054414e-11	0
6283185.307179586	940.4904904904905	2	-0.1564939973473496	8.737921143090483e-10	0
6283185.307179586	1684.884884884885	1	-1.5648903466117674	1.1602111017655091e-10	1
6283185.307179586	641.3413413413414	2	-0.803779015373131	5.524925374430037e-10	0
6283185.307179586	1664.014014014014	1	-0.6875171813736238	-1.873665273120104e-09	0
6283185.307179586	1963.1631631631633	1	1.1489538664006518	1.1762941646026164e-09	0
6283185.307179586	2137.087087087087	2	1.164581132996073	-1.1355458143524393e-09	1
6283185.307179586	919.6196196196197	1	-1.1128694047002374	1.570299556932183e-09	2
6283185.307179586	2171.871871871872	2	0.924615921185497	-1.1293522294412238e-09	0
6283185.307179586	1100.5005005005005	2	0.4099497817459916	-7.462223991126522e-10	2
6283185.307179586	376.97697697697697	1	-0.4026830298806461	1.6136214176349518e-09	0
6283185.307179586	2262.3123123123123	2	-0.7931922639553354	-1.5323312055116426e-09	0
6283185.307179586	898.7487487487488	2	-1.0419441947212817	-8.21297939980541e-10	2
6283185.307179586	2004.904904904905	2	-0.2552163196759849	1.0527880712535371e-09	0
6283185.307179586	2686.6866866866867	2	1.4413843139293379	-1.7312522353771316e-09	2
6283185.307179586	536.986986986987	1	-0.43758809929245057	-2.1154704520746137e-10	0
6283185.307179586	1705.755755755756	1	-0.24141550221524866	-1.3033803484648547e-09	0
6283185.307179586	2721.4714714714714	2	-1.3663807797149161	-1.3018964874656215e-09	2
6283185.307179586	1448.3483483483483	2	-0.4075644966903782	-1.1601923930485985e-09	0
6283185.307179586	738.7387387387388	1	-0.5012530767138639	1.2653309788005782e-10	2
6283185.307179586	669.1691691691692	1	0.8285948847456197	1.8506011538256435e-09	2
6283185.307179586	1664.014014014014	2	-1.3074390529411306	1.3346839482716336e-09	1
6283185.307179586	3243.2432432432433	1	-0.35054412482283226	9.993944025908198e-10	0
6283185.307179586	2206.6566566566567	2	-0.03552907851985054	1.0833328857619402e-09	0
6283185.307179586	1935.3353353353355	2	0.4939848119561958	5.059873122050911e-10	0
6283185.307179586	3340.640640640641	2	-1.0373370920296239	-2.833110580938399e-10	2
6283185.307179586	564.8148148148148	2	-0.14299326633397103	1.6167128454823001e-09	0
6283185.307179586	536.986986986987	1	0.6334784245576897	1.870897437934257e-09	2
6283185.307179586	961.3613613613613	2	0.22853531198705523	-1.478747584272254e-09	0
6283185.307179586	2547.5475475475478	2	0.8994733103630796	6.148730546440617e-10	0
6283185.307179586	2276.226226226226	2	0.7611123208348474	1.0031819440451731e-09	0
6283185.307179586	1601.4014014014015	2	0.13121089155728005	4.6200273159852593e-10	0
6283185.307179586	1323.1231231231232	1	1.246383724343926	-1.1531754149196323e-09	1
6283185.307179586	3145.845845845846	1	-0.14407857393699453	1.3354944022245803e-09	0
6283185.307179586	2095.3453453453453	1	0.304699670061114	-1.8059559390721167e-09	0
6283185.307179586	1705.755755755756	1	0.7595882961585234	-1.1448339312372703e-09	0
6283185.307179586	411.76176176176176	2	-0.22581647330105103	1.4381515545882862e-09	0
6283185.307179586	2234.4844844844847	1	-0.16222964085735958	2.0043291824122798e-10	0
6283185.307179586	2011.8618618618618	2	0.6863012944406908	4.690016214343371e-10	0
6283185.307179586	4133.733733733734	1	-0.5757402611281521	1.5336127897539624e-09	0
6283185.307179586	1190.940940940941	1	-0.7725353701487258	3.834895427834734e-11	2
6283185.307179586	724.8248248248249	1	0.48887160294482035	1.0786320316868634e-09	2
6283185.307179586	1566.6166166166167	1	-1.2664906436282364	6.499159157384021e-11	2
6283185.307179586	3006.706706706707	2	-0.6246567530650643	-1.6931856264022476e-09	0
6283185.307179586	898.7487487487488	1	-1.1995898197798425	1.3723382240060578e-09	2
6283185.307179586	1705.755755755756	2	0.4796033085282967	-2.2006997482573893e-10	2
6283185.307179586	1949.2492492492493	2	-0.472922881816495	-1.7500090245206426e-09	0
6283185.307179586	2519.7197197197197	2	-0.9710280640465887	1.3650302098865854e-09	0
6283185.307179586	3382.3823823823823	2	0.7989196417101261	-1.967473190812187e-09	0
6283185.307179586	1622.2722722722724	1	-0.7276866423860842	-8.131863453726247e-10	0
6283185.307179586	1824.0240240240241	2	1.2952530621754117	1.476402921223887e-09	1
6283185.307179586	2227.5275275275276	2	-0.04124319205911364	7.068622133363444e-10	0
6283185.307179586	745.6956956956957	2	1.046295015737475	-1.147903131147738e-09	1
6283185.307179586	1886.6366366366367	1	0.04773043047378933	-8.210128414606253e-10	0
6283185.307179586	2317.967967967968	1	0.5403569535782426	-1.2523054257245213e-09	0
6283185.307179586	1406.6066066066066	1	1.1994834368304041	-1.058246048857238e-09	2
6283185.307179586	1775.3253253253254	1	-1.2370874181170528	4.755807899227104e-10	1
6283185.307179586	230.88088088088088	2	-0.34721754794085347	-1.5669732777180948e-09	0
6283185.307179586	2436.2362362362364	2	0.3910115619097987	-3.8531054822446587e-10	2
6283185.307179586	2679.72972972973	1	0.3548660106269559	-1.1043964565977809e-09	0
6283185.307179586	2137.087087087087	1	0.4172119246784447	4.4068424284339783e-10	2
6283185.307179586	1497.047047047047	2	0.127972748225047	1.9670855966475908e-09	0
6283185.307179586	1309.2092092092093	1	1.1079909135363062	-1.9505719035148513e-09	0
6283185.307179586	954.4044044044044	2	0.8390087352383735	-7.972718297391759e-10	1
6283185.307179586	1935.3353353353355	1	-0.07520863026647318	-1.1367424788412271e-09	0
6283185.307179586	1469.2192192192192	2	0.2693270990408174	-7.93738791690613e-10	0
6283185.307179586	1267.4674674674675	2	-0.051110772690212025	-2.255399925954756e-10	0
6283185.307179586	2526.676676676677	2	0.9231959983292586	1.4167798089777114e-09	0
6283185.307179586	4690.290290290291	1	0.7107444129632929	8.987968735234194e-10	0
6283185.307179586	1309.2092092092093	2	0.42344138904854156	7.379360523290532e-10	0
6283185.307179586	3897.1971971971975	2	-1.3415132802128151	-1.527514345865598e-09	0
6283185.307179586	1990.9909909909911	2	-0.920140840571731	1.949418693569137e-09	0
6283185.307179586	1538.788788788789	1	-0.5585181666809691	6.718470166016429e-10	2
6283185.307179586	2825.825825825826	1	0.975251050782771	-5.4583517276454063e-11	2
6283185.307179586	1872.7227227227227	2	-0.45919597662264855	-1.3239516560625685e-09	0
6283185.307179586	870.9209209209209	1	1.5347481759901433	5.456603575942572e-10	2
6283185.307179586	1552.7027027027027	1	-1.0482293109055156	1.0030168121702181e-09	1
6283185.307179586	2505.805805805806	2	-0.8014553878986181	-7.203850405735582e-10	0
6283185.307179586	2317.967967967968	1	-0.8787686197796902	-1.348607223991417e-09	0
6283185.307179586	905.7057057057058	2	-0.49030799228140953	-1.0626080161718203e-09	2
6283185.307179586	1970.1201201201202	1	0.1270508393462051	-1.024795711869869e-09	0
6283185.307179586	1935.3353353353355	1	0.6101903130431365	1.3865986649524813e-09	0
6283185.307179586	2464.064064064064	2	-1.2193464019290732	-7.126655282407249e-10	2
6283185.307179586	2902.352352352352	2	-0.9764395479628409	-1.4121239020798835e-09	0
6283185.307179586	1023.973973973974	1	0.6993836935327553	-8.306011367890874e-10	0
6283185.307179586	1079.6296296296296	2	-1.1634479251275458	-4.2941755867041205e-10	2
6283185.307179586	2192.742742742743	2	0.5017470971125464	-4.436359224300897e-10	2
6283185.307179586	1413.5635635635635	2	-1.182647334360501	1.9488863274345972e-10	2
6283185.307179586	1037.887887887888	2	0.33490631577066265	6.917997327181439e-10	0
6283185.307179586	2004.904904904905	2	-0.4979978688184239	1.137233884404873e-09	0
6283185.307179586	1343.993993993994	1	-1.165864524225615	7.534676063426985e-10	2
6283185.307179586	4474.624624624625	1	-1.3961929828941546	8.855263808556811e-10	2
6283185.307179586	3653.703703703704	1	-0.1990092677232469	4.0339066242014625e-10	0
6283185.307179586	613.5135135135135	2	0.23062410637508624	6.567208978965712e-10	0
6283185.307179586	2137.087087087087	2	1.446985314026254	-2.836872311224497e-10	2
6283185.307179586	2199.6996996997	2	-1.4875291084997775	1.350044956904458e-09	2
6283185.307179586	968.3183183183183	2	0.7291902912953669	1.368204692457438e-10	1
6283185.307179586	1914.4644644644645	2	0.950778886632186	-1.3301985973375815e-09	0
6283185.307179586	3305.855855855856	1	-0.8844238235427606	-1.909298542891345e-09	0
6283185.307179586	4272.872872872873	1	-1.412322680313716	1.3748142301402106e-09	2
6283185.307179586	1810.11011011011	2	-0.035606305712216235	-1.8038104040217498e-09	0
6283185.307179586	1156.1561561561562	2	0.1328035792112936	1.4367488659742821e-09	0
6283185.307179586	3674.574574574575	2	-0.4055551225551448	8.78193607710704e-10	0
6283185.307179586	3083.2332332332335	1	1.0778159112301888	-1.3407058646850891e-09	0
6283185.307179586	766.5665665665666	1	-1.1710366935576204	-7.08342700675257e-11	1
6283185.307179586	3542.3923923923926	1	-0.04914220911517475	1.2985758489736717e-09	0
6283185.307179586	2839.73973973974	2	0.8158835546009038	-1.3027532600743506e-09	0
6283185.307179586	2825.825825825826	1	0.2737351389001834	-9.151052284582195e-10	0
6283185.307179586	3062.3623623623625	2	-0.22998878071784312	7.908206304488787e-10	0
6283185.307179586	2317.967967967968	2	-1.2887101247461639	1.0970225039563995e-09	1
6283185.307179586	2436.2362362362364	1	-0.10809136178089229	1.4866628531541327e-09	0
6283185.307179586	1448.3483483483483	1	0.6358274038168976	1.8597131107665602e-09	0
6283185.307179586	912.6626626626627	1	-0.905605567842676	-1.9079067916927232e-09	0
6283185.307179586	1719.6696696696697	1	1.1967093764867425	-1.415015143330929e-09	0
6283185.307179586	912.6626626626627	1	0.9748716788762737	-8.508041418205768e-10	0
6283185.307179586	1378.7787787787788	2	-0.16770672852943358	1.3563336599122512e-09	0
6283185.307179586	182.18218218218217	2	1.3142575149523426	1.8121594560227416e-09	0
6283185.307179586	1684.884884884885	1	-1.2072894131502618	1.7157295314552001e-09	0
6283185.307179586	3493.6936936936936	1	0.724430174425744	-8.516808758792313e-10	0
6283185.307179586	926.5765765765766	1	-0.47614039746198866	1.5339871734108375e-10	2
6283185.307179586	884.8348348348349	1	-0.4697961710230578	-1.3217341949308824e-09	0
6283185.307179586	2624.0740740740744	1	-0.8542112829938162	-7.665719169499049e-10	0
6283185.307179586	2387.5375375375374	2	1.2233238024021134	6.272306915332133e-10	2
6283185.307179586	1288.3383383383384	1	-1.5283232690468613	1.4543512619184104e-09	1
6283185.307179586	1093.5435435435436	1	1.1733557980651357	1.7298404377674517e-09	1
6283185.307179586	1726.6266266266266	1	0.5745848386150629	1.819977265860584e-09	0
6283185.307179586	1629.2292292292293	1	-0.5493133633528098	-4.78445525691853e-10	0
6283185.307179586	1469.2192192192192	1	-0.9003728395644394	-1.8752153014694543e-09	0
6283185.307179586	766.5665665665666	1	-0.8918213473497529	1.6859235571998708e-10	2
6283185.307179586	3542.3923923923926	1	0.8350593090822906	-1.6523190839250448e-09	0
6283185.307179586	2818.868868868869	1	0.853779930497188	-5.811163487730964e-10	0
6283185.307179586	1135.2852852852852	2	-0.7640820517171693	4.2455393767605253e-10	1
6283185.307179586	2714.5145145145148	2	-0.8174762710375746	-1.650221682128702e-09	0
6283185.307179586	2053.603603603604	2	-0.9940563042797254	1.2076939436746727e-09	0
6283185.307179586	648.2982982982983	2	-0.8844902136045002	1.367622193283521e-09	0
6283185.307179586	2791.041041041041	2	1.1066104196239603	8.72887917443749e-10	0
6283185.307179586	1476.176176176176	1	0.9820292579482253	8.302745073842033e-10	2
6283185.307179586	850.0500500500501	1	0.2034560494108777	1.6401599122369587e-09	0
6283185.307179586	2053.603603603604	2	-0.2223531149250313	-3.3009566234533686e-10	2
6283185.307179586	2568.4184184184187	1	-0.9074541272800132	1.902930175387572e-09	0
6283185.307179586	620.4704704704704	1	0.8064623705374259	1.2152729639160745e-10	2
6283185.307179586	2624.0740740740744	1	1.0722312524845643	1.9477205458064757e-09	0
6283185.307179586	1650.1001001001002	2	-1.5191399825701521	4.0923330472045967e-10	2
6283185.307179586	2109.259259259259	1	-0.6587306906786642	-6.740916831332914e-10	0
6283185.307179586	1900.5505505505505	1	0.8396496641678475	1.6303829126428183e-09	0
6283185.307179586	1323.1231231231232	1	0.7987527265818715	2.729739903769904e-10	2
6283185.307179586	1274.4244244244244	1	-0.27066007341400256	-2.9314174593155333e-10	1
6283185.307179586	439.5895895895896	1	1.2969445492340776	-9.604546269660707e-11	2
6283185.307179586	1851.851851851852	2	0.9931591250968737	-4.619343091140493e-10	2
6283185.307179586	954.4044044044044	1	-0.8041538617432662	7.225860565571919e-10	2
6283185.307179586	2269.2692692692694	1	1.2365439754603589	3.8740156286544427e-10	2
6283185.307179586	1608.3583583583584	2	1.2468596512941388	1.0771876828167341e-09	2
6283185.307179586	926.5765765765766	1	1.5652814824944872	5.615063908090301e-10	2
6283185.307179586	2700.6006006006005	2	-0.07897864549465128	8.611752443545794e-10	0
6283185.307179586	2895.3953953953956	1	-0.59109428608302	-1.183621881285344e-09	0
6283185.307179586	1636.1861861861862	2	1.518941609648429	2.8830831168377073e-10	2
6283185.307179586	1768.3683683683685	2	1.147771959404802	3.466067302784691e-11	2
6283185.307179586	2394.4944944944946	1	-0.9788150515963061	-2.1659058541017012e-10	2
6283185.307179586	467.4174174174174	1	0.5012232962533103	1.3309743947062076e-09	1
6283185.307179586	1420.5205205205204	2	-0.6357160788577448	-8.798468161498057e-10	0
6283185.307179586	2081.4314314314315	1	-1.4348393004832896	9.62158920871097e-10	2
6283185.307179586	1997.947947947948	1	-0.7936244941549764	9.575764292036202e-10	0
6283185.307179586	1260.5105105105106	1	-0.7429127297300753	-1.4292164683453947e-09	0
6283185.307179586	3006.706706706707	1	-0.8999952091048061	-1.7073358629299231e-09	0
6283185.307179586	933.5335335335336	2	0.5586207090162971	-1.969776517539823e-09	0
6283185.307179586	509.1591591591592	1	-0.003862241889293072	1.297062367044212e-09	0
6283185.307179586	1274.4244244244244	2	-1.5353104757556761	7.969217076117767e-10	2
6283185.307179586	1670.970970970971	2	0.39093797593644686	-1.01384051073153e-09	0
6283185.307179586	1197.897897897898	1	-1.2911011655508666	1.7468972320607684e-09	2
6283185.307179586	2797.997997997998	2	1.0504640142653434	-6.337018429842455e-10	1
6283185.307179586	2137.087087087087	1	-0.3632861747526055	-1.1190534793008036e-09	0
6283185.307179586	1664.014014014014	2	-1.2926692764262144	-1.1721969496538272e-09	2
6283185.307179586	2331.881881881882	2	1.1071205762540806	1.579302721532789e-09	0
6283185.307179586	3236.286286286286	2	0.7381871248379173	1.70730644310659e-09	0
6283185.307179586	989.1891891891892	2	-1.2491108755072236	4.395548786415755e-10	2
6283185.307179586	2241.4414414414414	1	-1.0048515709297692	1.2454677307726482e-09	0
6283185.307179586	4168.518518518518	1	0.04103285392897571	-2.9844491178045644e-10	0
6283185.307179586	863.963963963964	1	-0.5761268794019181	-3.1037364656983395e-10	0
6283185.307179586	912.6626626626627	1	-0.11592860193151178	1.1042763946431762e-09	0
6283185.307179586	2547.5475475475478	1	1.2263593936649175	-2.1364658699910774e-10	2
6283185.307179586	1434.4344344344345	2	-0.5674588661152165	-1.37109869213426e-09	0
6283185.307179586	2241.4414414414414	2	-0.5029692569028108	-8.349018530214162e-10	0
6283185.307179586	829.1791791791792	1	1.3128554888428923	6.849196514941078e-10	2
6283185.307179586	2846.6966966966966	1	-0.13025913467922212	1.771147283695381e-09	0
6283185.307179586	919.6196196196197	2	-1.0908277296405164	-1.3639464140797859e-09	2
6283185.307179586	1830.980980980981	2	0.996774593000556	1.9732739315761787e-09	0
6283185.307179586	1914.4644644644645	2	-1.2283478290171996	-4.906309323049661e-10	2
6283185.307179586	2067.5175175175173	1	-0.4286543126393372	1.1779029149564863e-09	0
6283185.307179586	1135.2852852852852	2	0.8927006350936089	-1.772659508898746e-09	0
6283185.307179586	1121.3713713713714	2	-0.8186760541869855	2.912500604359044e-10	1
6283185.307179586	3013.6636636636636	2	0.6861188160611165	-1.5581269646912657e-09	0
6283185.307179586	2206.6566566566567	1	1.1137962470151805	1.173908538885367e-09	0
6283185.307179586	2304.054054054054	1	-0.716920062062766	-1.2720297309228631e-09	0
6283185.307179586	2352.7527527527527	1	-1.551699199875018	-7.831797950789773e-10	2
6283185.307179586	3591.091091091091	2	-0.8178976301459333	-9.582797210464698e-10	0
6283185.307179586	1267.4674674674675	2	0.5517112763042644	1.5484672326963486e-09	0
6283185.307179586	383.93393393393393	1	0.20100942823324885	-1.672891081020452e-09	0
6283185.307179586	2533.6336336336335	1	0.801714996188374	3.502076495328955e-10	2
6283185.307179586	2818.868868868869	2	-1.4157353239475403	1.071355575588169e-10	2
6283185.307179586	530.03003003003	2	-1.3080445333450463	-7.576281234150053e-10	2
6283185.307179586	2498.848848848849	1	0.009988365610923866	1.254486223189589e-09	0
6283185.307179586	2964.964964964965	2	-0.7084537575412955	4.3743510711134595e-10	1
6283185.307179586	669.1691691691692	2	-0.619840398233977	-1.5342953238260207e-10	1
6283185.307179586	1371.821821821822	1	-0.3618858654408883	7.21222611345791e-10	1
6283185.307179586	1650.1001001001002	2	-0.7315783854551604	2.1915010436358168e-10	2
6283185.307179586	1970.1201201201202	1	-0.6915356423654141	-1.7941042709146054e-09	0
6283185.307179586	975.2752752752752	2	-1.4137594514681016	-1.34569654030941e-09	2
6283185.307179586	1977.077077077077	1	1.50131710739397	-1.7618021552483689e-09	2
6283185.307179586	1858.8088088088089	1	-0.6970292042331101	-1.5976423535881664e-09	0
6283185.307179586	2185.7857857857857	1	1.3913116057867283	-1.2496792892340652e-09	2
6283185.307179586	2241.4414414414414	2	-0.10789796163508147	3.792384629967465e-10	0
6283185.307179586	1246.5965965965966	1	1.3194747238093765	5.312001447429343e-10	2
6283185.307179586	1573.5735735735736	2	-0.8549646802198487	-7.781400564862216e-10	1
6283185.307179586	2213.613613613614	1	0.31738105553256823	-1.0188337563624667e-09	0
6283185.307179586	3716.3163163163163	2	1.2642102431045488	1.2069247038527881e-09	0
6283185.307179586	495.24524524524526	2	-0.24258496265476204	-2.6936631825519486e-10	0
6283185.307179586	1469.2192192192192	2	-0.11554204674248014	-7.52728388366315e-10	0
6283185.307179586	1615.3153153153153	2	-0.5132080013984424	1.4029625895126227e-09	0
6283185.307179586	1712.7127127127128	1	0.13072465152793167	1.5699985880845242e-09	0
6283185.307179586	1246.5965965965966	2	0.6292583810995231	-1.914986522554341e-09	0
6283185.307179586	2164.914914914915	1	-0.8682855465144905	3.892642183447766e-10	2
6283185.307179586	2074.474474474475	1	-0.35495328153200334	-3.4735720753294614e-10	1
6283185.307179586	1622.2722722722724	1	0.5246863209857313	-1.0823905745645748e-09	0
6283185.307179586	1135.2852852852852	2	1.5458228569949846	-1.255073991029371e-09	1
6283185.307179586	1455.3053053053054	1	-1.5209671873571649	-1.041476898938211e-09	2
6283185.307179586	1837.937937937938	2	0.9326832567133874	1.9211284371766974e-09	0
6283185.307179586	1643.143143143143	2	0.4706717573101491	1.1122545667916312e-09	0
6283185.307179586	2359.70970970971	1	-0.10554780192805135	1.1335316585566462e-09	0
6283185.307179586	1462.2622622622623	2	-0.21797644496631086	-1.7273682843945389e-09	0
6283185.307179586	2297.097097097097	2	0.1164600481263558	1.017026595739267e-09	0
6283185.307179586	1775.3253253253254	2	0.25687089634458027	9.367183331777618e-10	0
6283185.307179586	1580.5305305305305	2	0.9521650006380908	-3.633276684946694e-10	1
6283185.307179586	3159.75975975976	2	-0.7619237821141581	1.854803938141802e-10	1
6283185.307179586	2533.6336336336335	1	0.1584815930266854	1.0064126508199015e-09	0
6283185.307179586	1949.2492492492493	1	0.35892643947560887	-7.51219756667616e-12	2
6283185.307179586	1364.864864864865	2	-0.3900735729180851	1.3424962479269153e-09	0
6283185.307179586	1295.2952952952953	2	1.336536074943429	1.5493749628858228e-09	2
6283185.307179586	439.5895895895896	1	-1.4894889703775185	6.627099902336142e-10	2
6283185.307179586	2185.7857857857857	2	1.4325923738322546	9.118791852695616e-10	1
6283185.307179586	2185.7857857857857	1	0.9337473511029049	-1.1036616550706256e-09	0
6283185.307179586	1566.6166166166167	1	0.8169435318311322	9.739038955281319e-10	0
6283185.307179586	1900.5505505505505	2	-0.8533981853960664	9.163738189794298e-10	0
6283185.307179586	1594.4444444444446	2	-1.1965474660003512	7.176690385584408e-10	1
6283185.307179586	2178.828828828829	1	0.8301738914768668	1.6567271532837646e-09	0
6283185.307179586	3361.511511511512	2	1.0254526057998992	7.920179890790596e-10	0
6283185.307179586	1357.9079079079079	1	1.1231692294451796	-2.666387770745353e-11	2
6283185.307179586	1385.7357357357357	1	-1.5095440334851062	-1.6693632070685089e-09	2
6283185.307179586	1010.0600600600601	1	0.4711464286042477	-1.7589591674736385e-09	0
6283185.307179586	1121.3713713713714	1	0.0070611413107659615	-8.177493087932998e-10	0
6283185.307179586	1051.801801801802	1	0.07080064904447347	-1.202960164702332e-09	0
6283185.307179586	940.4904904904905	2	0.6994843346491808	-7.776639599842309e-10	2
6283185.307179586	1371.821821821822	2	1.5168053291945167	-7.670054864305254e-10	1
6283185.307179586	1316.1661661661662	2	0.08009388844508414	-1.3598091907182368e-10	0
6283185.307179586	140.44044044044045	1	0.8908199688781941	1.803025044078249e-11	0
6283185.307179586	1392.6926926926926	2	-1.3506832902627104	-1.0147580677056057e-09	2
6283185.307179586	2067.5175175175173	1	0.9689719821175617	-1.0884609164418885e-09	0
6283185.307179586	2095.3453453453453	1	0.297265462490681	-1.3011060598039496e-09	0
6283185.307179586	3020.6206206206207	1	1.1341041256063287	1.3313789685194416e-09	0
6283185.307179586	2025.7757757757759	1	-0.16249285694800353	-6.559001532598278e-10	0
6283185.307179586	1956.2062062062062	1	-1.0060760433785303	-1.5408853765877347e-09	0
6283185.307179586	2185.7857857857857	2	-0.2068678739966907	8.592540232916429e-10	0
6283185.307179586	1420.5205205205204	1	0.5063992358527112	6.625329385312441e-10	2
6283185.307179586	2109.259259259259	2	1.5091332838991365	-1.9598904556068036e-09	1
6283185.307179586	1775.3253253253254	1	1.5034140886669127	-5.636352972567304e-10	2
6283185.307179586	1142.2422422422424	1	1.307980761195128	-1.018980579312114e-09	1
6283185.307179586	1023.973973973974	2	1.4901105743800636	-8.605654544566304e-10	2
6283185.307179586	1121.3713713713714	2	-0.6923896016489821	-4.399806291269126e-10	2
6283185.307179586	2171.871871871872	2	1.5579177439794596	-1.687779469521177e-09	1
6283185.307179586	1476.176176176176	2	-0.6303129055739767	1.1865614731321535e-09	0
6283185.307179586	926.5765765765766	1	1.0384542893114217	-1.2598471687070224e-09	0
6283185.307179586	1622.2722722722724	2	-0.5329968516621224	-8.426177296078384e-10	0
6283185.307179586	2283.1831831831832	2	0.9840271069263391	-1.7426619381082268e-09	0
6283185.307179586	3354.5545545545547	2	-0.07904732448649332	8.150984397328081e-10	0
6283185.307179586	2262.3123123123123	1	-1.1075539352300043	-1.0229780828379682e-09	0
6283185.307179586	1650.1001001001002	2	-0.4827984638328946	1.0959784008209297e-09	0
6283185.307179586	2039.6896896896897	2	-1.2001727359651113	8.83473173506282e-10	1
6283185.307179586	1970.1201201201202	1	0.8206542950297337	-5.928013492143735e-10	0
6283185.307179586	1392.6926926926926	1	1.5287857816778438	-8.625654794995154e-10	2
6283185.307179586	808.3083083083084	2	0.84072905243523	-1.856503521751471e-10	2
6283185.307179586	850.0500500500501	2	-0.08632468292856088	-1.3252603546306006e-09	0
6283185.307179586	1065.7157157157158	1	-1.3263434570541217	-2.6074940616548806e-10	2
6283185.307179586	1330.08008008008	2	-1.483398606826584	8.128870868449567e-10	2
6283185.307179586	836.1361361361362	1	0.9377621967959766	1.2620177379331184e-09	2
6283185.307179586	1650.1001001001002	2	-0.9234894608727693	-1.2268389447504293e-09	0
6283185.307179586	2999.7497497497498	1	0.3894937418472373	1.939080130309808e-09	0
6283185.307179586	2178.828828828829	2	-1.1703841170061506	1.0474755182970892e-09	0
6283185.307179586	940.4904904904905	1	1.3773882673340263	2.661824666375063e-10	2
6283185.307179586	1441.3913913913914	1	0.6488464804487077	1.8525789877139173e-09	0
6283185.307179586	2116.2162162162163	2	-0.9396065220519602	1.739417481338376e-10	2
6283185.307179586	1017.017017017017	2	0.1950350056005512	9.41431926960624e-10	0
6283185.307179586	1796.1961961961963	2	-1.4775195922910989	-2.1844412560418078e-10	2
6283185.307179586	1747.4974974974975	1	0.927975045250566	2.0689989626623343e-10	2
6283185.307179586	996.1461461461462	1	0.6672010494099756	1.0116351850605384e-09	2
6283185.307179586	2206.6566566566567	1	-0.10714862743636933	-3.370555085355509e-10	0
6283185.307179586	1295.2952952952953	1	1.1744577753844112	-1.3040666522169919e-09	0
6283185.307179586	2484.934934934935	1	0.39621029842430766	-1.743109463709995e-10	1
6283185.307179586	1824.0240240240241	2	-0.3090312141112217	1.9020544906340745e-09	0
6283185.307179586	982.2322322322323	1	0.27929301715046706	-1.7015363054405195e-09	0
6283185.307179586	2276.226226226226	2	-1.0679485284212697	-2.0790277793777716e-10	2
6283185.307179586	710.910910910911	2	0.9159968829752003	-1.770795529687885e-09	2
6283185.307179586	1323.1231231231232	1	0.6828067308337085	7.231808528979597e-10	2
6283185.307179586	1942.2922922922924	2	-0.9626308295826128	1.0768426110312167e-09	0
6283185.307179586	1865.7657657657658	2	1.0860501744484137	1.0284274756196492e-09	0
6283185.307179586	3145.845845845846	2	-0.3921703897037543	1.6562078240337312e-09	0
6283185.307179586	2895.3953953953956	1	0.42394175060147177	9.903459947142476e-10	0
6283185.307179586	3326.7267267267266	1	0.05288148857257391	8.818462851694452e-10	0
6283185.307179586	2763.2132132132133	2	0.3753362010459518	-1.8282216999382897e-10	2
6283185.307179586	3194.544544544545	2	0.9942430935559416	1.6891925127655876e-09	0
6283185.307179586	1302.2522522522522	2	-0.5322169796244449	6.101110792505668e-10	0
6283185.307179586	1170.0700700700702	1	-0.06770424349411108	-9.351349711606885e-10	0
6283185.307179586	2617.1171171171172	2	-0.8780410857265939	1.1337890097301063e-09	0
6283185.307179586	1163.113113113113	2	-1.218757215100811	-8.365548824998298e-10	2
6283185.307179586	1469.2192192192192	2	-1.33039424298216	-6.78032464421623e-10	2
6283185.307179586	376.97697697697697	1	1.3846129111650551	-8.738116000125204e-10	2
6283185.307179586	300.4504504504505	2	-0.18406998329891855	-1.2446677680645469e-09	0
6283185.307179586	2137.087087087087	1	-0.03431584197763149	-1.3843123140660017e-09	0
6283185.307179586	2825.825825825826	1	0.9570623452218232	-8.492367142022585e-10	0
6283185.307179586	2171.871871871872	2	-0.5621901519819601	8.191818222562198e-10	0
6283185.307179586	1197.897897897898	1	1.5554482672751084	-1.6871277497144846e-09	2
6283185.307179586	376.97697697697697	2	1.30755233278708	-2.792043925200063e-10	2
6283185.307179586	1830.980980980981	1	0.905890098892471	-1.9242153807623233e-09	0
6283185.307179586	2164.914914914915	2	-0.48529581381827436	-2.1259930482896032e-10	2
6283185.307179586	2297.097097097097	1	0.9132561302860465	-5.950375145880209e-11	2
6283185.307179586	794.3943943943945	1	-0.516365672575176	-5.903182094062007e-10	0
6283185.307179586	1044.8448448448448	2	0.09282609775618744	5.032171854404162e-10	0
6283185.307179586	2178.828828828829	1	-1.0787361943961846	-8.2112937334148e-10	0
6283185.307179586	2589.289289289289	1	-0.9669213198932585	6.971976034678804e-10	1
6283185.307179586	1177.027027027027	1	-1.5000016876250095	-6.14843677936642e-10	2
6283185.307179586	383.93393393393393	1	-1.2796151832741023	1.9586305723775306e-09	2
6283185.307179586	2811.911911911912	1	-1.4251100770898388	7.868872498471063e-10	2
6283185.307179586	1928.3783783783783	1	-1.5434818278982663	-5.310063759477696e-10	2
6283185.307179586	1107.4574574574574	1	-0.3912443544070605	5.400749892353334e-10	2
6283185.307179586	2220.5705705705705	1	-0.8563088079369884	-8.966106505417326e-11	2
6283185.307179586	2658.858858858859	1	-1.0337158066152623	-3.797394747574287e-10	2
6283185.307179586	2881.4814814814818	1	1.3570891639080669	-6.897195779932339e-10	2
6283185.307179586	884.8348348348349	2	1.1413178952296503	-3.144642741668671e-10	2
6283185.307179586	2116.2162162162163	1	-0.20527275882638674	9.83193966510168e-10	0
6283185.307179586	1364.864864864865	1	-0.6298738170107024	1.8516908477717203e-09	0
6283185.307179586	961.3613613613613	2	0.6613459200715668	1.4598069738908025e-09	0
6283185.307179586	1803.1531531531532	1	0.6367274527203506	-3.7126300800204076e-10	2
6283185.307179586	2025.7757757757759	2	-1.0696931824829843	-1.4529582551080167e-09	0
6283185.307179586	1392.6926926926926	2	1.1877855007542508	1.7576621663995945e-09	0
6283185.307179586	1761.4114114114116	2	-1.4488677965732404	1.4609225196004714e-09	2
6283185.307179586	1023.973973973974	1	0.6550394959511134	1.9749259421814205e-09	0
6283185.307179586	815.2652652652653	1	-1.211352047794413	-6.946144831337453e-11	2
6283185.307179586	1963.1631631631633	2	-0.46325889578319557	-7.225483512555858e-10	0
6283185.307179586	2081.4314314314315	2	1.0272445533457542	-1.4896730640236063e-09	0
6283185.307179586	1531.8318318318318	1	-1.1626710264295406	4.989293938193291e-10	1
6283185.307179586	1824.0240240240241	1	-1.5486684302858151	3.0328751698382094e-10	2
6283185.307179586	1288.3383383383384	1	0.7251404018310899	1.7406384996127006e-09	0
6283185.307179586	815.2652652652653	1	-0.7709445533587047	-1.0256814642998809e-09	0
6283185.307179586	154.35435435435437	2	-0.49550469394162966	1.56799686442559e-10	0
6283185.307179586	996.1461461461462	1	0.6479911112012422	-9.295577677443867e-10	0
6283185.307179586	2484.934934934935	1	0.6698014617433334	1.5331147759930168e-09	0
6283185.307179586	1309.2092092092093	1	-0.45996600871798643	2.7267628590252377e-10	1
6283185.307179586	1761.4114114114116	2	-1.4857739528623717	-1.5368002733766907e-09	2
6283185.307179586	1907.5075075075076	1	-0.8670547689177129	1.8147374585673291e-09	0
6283185.307179586	1183.983983983984	2	-0.4215869300537318	1.4479869145862932e-09	0
6283185.307179586	1963.1631631631633	2	-0.6382916739461801	1.1338658139260263e-09	0
6283185.307179586	2401.4514514514517	2	0.5511481555595883	7.669770958453548e-10	0
6283185.307179586	1163.113113113113	1	1.219988917552056	-6.311286109168384e-10	2
6283185.307179586	2471.021021021021	1	0.767947110987774	-9.447517399905343e-10	0
6283185.307179586	933.5335335335336	1	0.39523880611996076	-1.5419924332738897e-09	0
6283185.307179586	1817.0670670670672	1	-1.259098263095813	-1.963669494251197e-09	0
6283185.307179586	1309.2092092092093	1	-1.494484636529018	-3.243736921104383e-11	2
6283185.307179586	2220.5705705705705	2	1.546087822351725	6.762046598074417e-10	1
6283185.307179586	2157.957957957958	1	1.0028974432019484	-1.9364707231386917e-09	0
6283185.307179586	2700.6006006006005	2	-0.6485990778605079	-1.167007766688381e-09	0
6283185.307179586	1664.014014014014	1	-0.8515742124602832	-8.974747395694674e-10	0
6283185.307179586	3632.832832832833	1	1.0640087107221299	-1.0491078096396095e-09	0
6283185.307179586	4975.525525525526	2	-1.2744885845771496	1.0603155355123676e-09	1
6283185.307179586	1225.7257257257259	1	-0.8504863574883663	-1.6765364580456127e-09	0
6283185.307179586	1427.4774774774776	2	0.35914258833658974	8.440300875438681e-10	0
6283185.307179586	1323.1231231231232	1	-1.0496267275996245	-1.3436274130691582e-09	0
6283185.307179586	1350.950950950951	2	1.2374167910215967	1.9974547828828805e-09	0
6283185.307179586	2665.8158158158158	2	-0.6780228840910908	-6.713592240296295e-10	0
6283185.307179586	898.7487487487488	2	-1.535309012912331	9.59360220343584e-10	2
6283185.307179586	1093.5435435435436	2	1.4436989527038988	6.252902514825861e-10	2
6283185.307179586	2498.848848848849	1	1.4626979433117917	-2.0268730198603937e-10	1
6283185.307179586	1657.0570570570571	1	1.0560893458781533	1.5642567031720514e-11	2
6283185.307179586	1712.7127127127128	1	-1.0745949752692188	-1.1647816205109428e-09	0
6283185.307179586	1267.4674674674675	1	-1.5361715335534196	1.567238575568379e-09	1
6283185.307179586	2547.5475475475478	2	0.9357212663480077	-2.7008066812559327e-10	1
6283185.307179586	1872.7227227227227	2	-0.7861042937967975	-3.910166248889077e-10	2
6283185.307179586	1935.3353353353355	2	-0.1882463104409977	-1.5398594502561763e-09	0
6283185.307179586	1302.2522522522522	2	0.8731361854214432	1.3086695482699783e-09	0
6283185.307179586	1858.8088088088089	2	-0.9263329545362627	-3.213107826506043e-10	2
6283185.307179586	1274.4244244244244	1	-0.02595229331001292	1.6412809133187244e-09	0
6283185.307179586	1364.864864864865	1	0.7203717806474073	-8.01753135038545e-10	0
6283185.307179586	1914.4644644644645	1	-0.5794765654820253	-1.2803745096823989e-09	0
6283185.307179586	2311.011011011011	2	-0.6922860214896867	2.5968831773745332e-11	1
6283185.307179586	2144.0440440440443	2	0.3818809713583915	6.257442980390754e-11	2
6283185.307179586	870.9209209209209	1	0.4930562710146593	-1.1639228559276883e-09	0
6283185.307179586	1204.854854854855	2	1.5053510902522396	6.35072196668156e-10	2
6283185.307179586	1156.1561561561562	1	1.4818250850611343	-1.3951380891188402e-09	2
6283185.307179586	1837.937937937938	1	-0.3993847216842421	-1.1167870609875808e-09	0
6283185.307179586	863.963963963964	2	0.4926671727674101	5.503442763949612e-10	0
6283185.307179586	1135.2852852852852	1	1.274437647106088	-2.11132128747058e-10	2
6283185.307179586	1524.8748748748749	2	-0.40218006401892903	-1.8543384587051302e-09	0
6283185.307179586	1768.3683683683685	2	-0.5745954598974574	1.068549482457316e-09	0
6283185.307179586	2241.4414414414414	2	-1.031485026076286	9.650166261857715e-10	0
6283185.307179586	2679.72972972973	2	0.7465251595537992	1.9933085609302897e-09	0
6283185.307179586	2109.259259259259	2	0.5662205084511838	1.5509092581597911e-09	0
6283185.307179586	780.4804804804805	2	1.1424635187307333	-9.475636629452363e-10	2
6283185.307179586	620.4704704704704	1	0.42003436628109836	-1.2556983044969728e-09	0
6283185.307179586	2359.70970970971	2	1.0689434509201856	3.2804466198399943e-10	2
6283185.307179586	2164.914914914915	2	1.371389986871801	-9.908081142530067e-10	1
6283185.307179586	1281.3813813813815	2	0.7774892437003036	-1.449665488375174e-09	0
6283185.307179586	1545.7457457457458	2	1.3596369426650798	-1.8110659482707235e-09	2
6283185.307179586	1462.2622622622623	2	0.3524287750177981	1.5442237288011756e-10	2
6283185.307179586	843.0930930930931	1	0.46319435379562623	1.770609527526501e-09	0
6283185.307179586	2297.097097097097	2	0.6051971927089048	1.4981089988898926e-10	1
6283185.307179586	696.996996996997	1	-0.8600280090213452	-6.813651091323273e-10	0
6283185.307179586	3250.2002002002005	1	-1.184964021276794	1.7109583608329984e-10	1
6283185.307179586	877.877877877878	2	0.13831307947909988	1.2861765152814896e-09	0
6283185.307179586	2450.1501501501502	2	0.6229597685759551	-1.5456636292559544e-09	0
6283185.307179586	1830.980980980981	2	0.7198329041699467	-1.174044427423726e-09	0
6283185.307179586	850.0500500500501	2	-0.7600496141994586	1.0901230241947716e-09	0
6283185.307179586	683.0830830830831	2	1.340175399527522	1.801726485831303e-09	2
6283185.307179586	1893.5935935935936	2	1.403544940507318	-5.613447085269431e-10	2
6283185.307179586	676.1261261261261	2	-0.34436098123527104	-1.6223565588700055e-09	0
6283185.307179586	2297.097097097097	2	-0.9073550297552654	1.6867439775888929e-09	0
6283185.307179586	564.8148148148148	2	-0.7216094870196677	-1.907702965318831e-09	2
6283185.307179586	1267.4674674674675	2	1.1488169899001024	1.7512997743519791e-09	0
6283185.307179586	2011.8618618618618	1	1.1851349468858912	-3.302569822103929e-10	2
6283185.307179586	1566.6166166166167	2	-1.5615096881751893	8.217117445145499e-10	2
6283185.307179586	2721.4714714714714	1	0.6345528451999733	-1.1272115468555111e-09	0
6283185.307179586	1921.4214214214214	1	-1.2519584825576424	1.9835026890528433e-09	0
6283185.307179586	912.6626626626627	1	1.3591342164323374	1.3437512606424735e-09	2
6283185.307179586	2248.3983983983985	2	0.019089353555673982	-1.2295834339015665e-09	0
6283185.307179586	1970.1201201201202	2	1.2388899375287261	1.4637605879160176e-09	0
6283185.307179586	1142.2422422422424	1	1.3520198255004519	1.7881608913162162e-09	2
6283185.307179586	1698.7987987987988	2	-0.5353770416890082	-2.0826857051079e-10	2
6283185.307179586	1622.2722722722724	2	1.4103990028137101	3.810235719059002e-10	2
6283185.307179586	1302.2522522522522	1	-1.4436016344142077	2.9312864094655843e-10	2
6283185.307179586	335.2352352352352	2	1.3448780957569548	-1.3180109731531588e-09	1
6283185.307179586	2317.967967967968	2	-0.13680258479020835	-6.942535906381999e-11	0
6283185.307179586	1142.2422422422424	2	1.4709620583965308	-1.2015983266265359e-09	1
6283185.307179586	1121.3713713713714	1	-0.4757565378107875	1.6384635229903064e-09	0
6283185.307179586	1865.7657657657658	1	-0.0685855380303324	1.9025565901933497e-09	0
6283185.307179586	3243.2432432432433	2	0.35848642766520755	-2.948220382230105e-10	1
6283185.307179586	2624.0740740740744	2	-0.06716706062065114	-3.933592063355791e-12	0
6283185.307179586	1225.7257257257259	2	1.1835119274628898	-7.700393439821231e-10	2
6283185.307179586	1253.5535535535537	1	0.6078742942005992	-2.1843457593688508e-10	2
6283185.307179586	1754.4544544544544	1	-1.525810229981301	1.2529870688010408e-10	2
6283185.307179586	2317.967967967968	1	-0.35985136970725273	1.931676114416702e-09	0
6283185.307179586	1197.897897897898	2	-1.4510454741364058	9.36280324891103e-10	2
6283185.307179586	3097.1471471471473	2	-0.0977206324928881	-1.890603853998966e-09	0
6283185.307179586	996.1461461461462	1	0.17474340459666937	1.0378905519534745e-09	0
6283185.307179586	2749.2992992992995	1	0.08812769174785817	-1.6144232405912735e-09	0
6283185.307179586	2853.6536536536537	1	1.0210669810040254	-1.4999046777909279e-09	0
6283185.307179586	2164.914914914915	1	-0.191083064909235	-2.2025655197650667e-10	2
6283185.307179586	2658.858858858859	1	0.8499982686846672	4.613693682835919e-11	2
6283185.307179586	1810.11011011011	2	1.5671033249224604	1.2163213861033804e-09	1
6283185.307179586	1531.8318318318318	1	0.7667000132395363	1.1471130230329793e-09	0
6283185.307179586	850.0500500500501	2	-1.3754085652799055	-3.678560886056028e-11	2
6283185.307179586	2109.259259259259	1	0.19460658335774883	-1.4730261520729116e-09	0
6283185.307179586	1921.4214214214214	2	1.165885158765143	-6.622885292611222e-10	2
6283185.307179586	1858.8088088088089	1	-0.529628103444582	1.1694459868717544e-09	0
6283185.307179586	710.910910910911	2	0.3515383564672463	1.0160437804368932e-09	0
6283185.307179586	1030.930930930931	2	0.7419446070225604	-1.1003938962781858e-09	1
6283185.307179586	2311.011011011011	2	-0.164916426773426	-7.033935066301304e-10	0
6283185.307179586	2958.008008008008	1	-1.1274068991269637	1.3100606615458165e-09	0
6283185.307179586	1448.3483483483483	2	-0.8586494605723657	-2.9616604987624344e-10	2
6283185.307179586	1253.5535535535537	2	-1.325544770040853	1.3593582149821595e-09	1
6283185.307179586	850.0500500500501	1	-0.846574187209873	-1.2306616088034308e-09	0
6283185.307179586	509.1591591591592	2	-0.4334366916436454	1.4397356967572077e-09	0
6283185.307179586	1023.973973973974	1	1.3079301937252734	-1.7823325402674289e-09	1
6283185.307179586	1531.8318318318318	1	-0.9341679136567852	1.8847945445533716e-09	0
6283185.307179586	2081.4314314314315	1	-0.9232069689309158	-1.3175669524971175e-09	0
6283185.307179586	1677.927927927928	1	0.6076726722938721	5.49124830379386e-10	2
6283185.307179586	1253.5535535535537	2	-1.4764042866599227	-4.6213846559459697e-10	2
6283185.307179586	1037.887887887888	2	0.6353679491201962	1.3803768641278499e-09	0
6283185.307179586	2276.226226226226	1	1.5303516114223616	1.169497655855757e-09	2
6283185.307179586	2811.911911911912	1	-0.6518084149108526	-1.060981023309455e-09	0
6283185.307179586	1455.3053053053054	2	1.13104301703018	-1.4474331468769043e-09	0
6283185.307179586	1879.6796796796798	2	0.9391035141679125	8.800648446491529e-10	0
6283185.307179586	1190.940940940941	1	-0.5907813898164509	1.4002605528446345e-09	0
6283185.307179586	2484.934934934935	2	1.539970370256467	-1.6498187300246598e-09	2
6283185.307179586	1079.6296296296296	2	0.02227608960750338	-3.297915619858531e-10	0
6283185.307179586	3284.984984984985	1	-0.5505839165602597	-1.697200018138219e-10	2
6283185.307179586	1058.7587587587586	1	1.3709421981514986	1.3721691566583361e-09	2
6283185.307179586	1037.887887887888	2	-1.3474729282411	-1.1951966000181363e-09	2
6283185.307179586	1023.973973973974	2	-0.41144049846688535	1.88160666115115e-10	2
6283185.307179586	2283.1831831831832	1	1.1360093309185633	1.1932495199373846e-09	0
6283185.307179586	2109.259259259259	2	-0.10471079782389592	-1.9721573335033773e-09	0
6283185.307179586	1566.6166166166167	1	0.7754364488926768	-3.500132473183672e-11	2
6283185.307179586	884.8348348348349	2	1.1818177243285795	-1.922563297670487e-09	2
6283185.307179586	2011.8618618618618	1	-0.4129716090987583	-5.145370139493446e-10	0
6283185.307179586	1552.7027027027027	1	1.3595384000384172	-1.0148348291204809e-09	2
6283185.307179586	1017.017017017017	1	0.989803745523909	-1.3203734964477518e-09	0
6283185.307179586	1010.0600600600601	2	-0.9431867101067892	1.25186990869596e-09	0
6283185.307179586	766.5665665665666	1	1.2335991913048545	-7.165120816769797e-10	1
6283185.307179586	585.6856856856857	1	1.0529267353435143	-1.0738934020297717e-09	0
6283185.307179586	620.4704704704704	2	0.849145932348621	1.679301850037175e-10	0
6283185.307179586	1107.4574574574574	1	-0.3731312510158422	-8.127062346611807e-10	0
6283185.307179586	1469.2192192192192	1	1.0403429109807405	-8.043672568259756e-10	0
6283185.307179586	2554.5045045045044	2	1.1094437544565898	1.391582471484134e-09	0
6283185.307179586	940.4904904904905	1	-1.3941866750132579	1.7592870164469052e-09	1
6283185.307179586	2373.6236236236236	2	-0.3882259484770345	-1.6098079739603208e-09	0
6283185.307179586	1476.176176176176	2	0.48335779613895946	-1.648565977421602e-10	1
6283185.307179586	1204.854854854855	1	-1.2636355474921948	-4.3997439589927056e-10	2
6283185.307179586	2088.388388388388	2	-1.2600919152752337	8.282373037568471e-10	2
6283185.307179586	1531.8318318318318	1	-0.7479564756656356	2.586714120202879e-12	2
6283185.307179586	1949.2492492492493	2	0.1216048064592965	-1.6841467515050936e-09	0
6283185.307179586	2345.795795795796	2	-1.1515651890663203	1.958557749691085e-09	0
6283185.307179586	919.6196196196197	2	-1.0425798024262576	1.1311859967956682e-09	0
6283185.307179586	1218.7687687687687	1	0.04906151063049191	-1.4871919929219596e-09	0
6283185.307179586	3486.736736736737	2	0.3634253016491764	-5.503395702105544e-10	0
6283185.307179586	2039.6896896896897	1	-0.9004339985956699	1.528920197550668e-09	0
6283185.307179586	2881.4814814814818	2	0.44319195980413406	-1.9496672909088e-09	0
6283185.307179586	1914.4644644644645	2	1.5571527983771238	-1.953199102338624e-09	2
6283185.307179586	3611.961961961962	2	0.13968019362530137	-1.959010229634273e-09	0
6283185.307179586	2533.6336336336335	2	1.1095520651305275	5.050712591828825e-10	2
6283185.307179586	1086.5865865865867	1	-1.4126108606614904	-9.557482269134691e-10	2
6283185.307179586	710.910910910911	1	-1.1453524066748115	-1.7799944987582883e-09	0
6283185.307179586	2791.041041041041	2	0.2016202974900847	1.2354402577561973e-09	0
6283185.307179586	4057.2072072072074	1	-0.7369927391568216	-1.2175444396919321e-09	0
6283185.307179586	3375.4254254254256	1	-1.4230792412352586	-1.600664537852052e-09	2
6283185.307179586	1010.0600600600601	1	-1.3798630239905292	-1.0793267462980893e-09	2
6283185.307179586	3431.0810810810813	1	1.3546608987028015	-1.9718970011267545e-09	0
6283185.307179586	1886.6366366366367	2	-1.1609551303402283	-1.3333548358857296e-10	2
6283185.307179586	2992.792792792793	1	0.39107125472751214	9.998941581280872e-10	0
6283185.307179586	1149.1991991991993	2	-0.8977999591015147	1.2085268978009896e-09	0
6283185.307179586	1177.027027027027	1	-0.8746501133865732	-8.627733525233187e-10	0
6283185.307179586	3229.3293293293295	2	-1.0814745519241793	-1.249165723277285e-09	0
6283185.307179586	1483.1331331331332	2	0.6621944106918289	1.8516365588241967e-09	0
6283185.307179586	2213.613613613614	2	0.9245544490722986	1.8883485880740428e-10	2
6283185.307179586	1928.3783783783783	2	-0.08867465710247346	-1.6465376326696816e-09	0
6283185.307179586	2067.5175175175173	2	-0.48877707413134575	-1.9364468205955897e-09	0
6283185.307179586	2157.957957957958	1	-1.3769010929485186	1.2720163723366906e-09	2
6283185.307179586	1170.0700700700702	1	-0.08738595006389693	-5.040464111502865e-10	0
6283185.307179586	2046.6466466466468	2	0.30171167171568314	1.8000300448997785e-09	0
6283185.307179586	2067.5175175175173	2	-0.47548535819219806	5.975083676629669e-10	0
6283185.307179586	481.33133133133134	2	1.5061649312704741	3.7982915690354523e-10	1
6283185.307179586	1267.4674674674675	1	0.06402369245084638	-1.721733255610909e-09	0
6283185.307179586	1893.5935935935936	2	-0.1640764500048144	1.3288720748012335e-09	0
6283185.307179586	1517.917917917918	1	-0.5367578026350543	-1.0728811246077293e-09	0
6283185.307179586	933.5335335335336	1	-1.4793538480724242	-1.2954336648190394e-09	1
6283185.307179586	1733.5835835835837	1	-0.16816393597777113	7.048217939640108e-10	0
6283185.307179586	1504.004004004004	2	0.5764127182914502	-1.4350407166900011e-09	0
6283185.307179586	989.1891891891892	2	1.045062314495933	-1.7461380450097514e-09	0
6283185.307179586	703.9539539539539	1	-0.8287144026127438	-1.9236469029088194e-09	0
6283185.307179586	2568.4184184184187	2	1.3728107284242275	-5.905394843039544e-10	2
6283185.307179586	968.3183183183183	1	-0.7391524972428186	-3.5892255529479326e-11	2
6283185.307179586	2025.7757757757759	2	-0.8603496845775125	-1.322003598179089e-09	0
6283185.307179586	1997.947947947948	2	-0.1155643001930875	-5.255668772478887e-10	0
6283185.307179586	1691.8418418418419	1	0.5651962038936733	9.397976053093655e-10	0
6283185.307179586	4836.386386386386	2	0.31137471038159137	3.8925096226562145e-10	0
6283185.307179586	2331.881881881882	1	-1.2347067735829795	-6.513463272314298e-10	2
6283185.307179586	1970.1201201201202	1	-0.37219390997660384	7.674280380271855e-10	0
6283185.307179586	1149.1991991991993	1	0.08695440877162541	-7.501306915344138e-10	0
6283185.307179586	2561.4614614614616	2	0.3400649387192991	3.0676412395569725e-11	2
6283185.307179586	1204.854854854855	2	0.18212187774761235	-3.126892641329398e-10	2
6283185.307179586	1754.4544544544544	2	-0.67206585346774	1.3422535443880968e-09	0
6283185.307179586	1524.8748748748749	2	1.5399233519667774	5.508557937775113e-10	2
6283185.307179586	2554.5045045045044	1	1.2483436893005901	-1.7477854622819178e-09	0
6283185.307179586	2352.7527527527527	1	0.48104899063475726	1.7818125475850727e-09	0
6283185.307179586	2582.3323323323325	1	-0.5346845277500147	-1.6421946527664139e-09	0
6283185.307179586	1142.2422422422424	2	1.367768191267127	1.8927112463095653e-09	2
6283185.307179586	1093.5435435435436	1	0.06231746124647808	3.272114373395559e-10	0
6283185.307179586	1378.7787787787788	2	0.9009990352371693	1.864313375665395e-09	0
6283185.307179586	2311.011011011011	1	-0.9293900230888906	1.730801441296073e-09	0
6283185.307179586	2088.388388388388	2	1.1329634834413769	1.1907321944980826e-09	0
6283185.307179586	2519.7197197197197	2	0.593171335743631	-1.5544275134406994e-10	1
6283185.307179586	2262.3123123123123	2	1.3967029021524469	1.0299476097943212e-09	1
6283185.307179586	1594.4444444444446	2	1.399660823693912	1.4312565136472075e-09	1
6283185.307179586	2164.914914914915	2	1.4706432467569042	-4.1908682026001073e-10	1
6283185.307179586	1497.047047047047	1	-1.12591428429624	-9.581476962209155e-10	0
6283185.307179586	1517.917917917918	1	-0.8752260862185846	-1.1457841395508868e-09	0
6283185.307179586	1928.3783783783783	2	-1.0371956625807202	1.5799284593074332e-09	0
6283185.307179586	2756.256256256256	2	0.03273798811695183	1.6053741173258119e-09	0
6283185.307179586	703.9539539539539	2	0.884183531851495	1.4134876261512405e-10	2
6283185.307179586	1190.940940940941	1	-0.11403399924116675	5.485916254316102e-10	0
6283185.307179586	1281.3813813813815	2	0.8575502693741255	1.8195470298924775e-09	0
6283185.307179586	1371.821821821822	1	-1.3185221562620288	1.934386035399845e-09	2
6283185.307179586	1573.5735735735736	1	1.2843760251577172	-9.454772913727627e-10	2
6283185.307179586	2157.957957957958	2	-0.20475359057083864	1.7375671289703095e-09	0
6283185.307179586	2018.818818818819	2	-0.7644346903025342	-1.0144707385385475e-09	0
6283185.307179586	2018.818818818819	2	1.118998555851039	1.7833875451738859e-09	0
6283185.307179586	2276.226226226226	1	1.133467030459704	1.2628596566002695e-09	0
6283185.307179586	2366.6666666666665	1	-1.226722503997814	-2.2581235244653182e-10	2
6283185.307179586	1524.8748748748749	1	1.0432734873164997	-1.3421661715804154e-09	0
6283185.307179586	1260.5105105105106	2	0.8577902321158839	1.148426575591373e-09	0
6283185.307179586	2206.6566566566567	2	-0.027350425324373928	8.269892995537167e-11	0
6283185.307179586	1093.5435435435436	1	0.4920908275595477	1.8823454178498367e-09	0
6283185.307179586	1650.1001001001002	1	1.267696979164076	-1.8577825161448086e-09	0
6283185.307179586	2575.3753753753754	2	0.25220371350971393	-1.7969579614305e-09	0
6283185.307179586	1378.7787787787788	2	1.1557830034493124	-1.6441108931904584e-09	0
6283185.307179586	1177.027027027027	1	-0.7617978701310666	-1.2051482584882698e-09	0
6283185.307179586	1851.851851851852	2	-0.6217721367911044	-2.6014017999425613e-10	2
6283185.307179586	2304.054054054054	1	-0.7611321633082864	1.3746995685496601e-09	0
6283185.307179586	2359.70970970971	1	-1.2555232520220587	-5.123939026030242e-10	2
6283185.307179586	794.3943943943945	1	-0.08818984316113232	-1.7362206863885948e-09	0
6283185.307179586	2234.4844844844847	1	0.6931235651658976	-6.19249488731942e-10	0
6283185.307179586	1872.7227227227227	2	-0.8379510695892086	1.0225730246392122e-10	2
6283185.307179586	1900.5505505505505	2	1.0540317292791261	1.7875752369543855e-09	0
6283185.307179586	2039.6896896896897	1	0.8029622258217861	-1.7735930293302783e-09	0
6283185.307179586	933.5335335335336	1	-0.29647391133695344	2.817577693056868e-10	1
6283185.307179586	877.877877877878	2	0.9726395183229677	-1.1829159944416704e-09	2
6283185.307179586	1538.788788788789	2	0.754328325599793	-1.601352412928021e-09	0
6283185.307179586	2617.1171171171172	1	0.35518579837339015	1.1305588467019634e-09	0
6283185.307179586	2651.901901901902	2	0.292768329210755	1.4701405423475687e-10	2
6283185.307179586	1003.1031031031031	2	1.0920205429444114	1.1060942532959735e-09	0
6283185.307179586	2304.054054054054	2	-0.557669968206695	-6.601618828801414e-10	0
6283185.307179586	2408.4084084084084	1	0.35123310923540774	9.407866755374984e-10	0
6283185.307179586	2081.4314314314315	2	-0.1340816031529155	1.1909165394328181e-09	0
6283185.307179586	940.4904904904905	2	-0.36810959828687695	-1.3516121690228534e-09	0
6283185.307179586	2116.2162162162163	1	0.5493108144654011	1.8770489087884064e-09	0
6283185.307179586	2373.6236236236236	1	-0.8554832879026762	-9.769221115738787e-10	0
6283185.307179586	1851.851851851852	1	-0.7478621409401024	3.805861005781672e-10	2
6283185.307179586	717.8678678678679	1	-0.5935447568209917	-1.9618020450525416e-09	0
6283185.307179586	2978.878878878879	2	1.181139862835955	-8.528091182001868e-11	2
6283185.307179586	738.7387387387388	1	-0.19236839982428355	1.885832687447222e-09	0
6283185.307179586	1837.937937937938	1	-1.4407986262607884	1.3184540226266383e-09	1
6283185.307179586	1879.6796796796798	1	0.8891738444150152	-1.2476644995547895e-10	2
6283185.307179586	1079.6296296296296	1	0.9619738494825119	1.1540472009104666e-09	1
6283185.307179586	2206.6566566566567	2	1.3037446559158847	-1.5398292169762186e-09	1
6283185.307179586	3382.3823823823823	2	-1.4211268963118893	1.1766301136624784e-09	2
6283185.307179586	1469.2192192192192	1	1.4092163769055226	6.022697750919136e-10	2
6283185.307179586	1337.0370370370372	1	0.008632013568952823	5.432646727532264e-10	0
6283185.307179586	1100.5005005005005	2	-0.5234296914352403	-1.6905697443397201e-09	0
6283185.307179586	2255.3553553553556	1	1.4939265912653923	2.0552100642162668e-10	2
6283185.307179586	1044.8448448448448	2	0.8905267600541098	-1.261402134214745e-09	0
6283185.307179586	1190.940940940941	2	-1.3819429525327647	1.7706505846086508e-09	1
6283185.307179586	2749.2992992992995	2	-0.03928747802516197	-1.4480019482250844e-09	0
6283185.307179586	3083.2332332332335	1	1.2620546298784752	1.6070323994478122e-09	0
6283185.307179586	996.1461461461462	2	1.527299570731166	1.992851458817148e-10	2
6283185.307179586	4133.733733733734	1	-0.5174678492255602	1.6983968857045001e-09	0
6283185.307179586	1538.788788788789	2	-0.655755344791143	-1.3337398891256193e-09	0
6283185.307179586	857.007007007007	2	0.20325853490003376	1.2315008669984321e-09	0
6283185.307179586	2352.7527527527527	2	-0.9679613536265725	-1.550846274387499e-09	0
6283185.307179586	1378.7787787787788	2	0.791385214657987	-4.0763178051429007e-10	1
6283185.307179586	3208.4584584584586	1	-0.18293276573626693	-1.478245651015603e-09	0
6283185.307179586	1044.8448448448448	2	-1.1208850358928166	9.522369002837344e-10	0
6283185.307179586	2971.921921921922	2	0.5812720132324638	1.7957522099967598e-09	0
6283185.307179586	2477.977977977978	1	-0.005657006724272495	-5.086597864033284e-10	0
6283185.307179586	696.996996996997	2	1.3684943565308818	1.1752436891405381e-09	1
6283185.307179586	2297.097097097097	1	-0.1082848381653565	-1.7112455362109435e-09	0
6283185.307179586	1552.7027027027027	2	-1.4382470495182569	5.870598163663241e-10	2
6283185.307179586	2498.848848848849	1	-0.2825189929178529	2.3349396974979554e-11	1
6283185.307179586	2234.4844844844847	2	0.9108999137042155	9.027408472017328e-10	0
6283185.307179586	474.3743743743744	1	-1.5023007319781492	-3.6692346097533953e-10	1
6283185.307179586	2123.1731731731734	2	0.6336454206118591	-1.384235864378467e-09	0
6283185.307179586	1803.1531531531532	2	-0.7582532459263919	5.765048148057092e-10	0
6283185.307179586	2464.064064064064	2	-1.016638734464258	-6.118957969723273e-10	1
6283185.307179586	1497.047047047047	1	-1.2862432632351075	1.060116327575102e-09	2
6283185.307179586	1357.9079079079079	2	0.16163265544743854	8.513778358470941e-10	0
6283185.307179586	2213.613613613614	1	1.2493272280510244	4.792583606365676e-10	2
6283185.307179586	1949.2492492492493	1	-0.634113359141797	-1.763790475249227e-09	0
6283185.307179586	1622.2722722722724	2	-0.8295628315509354	1.7567901391810493e-09	0
6283185.307179586	752.6526526526527	1	0.37694165531647483	-2.914353836708901e-10	0
6283185.307179586	2060.5605605605606	1	-0.9304415539177632	1.429189970223425e-09	0
6283185.307179586	1705.755755755756	1	-0.24858270648877756	-1.1835376425741262e-09	0
6283185.307179586	1142.2422422422424	2	-0.9666358572910028	-1.8021711322410598e-10	2
6283185.307179586	905.7057057057058	1	0.8529136001003979	1.7787103495741514e-09	0
6283185.307179586	2749.2992992992995	2	-0.716030132258399	1.4349247911988332e-10	1
6283185.307179586	2895.3953953953956	2	-0.28652380399089883	4.243047700604729e-10	0
6283185.307179586	2018.818818818819	1	1.0411177824780893	-2.793690551517139e-10	2
6283185.307179586	1747.4974974974975	1	0.28271260655551367	2.119761184968838e-10	2
6283185.307179586	585.6856856856857	1	1.5491509069553722	8.675877810385632e-10	2
6283185.307179586	1789.2392392392394	1	-0.6867286443961124	-1.6456868356534404e-09	0
6283185.307179586	1970.1201201201202	2	-1.2405582397257033	-1.6903679312592343e-10	2
6283185.307179586	1963.1631631631633	1	0.011966424732514191	-5.33212740844244e-10	0
6283185.307179586	2665.8158158158158	1	-1.194031012804092	1.350656644190106e-09	0
6283185.307179586	3813.713713713714	1	0.977759715391112	-1.7323846278748782e-09	0
6283185.307179586	1977.077077077077	2	-0.7119542152025615	1.6246360321440896e-09	0
6283185.307179586	2471.021021021021	1	1.3429350648531542	-1.6909915543495804e-09	1
6283185.307179586	1538.788788788789	1	-0.5787882688430845	1.5901429566046316e-09	0
6283185.307179586	2373.6236236236236	2	0.7420926460390529	-1.201226175219953e-09	0
6283185.307179586	1768.3683683683685	2	0.3020138720270811	-9.550046417048611e-10	0
6283185.307179586	1211.8118118118118	1	0.47619325823417924	1.2836730269918903e-09	0
6283185.307179586	2011.8618618618618	2	0.8067915684016951	-1.5741786805170689e-09	0
6283185.307179586	1684.884884884885	2	-0.8374165418368879	1.010025318496554e-09	0
6283185.307179586	1183.983983983984	2	-1.1683655191082378	-1.650847439476169e-09	0
6283185.307179586	1698.7987987987988	1	0.3940578413101872	3.1690403613393547e-10	2
6283185.307179586	808.3083083083084	2	-0.8614350124708234	1.6907295625162352e-09	0
6283185.307179586	1253.5535535535537	2	1.3577034615315537	5.883362779618704e-10	1
6283185.307179586	2004.904904904905	1	-0.048694251816348455	1.254728503742626e-09	0
6283185.307179586	1378.7787787787788	2	1.0977100025507878	-1.1834574613569743e-09	2
6283185.307179586	1378.7787787787788	2	0.5448274418082191	1.3847074802911612e-11	1
6283185.307179586	1615.3153153153153	2	0.7046080875833516	4.75720636495814e-11	1
6283185.307179586	1483.1331331331332	1	-0.2812905831461123	-1.7664501931763629e-09	0
6283185.307179586	2422.322322322322	1	0.7612149239742325	2.6630425382585665e-10	2
6283185.307179586	2039.6896896896897	2	1.2797341809189229	-7.675856582964649e-10	2
6283185.307179586	1100.5005005005005	2	1.124148320318339	-1.660030963837382e-10	2
6283185.307179586	1079.6296296296296	2	-0.5400606088749884	-1.701031737887208e-10	2
6283185.307179586	2067.5175175175173	2	1.20496665589851	-2.2561427011544216e-10	2
6283185.307179586	3124.974974974975	1	0.3924851193222436	1.6746062208686439e-09	0
6283185.307179586	1274.4244244244244	2	1.2462232507273705	1.7789034415296523e-09	0
6283185.307179586	2011.8618618618618	2	-0.5723172850598182	-1.570479006666882e-09	0
6283185.307179586	2721.4714714714714	2	-0.723479925806561	-6.233166151672838e-11	2
6283185.307179586	1566.6166166166167	2	0.39840847060271023	-1.989866248186999e-10	1
6283185.307179586	1455.3053053053054	1	-1.0362944358826272	-1.5279636351952607e-09	0
6283185.307179586	634.3843843843844	1	-0.18051008185875084	1.5592594260300596e-09	2
6283185.307179586	1121.3713713713714	2	-1.0357961841883214	1.2396010444744878e-09	0
6283185.307179586	1768.3683683683685	2	0.6124431435560886	1.9430925798968664e-09	0
6283185.307179586	1517.917917917918	2	-0.8484615009856905	8.363245066414084e-11	2
6283185.307179586	773.5235235235235	1	-1.3318220054111611	-1.1221373799333594e-09	2
6283185.307179586	1274.4244244244244	1	1.1775140625424445	4.825804714667244e-10	2
6283185.307179586	1316.1661661661662	2	1.0765788514636982	-9.769634302882564e-11	1
6283185.307179586	1559.6596596596596	1	-0.8851188172725815	-9.758825981265256e-10	0
6283185.307179586	1900.5505505505505	2	-1.457390703445169	-1.0419693004336772e-10	2
6283185.307179586	1726.6266266266266	1	-1.225942228197924	-1.8447171702770474e-09	0
6283185.307179586	1246.5965965965966	1	0.06323732980675123	1.140975887037157e-09	0
6283185.307179586	1190.940940940941	2	0.6543454396497186	-1.1318783042636974e-09	0
6283185.307179586	2220.5705705705705	1	0.2307443050063458	3.8814753041054474e-10	2
6283185.307179586	1274.4244244244244	1	0.7429445266183823	-1.6575060881738525e-09	0
6283185.307179586	1629.2292292292293	1	0.1736666312350934	-1.1375165981086008e-09	0
6283185.307179586	1552.7027027027027	2	-0.8995389147544257	1.148826178299116e-09	0
6283185.307179586	3111.061061061061	1	1.5701490194737349	-1.406997832209405e-09	2
6283185.307179586	1629.2292292292293	1	0.648066576064783	3.410538360001089e-11	2
6283185.307179586	585.6856856856857	1	0.5678216847088216	-1.1732998019420253e-09	0
6283185.307179586	3013.6636636636636	1	0.8229279796314599	-4.700302284302303e-10	1
6283185.307179586	940.4904904904905	1	1.2936229303798	-1.5162616901165793e-09	1
6283185.307179586	1977.077077077077	2	-0.19487183397760766	-5.830867962954595e-10	0
6283185.307179586	1754.4544544544544	1	0.5258454500211482	1.0935204766565635e-09	0
6283185.307179586	1886.6366366366367	2	-0.5834887025759712	-6.673787998488371e-10	0
6283185.307179586	2380.5805805805808	2	0.9971735719130805	-1.3667647542835062e-10	2
6283185.307179586	968.3183183183183	2	1.0243991867677926	5.535922648679282e-10	2
6283185.307179586	3222.3723723723724	2	-1.41267136765804	-4.3294007319722725e-10	1
6283185.307179586	3911.1111111111113	1	-0.5981828167141173	6.532749087838645e-10	0
6283185.307179586	891.7917917917919	2	1.1654988090136902	1.849774944690268e-09	0
6283185.307179586	1170.0700700700702	1	-0.24479441707688787	-8.747640612291235e-10	0
6283185.307179586	1483.1331331331332	1	-0.8819107157171198	1.7149186266816165e-09	0
6283185.307179586	1469.2192192192192	2	-1.0987038342441289	1.6620537285993892e-09	0
6283185.307179586	3528.478478478479	1	-1.4810561919178378	-2.8347855224097713e-10	1
6283185.307179586	557.8578578578579	2	0.08434658654897276	9.382219363696127e-10	0
6283185.307179586	1427.4774774774776	2	-1.0188594855506825	1.543440873419535e-09	0
6283185.307179586	2046.6466466466468	2	-0.7725118131585118	1.5507340160388266e-09	0
6283185.307179586	1872.7227227227227	1	-0.43477380417655365	-6.529875475429438e-13	2
6283185.307179586	1545.7457457457458	1	0.3929122270535992	1.9265302201059235e-09	0
6283185.307179586	432.63263263263264	2	-0.8190623099537867	-1.3521712169460433e-09	2
6283185.307179586	2450.1501501501502	1	1.2154500418827365	-1.7469341144612704e-09	0
6283185.307179586	2227.5275275275276	2	-0.5580424042271723	1.3985470175703371e-09	0
6283185.307179586	940.4904904904905	1	0.9244737310334195	-1.1620618373104584e-09	0
6283185.307179586	1183.983983983984	2	0.4431481938010364	-1.6771263339510641e-09	0
6283185.307179586	2311.011011011011	2	-0.9470408419100971	6.220126281304928e-10	1
6283185.307179586	1830.980980980981	1	1.187053399250305	-3.2340635454835713e-10	2
6283185.307179586	1420.5205205205204	2	0.23914634706505855	-6.28754841348219e-10	2
6283185.307179586	2561.4614614614616	1	1.0715688613112406	1.9160633893292737e-09	0
6283185.307179586	1037.887887887888	1	1.3607190705290448	-1.520398813173835e-09	2
6283185.307179586	1893.5935935935936	2	1.2557440685835353	1.12266950254337e-09	2
6283185.307179586	1239.6396396396397	1	0.015279728922111158	1.1252271554427278e-09	0
6283185.307179586	1072.6726726726727	2	-0.834492905979953	-1.0378250038653577e-09	2
6283185.307179586	669.1691691691692	2	-0.2977457316466834	1.944246866825697e-09	0
6283185.307179586	2422.322322322322	2	-0.23278881882390468	6.49961350216183e-11	2
6283185.307179586	1698.7987987987988	1	-1.23806251594631	-2.1506830488122385e-10	2
6283185.307179586	1573.5735735735736	1	-0.48799438138017703	5.568854023577877e-10	2
6283185.307179586	1232.6826826826828	2	0.6792469607127534	-1.0051625169047447e-09	0
6283185.307179586	954.4044044044044	2	0.9234327591686888	-1.1493698889192654e-09	2
6283185.307179586	1754.4544544544544	1	-0.8172395211861918	-1.9645794879056294e-09	0
6283185.307179586	1281.3813813813815	1	-1.257635987832229	-1.4418584078125593e-09	0
6283185.307179586	2234.4844844844847	1	1.4439396356961733	-9.935468313076484e-10	2
6283185.307179586	1650.1001001001002	1	1.0754114391291938	7.577445479995002e-10	2
6283185.307179586	3201.5015015015015	1	-0.6939628002825857	1.919393202333956e-09	0
6283185.307179586	1225.7257257257259	2	1.3813379521192561	2.7921869023914655e-10	2
6283185.307179586	1190.940940940941	1	-0.7743820638343681	-5.147615267774528e-11	2
6283185.307179586	2255.3553553553556	1	-0.929979347996177	-1.8161717673833967e-10	2
6283185.307179586	2658.858858858859	1	-1.54101650156475	2.8860420879497854e-10	2
6283185.307179586	2415.3653653653655	2	-1.0012790957994606	-7.741872725297814e-10	0
6283185.307179586	1817.0670670670672	1	-0.9778338876196828	-1.474323308825184e-09	0
6283185.307179586	1684.884884884885	2	-1.5427928259637347	-8.663796966141378e-10	2
6283185.307179586	1824.0240240240241	2	0.05705509995931379	-2.6869788740542685e-10	0
6283185.307179586	2157.957957957958	2	1.1411077577283066	-3.6635168422503955e-10	2
6283185.307179586	2512.762762762763	1	-0.05030126595406026	-3.269560807982303e-10	0
6283185.307179586	1824.0240240240241	2	-0.07659552011262649	1.545012415673145e-09	0
6283185.307179586	488.2882882882883	1	1.3396594676483842	1.9077933632226652e-09	2
6283185.307179586	1357.9079079079079	2	0.5325118556452089	2.4924732272992783e-10	2
6283185.307179586	2199.6996996997	1	1.279956778554158	-1.923998440195526e-09	0
6283185.307179586	1357.9079079079079	2	1.3731314304735118	-1.2783276825296325e-09	2
6283185.307179586	1462.2622622622623	1	-1.4004805701714764	6.762691531151625e-10	2
