axial trapping frequency (MHz) 	 velocity(m/s) 	 ion collided with 	 angle(rads) 	 collision offset(m) 	 reorder? (1 is reorder 2 is ejection) 
6283185.307179586	1003.1031031031031	2	1.1673597070093367	-1.634916172563546e-10	2
6283185.307179586	2269.2692692692694	1	-0.0845476979271731	-9.935423180509196e-10	0
6283185.307179586	1232.6826826826828	1	1.136750119528891	1.7956643020037781e-09	0
6283185.307179586	1371.821821821822	2	1.5656488801046007	1.2680006930841141e-09	1
6283185.307179586	1601.4014014014015	1	-0.271677627273764	1.4369580401576122e-09	0
6283185.307179586	2582.3323323323325	1	-0.13795068850014824	-8.332531701639936e-10	0
6283185.307179586	1490.0900900900901	1	0.7848556871721715	1.559294400896807e-09	0
6283185.307179586	1837.937937937938	2	-0.37940517481531666	1.082598219886492e-09	0
6283185.307179586	898.7487487487488	2	0.3479874012806481	-5.607612910462718e-10	0
6283185.307179586	926.5765765765766	1	0.24193328053886098	-1.8218057354000573e-09	0
6283185.307179586	1990.9909909909911	1	-1.0462669987975808	1.1848542983602313e-09	0
6283185.307179586	676.1261261261261	2	-0.8830641506090999	1.4589985910635468e-09	0
6283185.307179586	2547.5475475475478	1	1.5181756745216712	8.288865380694551e-10	2
6283185.307179586	996.1461461461462	1	-0.9698853007283377	-3.6770246058864766e-10	2
6283185.307179586	1740.5405405405406	1	-0.6084146794120533	-1.5402578221772498e-09	0
6283185.307179586	2909.3093093093094	1	-0.44319855870382474	9.022359723325794e-10	0
6283185.307179586	3034.5345345345345	1	1.2048980755265974	-7.361362228053583e-10	1
6283185.307179586	1246.5965965965966	1	-0.6455126761042316	1.5069084719223294e-09	0
6283185.307179586	1719.6696696696697	2	-0.9084477757720743	-6.787337991879307e-10	0
6283185.307179586	1156.1561561561562	1	0.03651290068048607	1.4398810399691444e-09	0
6283185.307179586	2797.997997997998	1	1.0785154144753997	1.2654796596508444e-09	0
6283185.307179586	954.4044044044044	1	1.12988638911263	-1.0120404214788233e-09	2
6283185.307179586	1072.6726726726727	2	-0.19741829363078378	6.990195591092283e-10	0
6283185.307179586	989.1891891891892	1	0.08518451536055949	1.8735979757109642e-09	0
6283185.307179586	1657.0570570570571	1	-0.8081436610553211	1.9426686348887977e-09	0
6283185.307179586	3389.3393393393394	1	-0.7717568349651818	-1.1471458989339839e-09	0
6283185.307179586	2429.2792792792793	2	0.8646605275800621	-9.86766667101179e-10	0
6283185.307179586	1121.3713713713714	2	-0.8761453532294166	2.7618986708228013e-10	2
6283185.307179586	787.4374374374374	1	0.39264239306691207	1.8206565046785512e-09	0
6283185.307179586	634.3843843843844	2	0.41291693287930187	1.062546876037062e-09	0
6283185.307179586	2464.064064064064	2	-0.22318045707118617	-8.432220194134814e-10	0
6283185.307179586	1232.6826826826828	2	-0.3459365994378405	-6.832160732893384e-10	0
6283185.307179586	2582.3323323323325	2	-0.6713747237897457	-8.096819680638673e-10	0
6283185.307179586	2561.4614614614616	1	0.25354467237090983	1.5385990118806737e-09	0
6283185.307179586	1128.3283283283283	2	0.4783192538772596	9.080802902104264e-11	2
6283185.307179586	1817.0670670670672	1	-0.5302842530614449	-3.5857245264066336e-10	1
6283185.307179586	1274.4244244244244	2	-0.04953244260530143	-4.917820245033702e-10	0
6283185.307179586	745.6956956956957	1	1.2185743513413474	7.284546106477113e-10	2
6283185.307179586	2484.934934934935	1	0.7747887290699977	-2.269347954179625e-10	2
6283185.307179586	1343.993993993994	2	1.5332149557260846	-1.3210157757341246e-09	2
6283185.307179586	1921.4214214214214	2	-0.8590870901352733	1.6404870430064434e-09	0
6283185.307179586	1128.3283283283283	1	1.373872538910267	1.0173571833791752e-09	2
6283185.307179586	1879.6796796796798	1	-0.9493118524719539	1.96491871851558e-09	0
6283185.307179586	1900.5505505505505	1	0.4076024936211158	-4.438883151875914e-10	2
6283185.307179586	1587.4874874874874	1	1.5494491427251424	-4.952268591489989e-10	2
6283185.307179586	2157.957957957958	1	-0.5923668691829925	2.679680840706687e-11	2
6283185.307179586	3403.253253253253	2	-0.15954020772859856	1.898370418504774e-09	0
6283185.307179586	1810.11011011011	1	-0.8288773804023164	-1.8634550359853065e-09	0
6283185.307179586	1608.3583583583584	1	-0.9641508713833291	-7.697151320919984e-10	2
6283185.307179586	2707.5575575575576	2	1.499725862882117	-7.836146806207865e-10	2
6283185.307179586	1086.5865865865867	2	0.1803760334486877	1.3153385078069828e-09	0
6283185.307179586	1594.4444444444446	1	-1.3545968448786438	-9.97553943681902e-10	2
6283185.307179586	1330.08008008008	1	0.25951061766922456	1.3843347382104302e-09	0
6283185.307179586	3257.157157157157	1	0.13602026908646025	1.930959075573376e-09	0
6283185.307179586	1538.788788788789	2	-1.074856021270729	-8.88253274985487e-10	2
6283185.307179586	912.6626626626627	1	1.3202693496376066	-1.5345745578398518e-10	2
6283185.307179586	2547.5475475475478	2	-0.7576712158890325	1.309674133789771e-09	0
6283185.307179586	2011.8618618618618	2	-1.1055101897076909	-4.1523354737716963e-10	2
6283185.307179586	1837.937937937938	2	-1.3727112586160466	4.683624269030719e-10	2
6283185.307179586	1789.2392392392394	2	1.3304261825413448	1.632288567835619e-10	1
6283185.307179586	1483.1331331331332	1	-1.4075399518925948	4.149882461238493e-10	2
6283185.307179586	1517.917917917918	2	1.0290974980418301	1.176201312281494e-09	0
6283185.307179586	2964.964964964965	1	0.5796689517409312	-7.138973528551493e-10	0
6283185.307179586	968.3183183183183	1	-0.7932579138422698	-3.6856241972388654e-10	2
6283185.307179586	1253.5535535535537	2	-0.7465223565865734	1.458869368116599e-09	0
6283185.307179586	2714.5145145145148	1	-0.4101930208539859	1.1671539064369699e-10	2
6283185.307179586	1629.2292292292293	2	-0.0033365881972311495	1.8788524561437648e-10	0
6283185.307179586	2387.5375375375374	2	-0.39651659305031095	1.3030478076242818e-09	0
6283185.307179586	1719.6696696696697	2	0.83287968662369	1.1336075284307484e-09	0
6283185.307179586	1719.6696696696697	1	-1.4563646766830995	-4.801121674021763e-10	2
6283185.307179586	1239.6396396396397	2	-0.6211569995764376	1.145108385680723e-09	0
6283185.307179586	2220.5705705705705	1	-0.9017274912360129	-2.3925564024239957e-10	1
6283185.307179586	3166.7167167167167	2	-0.43531337323065755	3.953441130487618e-10	1
6283185.307179586	1712.7127127127128	1	0.9756058720038423	2.521944841185379e-10	2
6283185.307179586	1768.3683683683685	1	0.948813360197303	-7.195180386423079e-10	2
6283185.307179586	2825.825825825826	2	-0.6046635878261967	-1.2445058053784237e-10	2
6283185.307179586	1149.1991991991993	2	0.2692536656307196	2.1863167754802587e-10	2
6283185.307179586	857.007007007007	1	-0.32450481791915764	-1.7555639048880647e-09	0
6283185.307179586	1657.0570570570571	2	0.2428433218631567	-8.381927079154919e-10	0
6283185.307179586	2157.957957957958	1	1.4610534137021904	1.5039609161318576e-09	2
6283185.307179586	2227.5275275275276	1	0.8242388466374968	1.0604135815680911e-09	0
6283185.307179586	1232.6826826826828	1	0.2562431023759353	1.2436530315214937e-09	0
6283185.307179586	1517.917917917918	2	-0.504203752806728	-4.540915250139071e-10	2
6283185.307179586	2199.6996996997	1	-1.273818080386767	3.610466567247483e-10	1
6283185.307179586	1664.014014014014	1	1.4729635158456715	-2.4566245479385877e-10	2
6283185.307179586	2046.6466466466468	1	-1.417393313210848	-6.546205163697061e-10	2
6283185.307179586	1531.8318318318318	1	-0.9073471460088602	1.0200834142904263e-09	0
6283185.307179586	2561.4614614614616	2	0.328157146331421	1.676774878965315e-09	0
6283185.307179586	1726.6266266266266	2	-0.0010957676354519386	1.7628602507016683e-10	0
6283185.307179586	1712.7127127127128	2	0.09150699311387345	8.819563955413164e-11	2
6283185.307179586	1886.6366366366367	2	1.2280236467911534	-1.1647880177164057e-10	1
6283185.307179586	1190.940940940941	2	0.19186384375255172	1.433092648162082e-09	0
6283185.307179586	2484.934934934935	1	0.4988973189290018	8.517598837861676e-10	0
6283185.307179586	3312.812812812813	2	0.10177982529824714	-5.243174335496006e-10	0
6283185.307179586	857.007007007007	1	-0.6200474603082313	-6.814810036096862e-10	1
6283185.307179586	3771.971971971972	1	1.447025783968479	-1.3594506879175119e-09	2
6283185.307179586	1156.1561561561562	2	0.13745226593402182	-4.667421737476279e-10	1
6283185.307179586	1093.5435435435436	2	-0.3060819595418367	-1.9227204512377715e-10	2
6283185.307179586	2811.911911911912	2	0.9471515883296533	6.624439645387039e-10	0
6283185.307179586	1302.2522522522522	1	1.5593021862169834	1.9786442724865305e-09	2
6283185.307179586	2269.2692692692694	2	0.05635742503688568	-1.0306564786864635e-09	0
6283185.307179586	940.4904904904905	1	-1.410496675369679	-1.7854800293140148e-10	1
6283185.307179586	1246.5965965965966	2	-0.7696403589732511	1.9217541294040857e-09	0
6283185.307179586	1462.2622622622623	2	-1.0440804611595513	-1.912652280457402e-09	0
6283185.307179586	1705.755755755756	1	0.7765323872970864	1.9749317494482962e-10	2
6283185.307179586	1260.5105105105106	1	1.5678748881279696	5.8138285509260443e-11	2
6283185.307179586	1524.8748748748749	1	1.4620301280703498	1.999302079958692e-09	2
6283185.307179586	3869.3693693693695	2	-0.5308395963275405	-1.4075544069151889e-09	0
6283185.307179586	905.7057057057058	2	-0.47492850830549593	6.509457343880479e-10	2
6283185.307179586	836.1361361361362	2	0.794105221949267	-1.573881312606405e-09	0
6283185.307179586	3034.5345345345345	1	0.7772209196150368	-5.874254175488893e-10	0
6283185.307179586	1163.113113113113	1	1.2836849396579022	1.886417715191781e-10	2
6283185.307179586	2561.4614614614616	1	-0.5335959307806823	3.9467017903543856e-10	1
6283185.307179586	1956.2062062062062	1	0.7474704490397079	1.1017099662164982e-09	0
6283185.307179586	1977.077077077077	2	-1.5563835124823637	4.3067683326240173e-10	2
6283185.307179586	627.4274274274275	2	-0.4842340115426771	-6.567154440851048e-10	0
6283185.307179586	1566.6166166166167	2	-0.30422255653312336	-9.436249073881663e-10	0
6283185.307179586	982.2322322322323	2	-0.9982266409793842	1.1792687030424958e-10	2
6283185.307179586	1281.3813813813815	1	0.7673567202897607	1.776267137312243e-09	0
6283185.307179586	2171.871871871872	1	0.7710367166335428	5.878126005231788e-10	0
6283185.307179586	1309.2092092092093	1	0.6570600129469937	1.2696739948816833e-09	0
6283185.307179586	4015.4654654654655	1	0.419509355610411	-8.72348984299093e-10	0
6283185.307179586	2791.041041041041	1	-0.2806564377290004	-1.9573452410592163e-09	0
6283185.307179586	2178.828828828829	2	0.15341010828168278	-1.0147650803066437e-09	0
6283185.307179586	2081.4314314314315	1	0.2715294525665264	4.331562400615968e-10	0
6283185.307179586	794.3943943943945	1	0.8417587273335072	-1.7912256271286663e-09	0
6283185.307179586	1030.930930930931	1	0.8578101337631598	-9.06324798092077e-10	2
6283185.307179586	1803.1531531531532	2	-1.4313816034781341	1.2408499015887202e-09	2
6283185.307179586	2526.676676676677	1	-1.2975195867480853	7.47176330604259e-11	2
6283185.307179586	1100.5005005005005	1	-0.18060981469921078	-1.5742895981023546e-09	0
6283185.307179586	898.7487487487488	2	-1.2829442615123399	1.1382379994080896e-09	2
6283185.307179586	1023.973973973974	1	-0.7465606826552503	-7.0367588426581555e-12	2
6283185.307179586	1733.5835835835837	2	-0.495756791528595	-1.692123513838273e-09	0
6283185.307179586	1803.1531531531532	1	-0.0637903679363141	-1.6068688779743017e-09	0
6283185.307179586	1893.5935935935936	2	-0.21478274018995203	-1.4430049584515438e-09	0
6283185.307179586	1990.9909909909911	1	0.7359394274237951	-1.5819246456259482e-09	0
6283185.307179586	2352.7527527527527	1	-1.3519453991829833	-6.650514401849833e-10	2
6283185.307179586	1427.4774774774776	2	1.067494786580772	-7.204033929957939e-10	2
6283185.307179586	2046.6466466466468	1	-0.4915789670598989	1.4439691067223881e-09	0
6283185.307179586	2811.911911911912	1	-0.7163865132620122	9.090706018800238e-10	0
6283185.307179586	745.6956956956957	1	-1.1039394577745807	8.815851212872918e-10	1
6283185.307179586	1782.2822822822823	1	0.37694231713519355	-1.0606804229928827e-09	0
6283185.307179586	2519.7197197197197	1	-0.34505385282927437	1.6252651898961628e-09	0
6283185.307179586	2290.1401401401404	1	-0.1954108314737888	-5.8020658198152695e-11	1
6283185.307179586	1629.2292292292293	2	-0.933210871311241	-1.2439854155558262e-09	0
6283185.307179586	2039.6896896896897	2	1.5483238382183506	2.7091392514634175e-10	2
6283185.307179586	850.0500500500501	2	-0.3015476536417958	2.7845121426786134e-10	1
6283185.307179586	676.1261261261261	2	-0.17283162703253763	-9.648748183560672e-11	2
6283185.307179586	2164.914914914915	1	1.3630936548719381	1.960855620152149e-09	0
6283185.307179586	2144.0440440440443	2	-0.3947462177988943	-4.291990660072781e-10	1
6283185.307179586	850.0500500500501	2	0.39078700775363084	-3.570676924299621e-10	2
6283185.307179586	1712.7127127127128	1	0.4593553413142697	-1.3087080962271886e-10	2
6283185.307179586	2304.054054054054	2	-0.8777057299120392	5.342954276682864e-10	2
6283185.307179586	1309.2092092092093	2	-1.1350481166261117	-1.6688211417881438e-09	0
6283185.307179586	850.0500500500501	2	0.849841713747701	1.6026999520177907e-09	0
6283185.307179586	5678.178178178178	1	-0.9620166897655543	-1.4460603724585709e-09	0
6283185.307179586	724.8248248248249	1	-0.08284027639221847	-1.7213878971377687e-10	1
6283185.307179586	1636.1861861861862	1	-1.4164895877298858	1.4504017670553368e-09	1
6283185.307179586	2018.818818818819	2	0.5203856450632633	-3.991714074449874e-10	2
6283185.307179586	2359.70970970971	1	0.27450783758003805	1.4199339367438447e-09	0
6283185.307179586	1010.0600600600601	1	-1.3290995907560985	1.6248148288705805e-09	2
6283185.307179586	2366.6666666666665	1	-0.7313927163079456	1.5480868576506932e-12	2
6283185.307179586	1615.3153153153153	2	-0.17213041633452342	4.4416835762348183e-10	1
6283185.307179586	1684.884884884885	2	-1.5694818161410962	-1.823861938436584e-09	2
6283185.307179586	543.943943943944	2	-0.9119242309006297	-1.2542211790106623e-09	0
6283185.307179586	1177.027027027027	2	-0.7414643066754023	1.4353156090184055e-09	0
6283185.307179586	1684.884884884885	1	-1.5243527855046237	-1.4511120127944267e-09	2
6283185.307179586	1559.6596596596596	2	-0.4006186749125529	-4.4638641748486483e-10	2
6283185.307179586	1726.6266266266266	2	1.1649142976647284	-8.491991203898045e-10	2
6283185.307179586	1935.3353353353355	2	0.7436180237009329	-3.423713326107558e-10	2
6283185.307179586	1559.6596596596596	2	-0.2189271367657375	-1.585097405492682e-09	0
6283185.307179586	2464.064064064064	2	1.0689246028094956	4.381473013256394e-10	1
6283185.307179586	710.910910910911	2	1.3268839669963022	-1.9946900211987422e-09	2
6283185.307179586	2164.914914914915	2	-0.9010830560418769	1.9269743637874458e-09	0
6283185.307179586	1719.6696696696697	1	-1.3845512195499188	-3.014217527994591e-10	1
6283185.307179586	2450.1501501501502	2	0.45129239497829143	6.217626703755564e-12	1
6283185.307179586	1253.5535535535537	2	-0.28840295267648863	-6.06426440077056e-10	0
6283185.307179586	975.2752752752752	1	-0.6216785397889314	1.0057228367882404e-09	0
6283185.307179586	1719.6696696696697	2	0.021339345694598943	1.542606438882253e-09	0
6283185.307179586	1942.2922922922924	1	-0.7315912207990092	-8.999917317058501e-10	0
6283185.307179586	467.4174174174174	1	0.5520485572644249	5.171623202985517e-11	2
6283185.307179586	1079.6296296296296	1	0.15400309995537986	-7.835263570927519e-10	0
6283185.307179586	1921.4214214214214	1	-0.9575889871979599	-7.626320770055279e-10	0
6283185.307179586	2853.6536536536537	2	0.36188324700513785	1.8466953020306672e-09	0
6283185.307179586	550.900900900901	2	-1.4480277970171926	8.255397082782217e-10	2
6283185.307179586	578.7287287287287	1	0.8939159040578111	2.7592302119843646e-10	2
6283185.307179586	3904.154154154154	1	-0.3737785141922285	5.758405988506744e-10	0
6283185.307179586	1003.1031031031031	1	0.10387758378258338	-1.1767551823284648e-09	0
6283185.307179586	1538.788788788789	2	-0.016701889815025073	-1.5521395132638345e-09	0
6283185.307179586	2491.891891891892	1	-0.32084825115131843	-1.628279130772267e-09	0
6283185.307179586	905.7057057057058	2	-0.22897490609554882	5.441882004448232e-10	2
6283185.307179586	1997.947947947948	2	1.1960023972612337	1.8334978035477148e-09	0
6283185.307179586	662.2122122122122	1	-1.1776292442895087	-5.198524404996681e-10	2
6283185.307179586	2491.891891891892	2	-0.8069057523082707	6.164323580997021e-10	0
6283185.307179586	766.5665665665666	2	-1.3215243115496706	-1.0874400308269162e-09	2
6283185.307179586	2018.818818818819	2	-0.6566507655264501	4.934847738357256e-10	2
6283185.307179586	3709.3593593593596	2	1.0680596793787909	-1.1413193954251297e-09	0
6283185.307179586	1371.821821821822	2	0.8301174541635223	-1.720906449819331e-09	0
6283185.307179586	1114.4144144144145	1	-1.177442776695849	1.9099995840178553e-09	0
6283185.307179586	1677.927927927928	1	-0.487669873863785	-7.822855807969149e-10	0
6283185.307179586	2178.828828828829	1	1.4187670025717054	-9.004023073350572e-10	2
6283185.307179586	2206.6566566566567	2	-1.5239916181086912	-4.247150200005022e-10	2
6283185.307179586	1316.1661661661662	1	-0.14014408429515224	7.529691431887523e-10	0
6283185.307179586	1371.821821821822	1	-0.3730519587303598	-9.698556162799204e-10	0
6283185.307179586	2512.762762762763	1	1.4109000498154258	5.547693657472978e-11	2
6283185.307179586	1281.3813813813815	2	0.973632987667691	-3.424394417750203e-10	2
6283185.307179586	2074.474474474475	2	-1.0039123367280007	1.0050733618697295e-09	0
6283185.307179586	3646.746746746747	1	1.4493452705907495	-7.975987572149142e-10	2
6283185.307179586	1177.027027027027	1	1.455626839232707	1.0578387506444454e-09	2
6283185.307179586	1427.4774774774776	1	-0.3221158227442025	1.9297300082687333e-09	0
6283185.307179586	808.3083083083084	2	0.2344187400926483	-9.768353162073816e-10	0
6283185.307179586	1330.08008008008	2	0.19555266141971805	8.499806788585368e-10	0
6283185.307179586	2450.1501501501502	2	0.08772316421255488	-1.594473049027772e-09	0
6283185.307179586	1420.5205205205204	2	-1.5356544834162744	1.332650082475459e-09	2
6283185.307179586	3229.3293293293295	1	1.1147313959898262	-1.8373571134431042e-09	0
6283185.307179586	1385.7357357357357	1	1.276595884978248	1.58226244774473e-09	2
6283185.307179586	1893.5935935935936	2	1.4738554878917012	-2.0834058355301104e-10	1
6283185.307179586	1782.2822822822823	1	0.09354858998492444	-1.7210663681147614e-09	0
6283185.307179586	1295.2952952952953	2	0.3721161150119525	-1.425430957496999e-09	0
6283185.307179586	1844.8948948948948	1	0.3036818437713831	2.94507111014117e-10	2
6283185.307179586	641.3413413413414	2	0.6200702668875389	-1.5610430849807734e-09	0
6283185.307179586	2025.7757757757759	1	-0.9845140029658241	1.1205922306420298e-09	0
6283185.307179586	1420.5205205205204	2	0.6860984264233085	-1.1204562705688757e-09	0
6283185.307179586	1510.960960960961	2	-1.3675554148659061	-2.991755609225271e-10	1
6283185.307179586	2429.2792792792793	1	0.5576405998877081	-1.7466465925703815e-09	0
6283185.307179586	2784.084084084084	1	-0.8710899719536127	-6.665159443587486e-10	0
6283185.307179586	2895.3953953953956	1	-0.18308203038259108	-1.7061639742322453e-09	0
6283185.307179586	2262.3123123123123	2	1.0062100411841772	-1.1958080075865726e-09	0
6283185.307179586	1664.014014014014	1	-0.8782680289653115	-1.1987417509541748e-09	0
6283185.307179586	2373.6236236236236	2	-0.9406405121895096	-8.373250366063318e-10	0
6283185.307179586	3264.1141141141143	2	-0.594932309818086	5.329792679596724e-10	0
6283185.307179586	1434.4344344344345	2	-1.339800953397451	-5.249332773872664e-10	2
6283185.307179586	3124.974974974975	2	1.385945303405296	-1.7292596293641581e-09	1
6283185.307179586	2429.2792792792793	1	-0.6389129779429884	-1.0749801226640053e-09	0
6283185.307179586	940.4904904904905	2	-0.8171468229528551	1.0303831830093885e-09	0
6283185.307179586	2707.5575575575576	1	-0.7610825047639715	-1.7678100498572809e-09	0
6283185.307179586	2018.818818818819	2	-0.13710517802976652	1.2857971614675371e-09	0
6283185.307179586	1003.1031031031031	1	-1.5640025010785026	1.0912254578582675e-10	1
6283185.307179586	1413.5635635635635	1	1.556903284340081	3.5375447271634016e-10	2
6283185.307179586	3131.931931931932	1	-1.239158811452662	-2.5808198278783703e-10	2
6283185.307179586	2568.4184184184187	2	-0.07012765807128041	-5.000504426910429e-10	0
6283185.307179586	2095.3453453453453	2	0.3721839051875182	-1.6107073279340383e-09	0
6283185.307179586	1086.5865865865867	1	0.39467468469492695	-4.678695178914309e-10	2
6283185.307179586	1900.5505505505505	1	-0.4182131181315103	3.208329341880258e-10	2
6283185.307179586	3319.76976976977	1	0.6937199418596371	-2.0448635193844923e-10	2
6283185.307179586	2345.795795795796	2	1.434138246198299	2.0893476212218245e-10	1
6283185.307179586	2157.957957957958	2	0.46419210297176283	-2.79142866078696e-10	2
6283185.307179586	1789.2392392392394	1	-0.36538251310908865	-6.900063499579052e-10	0
6283185.307179586	2457.1071071071074	2	1.1633129066093009	-1.5421308991020318e-09	0
6283185.307179586	2220.5705705705705	1	-0.4641269689135983	5.861083371303163e-10	0
6283185.307179586	1330.08008008008	2	-1.3740974363586234	4.2512280228958707e-10	2
6283185.307179586	676.1261261261261	2	1.5212264438355652	-5.593018074440056e-10	2
6283185.307179586	1399.6496496496497	1	-1.5361334737167176	1.2331617538315416e-10	1
6283185.307179586	1657.0570570570571	1	1.3016385131508805	4.1188481094519215e-10	2
6283185.307179586	2220.5705705705705	1	-1.3518267156537116	-6.710514949904237e-10	2
6283185.307179586	829.1791791791792	1	-0.9846783156126719	1.876863476661679e-09	0
6283185.307179586	780.4804804804805	2	0.25977786079383325	-5.623641504745064e-10	0
6283185.307179586	3271.071071071071	2	0.009559925453805906	-6.325327674909565e-10	0
6283185.307179586	1677.927927927928	1	-1.5464180326633692	-5.87004098583801e-10	2
6283185.307179586	2011.8618618618618	2	0.7555761090788073	-1.5879578125827002e-09	0
6283185.307179586	1371.821821821822	2	0.5287825880557899	1.1138292896134626e-09	0
6283185.307179586	2178.828828828829	1	0.8648141715035007	5.268934103544896e-10	2
6283185.307179586	2484.934934934935	2	-1.197831647518543	-8.163675390263571e-10	2
6283185.307179586	1844.8948948948948	2	-1.2442133812339429	-1.4295750093319098e-09	0
6283185.307179586	1017.017017017017	1	-0.8235688372158212	-1.204503568183423e-09	0
6283185.307179586	1121.3713713713714	1	1.2845792987460007	-1.988686577480071e-09	1
6283185.307179586	1337.0370370370372	1	0.8600925839020102	-1.657984114419228e-09	0
6283185.307179586	3326.7267267267266	2	-0.8675878441352528	6.390091742610518e-10	0
6283185.307179586	3375.4254254254256	1	0.3547125619893525	6.961405735526744e-10	0
6283185.307179586	1900.5505505505505	2	-0.8880671025049577	8.784628729052904e-11	2
6283185.307179586	1072.6726726726727	2	0.08925039692698489	1.3133293141432233e-09	0
6283185.307179586	1956.2062062062062	1	-0.018831186683949674	1.885659602787419e-09	0
6283185.307179586	397.84784784784785	2	-1.4187137629115112	1.958584959033943e-09	2
6283185.307179586	3104.1041041041044	1	-0.33896924481327173	-4.971398703597934e-10	0
6283185.307179586	982.2322322322323	2	-0.024562445954940504	-4.451718493166932e-10	1
6283185.307179586	1385.7357357357357	2	-0.7894836126311776	-1.682113708339884e-09	0
6283185.307179586	1698.7987987987988	1	1.5071069496751766	-1.1138179475610765e-09	2
6283185.307179586	2018.818818818819	2	-0.7864211670494439	-1.1645397501868691e-09	0
6283185.307179586	1837.937937937938	1	1.4881705688684121	-9.174933019727628e-10	2
6283185.307179586	2603.2032032032034	2	0.9862104556869178	-2.8712779359820165e-10	2
6283185.307179586	530.03003003003	1	-0.49867968106277805	3.604490180807777e-10	2
6283185.307179586	1476.176176176176	2	-0.17203282973786327	-5.192331765415913e-10	0
6283185.307179586	710.910910910911	1	1.1294501334865412	1.550903644019291e-09	0
6283185.307179586	752.6526526526527	1	-0.24854532945781793	1.8133527719089193e-10	2
6283185.307179586	571.7717717717718	2	0.885033408642613	7.497013041797776e-10	1
6283185.307179586	2157.957957957958	2	1.4694243071061104	-7.122688191025688e-10	2
6283185.307179586	2575.3753753753754	2	-1.454496336879848	1.8014957776447751e-09	2
6283185.307179586	1114.4144144144145	2	1.1597170457339891	-1.9104571818758367e-09	0
6283185.307179586	1455.3053053053054	2	-1.309521209009898	7.445507337288703e-10	2
6283185.307179586	1984.034034034034	1	-1.1895592140194562	-1.9526452883074733e-09	0
6283185.307179586	1712.7127127127128	2	1.220669472310227	-8.445006050938689e-10	2
6283185.307179586	1413.5635635635635	1	0.684029817606044	5.947432516219185e-10	0
6283185.307179586	1566.6166166166167	2	-0.548791329733352	1.3832888130666865e-09	0
6283185.307179586	1629.2292292292293	1	-1.4342043417053238	-6.541179164758436e-10	2
6283185.307179586	1761.4114114114116	1	1.55527718371009	-5.856823974443973e-10	2
6283185.307179586	279.57957957957956	2	-0.9765504066805473	-1.6007470886282e-09	0
6283185.307179586	877.877877877878	2	1.0270149434637559	1.375207152529586e-09	0
6283185.307179586	2269.2692692692694	2	-1.3207458951616835	-1.2165779044457696e-09	1
6283185.307179586	1288.3383383383384	1	1.405629511973057	-3.756236434784751e-10	2
6283185.307179586	822.2222222222223	1	0.9565657116565021	-1.6874428839732088e-10	2
6283185.307179586	843.0930930930931	1	0.5391598668667905	-1.5254599925945463e-09	0
6283185.307179586	1385.7357357357357	2	-0.25219338643481515	-2.764225327625329e-10	2
6283185.307179586	1225.7257257257259	1	-1.2574887375321464	-1.6810004637232008e-09	2
6283185.307179586	1413.5635635635635	1	0.41007062023916707	1.919739622677642e-09	0
6283185.307179586	1128.3283283283283	1	-0.9377485410788077	-3.8808692929766454e-10	2
6283185.307179586	1288.3383383383384	2	1.1474393426530156	-1.848262935395355e-09	0
6283185.307179586	1677.927927927928	1	1.1540184031183722	-1.2022517877154843e-09	0
6283185.307179586	1371.821821821822	2	0.9954048742624706	-1.943588321332593e-09	0
6283185.307179586	1170.0700700700702	2	1.440426787167953	-1.4669652579844521e-09	1
6283185.307179586	1232.6826826826828	2	0.5149572268659033	-1.99962991299504e-09	0
6283185.307179586	2081.4314314314315	1	-0.028124955169698707	1.3773049810281682e-09	0
6283185.307179586	1810.11011011011	2	0.19503039704574388	-5.404265354199391e-10	0
6283185.307179586	1177.027027027027	2	0.5622578537648018	7.219009501583261e-10	0
6283185.307179586	2095.3453453453453	2	-1.0589500952145103	1.237163801044222e-09	0
6283185.307179586	1483.1331331331332	1	0.46962672208981715	-1.7546382081453636e-09	0
6283185.307179586	822.2222222222223	1	-0.5081715029908425	-4.1515716889052586e-10	2
6283185.307179586	1483.1331331331332	2	0.045828899547881274	-1.100521326347245e-09	0
6283185.307179586	1128.3283283283283	2	0.3231999715264493	5.708400336034713e-10	2
6283185.307179586	2909.3093093093094	2	0.3484734095692146	-2.8974868979475055e-10	2
6283185.307179586	3180.6306306306305	2	0.9783180844096533	-6.633527873470837e-10	0
6283185.307179586	3166.7167167167167	1	0.7732022466320814	1.114695499368719e-09	0
6283185.307179586	1524.8748748748749	1	1.3690279583254497	4.2881279308154403e-10	1
6283185.307179586	1427.4774774774776	2	-0.3459808991567561	1.591820947502017e-09	0
6283185.307179586	898.7487487487488	2	-0.06882356424849023	2.8377154008603545e-10	1
6283185.307179586	2109.259259259259	1	-1.339323463867616	-5.247909488238696e-10	2
6283185.307179586	1399.6496496496497	1	-0.6382955424516772	1.1885741170504724e-09	0
6283185.307179586	2658.858858858859	2	0.9432949945495266	-8.935959846536898e-10	0
6283185.307179586	2241.4414414414414	2	1.355468208451358	1.938053604911823e-09	0
6283185.307179586	1330.08008008008	2	0.7250935638551468	-1.953786798822714e-09	0
6283185.307179586	2575.3753753753754	1	1.418471522183037	1.3280779586509195e-09	2
6283185.307179586	1719.6696696696697	2	1.0796779612979002	-1.1711542923680081e-09	0
6283185.307179586	481.33133133133134	1	0.2079156906282853	1.896978634755851e-09	0
6283185.307179586	2784.084084084084	2	-0.7801540460517117	8.093885356833153e-10	0
6283185.307179586	2672.772772772773	2	-0.7699905127949016	-1.4606632200917253e-09	0
6283185.307179586	1726.6266266266266	2	-1.39679100983289	-9.901123877697673e-10	2
6283185.307179586	1580.5305305305305	2	0.852128022563885	2.2840815405641253e-10	2
6283185.307179586	2109.259259259259	1	-0.7670994285295205	-8.529695431886047e-10	0
6283185.307179586	2359.70970970971	1	-0.06826770235217583	1.467001025851555e-09	0
6283185.307179586	1914.4644644644645	1	1.48288833690623	8.992580933399188e-10	2
6283185.307179586	1232.6826826826828	1	0.6515248609250466	1.8916291855148145e-09	0
6283185.307179586	1997.947947947948	2	-1.096422553194457	-1.9999767823627997e-09	0
6283185.307179586	1719.6696696696697	1	-0.6645460592301909	-2.552573604113127e-10	1
6283185.307179586	2116.2162162162163	2	-1.484094808893417	-5.217595514852871e-10	2
6283185.307179586	370.02002002002	1	1.1235811396148798	9.00819913845188e-10	2
6283185.307179586	2874.5245245245246	1	-0.5623120780061588	4.443223813525183e-10	0
6283185.307179586	425.6756756756757	2	-1.1794242400515038	-2.379837363637841e-10	2
6283185.307179586	1851.851851851852	1	0.2268102118842592	-7.40697430902269e-10	0
6283185.307179586	2902.352352352352	1	-0.8633643000220664	-7.427914299247088e-10	0
6283185.307179586	1984.034034034034	2	-0.9342489901219347	-8.689685487325218e-10	0
6283185.307179586	1288.3383383383384	1	-0.27934688582292955	1.4309487276759528e-09	0
6283185.307179586	1935.3353353353355	2	-1.0659321677867983	-1.6802020266995156e-09	0
6283185.307179586	2450.1501501501502	2	0.38239667691542145	-9.507107937283585e-10	0
6283185.307179586	1135.2852852852852	1	-0.6325875014795141	-7.972370441198118e-10	0
6283185.307179586	2818.868868868869	2	-0.6435493035659635	-3.7624641441383715e-10	1
6283185.307179586	1330.08008008008	2	1.1131146444651088	7.735247838091496e-10	1
6283185.307179586	2874.5245245245246	1	0.8176175726789676	-1.4308163706172277e-09	0
6283185.307179586	3862.4124124124123	1	-1.5330798014390188	-1.8985714016380455e-09	1
6283185.307179586	1003.1031031031031	1	0.38471331355886895	-7.477133107122695e-10	0
6283185.307179586	1524.8748748748749	2	1.012100770286477	1.8925924924176236e-09	0
6283185.307179586	2714.5145145145148	2	-1.4566908494769066	1.0118046559581898e-09	2
6283185.307179586	1886.6366366366367	1	-1.5141158442005491	1.6306892890650467e-09	2
6283185.307179586	2575.3753753753754	2	0.7497596990356965	1.1647095800806757e-09	0
6283185.307179586	2234.4844844844847	2	-1.2532490388346438	-8.413741133705623e-10	2
6283185.307179586	2888.4384384384384	1	-0.48199507645047635	-1.6486325113520901e-10	1
6283185.307179586	2825.825825825826	1	0.1389690633306393	-1.9858648867698255e-09	0
6283185.307179586	1879.6796796796798	2	1.5395214677538949	8.62153972060818e-10	2
6283185.307179586	2408.4084084084084	2	-1.5398710171539656	7.159363504429081e-10	2
6283185.307179586	766.5665665665666	2	-0.08601283892758116	1.4353213907053213e-09	0
6283185.307179586	1643.143143143143	2	0.47047010694601754	-9.603223081118833e-10	0
6283185.307179586	543.943943943944	2	-0.731965359014747	6.475605726446334e-10	2
6283185.307179586	1817.0670670670672	2	-1.4457010495316016	9.198926143368948e-10	2
6283185.307179586	648.2982982982983	1	-1.4660912607496073	-3.9127350628825567e-10	2
6283185.307179586	926.5765765765766	2	1.18728591017033	6.113806929921248e-10	2
6283185.307179586	1691.8418418418419	1	0.15146472301416392	4.3884275632988234e-10	0
6283185.307179586	3848.4984984984985	1	-1.4590343570161377	5.078858029066592e-10	2
6283185.307179586	1065.7157157157158	1	-0.010856648298675609	8.427470517853326e-10	0
6283185.307179586	1733.5835835835837	2	-0.7044043770873701	8.500958434462332e-10	0
6283185.307179586	2241.4414414414414	1	0.43845429703018945	-2.0622333074901358e-10	2
6283185.307179586	3090.19019019019	1	1.4299317191415661	1.97265169475194e-09	1
6283185.307179586	1288.3383383383384	2	1.3164499946320842	-1.5357877163394345e-09	1
6283185.307179586	2958.008008008008	1	0.8273223996640717	1.2458064917168673e-09	0
6283185.307179586	2394.4944944944946	1	-0.09947621290258724	2.991375004242455e-10	1
6283185.307179586	578.7287287287287	1	-1.2217256333085247	-7.360434441229882e-10	2
6283185.307179586	1232.6826826826828	1	-0.06956950750296231	-8.111544727425267e-10	0
6283185.307179586	1893.5935935935936	2	1.111595781642018	-1.1749219315839055e-09	0
6283185.307179586	2248.3983983983985	1	-1.4321415430002304	6.896280670837256e-10	2
6283185.307179586	599.5995995995996	1	-0.5653658903068748	4.697840584160276e-10	2
6283185.307179586	2248.3983983983985	2	-0.6965112206536768	-1.2573226033874282e-09	0
6283185.307179586	794.3943943943945	2	0.1594313481959433	6.684031552929009e-10	2
6283185.307179586	1719.6696696696697	2	-1.4029117560441364	-1.1609177449420998e-10	2
6283185.307179586	1267.4674674674675	2	0.31544411592817845	1.228625445657094e-09	0
6283185.307179586	1879.6796796796798	2	-1.5462641777456467	-1.114899268027478e-09	2
6283185.307179586	2262.3123123123123	1	-0.12453977530900984	1.6856250892998536e-09	0
6283185.307179586	3535.4354354354355	2	-1.0046172919529504	1.9947013409947636e-09	0
6283185.307179586	2491.891891891892	2	0.7973328762005947	1.1079478593542288e-09	0
6283185.307179586	1517.917917917918	2	0.5803622248701563	-8.437172744050622e-10	0
6283185.307179586	2923.223223223223	1	-0.8685548789485301	4.734688439916595e-10	2
6283185.307179586	3111.061061061061	1	1.080244455218097	1.9566099306754718e-09	0
6283185.307179586	2053.603603603604	2	-0.24439167043322874	-1.1814921730839677e-10	2
6283185.307179586	1997.947947947948	1	1.2483833608611534	-1.4500866360620353e-09	0
6283185.307179586	1810.11011011011	1	0.5878637975082279	9.169431187079726e-11	2
6283185.307179586	1483.1331331331332	2	-0.3703666828185863	-2.5720949750593344e-10	1
6283185.307179586	2937.1371371371374	1	-1.2892694293669544	6.327633756509337e-10	2
6283185.307179586	2178.828828828829	1	0.5751167379833317	-1.20020402710542e-09	0
6283185.307179586	2220.5705705705705	1	0.2621933793034308	-8.668327145133024e-10	0
6283185.307179586	933.5335335335336	1	-0.4795045496960737	-6.81990130685192e-10	2
6283185.307179586	474.3743743743744	2	-0.2724042043104027	1.1771672653790742e-09	1
6283185.307179586	2547.5475475475478	1	-0.7465802570984627	1.700955020879025e-09	0
6283185.307179586	1963.1631631631633	2	-0.7303945408661229	1.0506713284628569e-09	0
6283185.307179586	3152.802802802803	2	0.07059606895896575	-9.033076891025025e-10	0
6283185.307179586	3243.2432432432433	2	0.253226030323215	1.3462241989919936e-09	0
6283185.307179586	1135.2852852852852	2	1.4394075783697913	-2.5713176783887706e-10	2
6283185.307179586	2164.914914914915	1	-1.3112762117821253	-9.056404275758242e-10	1
6283185.307179586	1135.2852852852852	2	-0.9562638255567689	-1.9849044059599556e-09	0
6283185.307179586	940.4904904904905	2	-0.9670348080490379	4.573212591247255e-10	2
6283185.307179586	1872.7227227227227	1	0.19301107181568877	-1.031078794633424e-09	0
6283185.307179586	2366.6666666666665	2	1.1933466100505066	-2.310211260590859e-10	2
6283185.307179586	488.2882882882883	1	0.9176045611419861	1.822635597969806e-09	0
6283185.307179586	2491.891891891892	2	0.6641161540511953	7.804422289877696e-10	0
6283185.307179586	1497.047047047047	2	0.755513630910408	-1.5052156429533585e-09	0
6283185.307179586	1281.3813813813815	1	0.7658888959284833	1.446384906659081e-09	0
6283185.307179586	3187.5875875875877	2	1.5042173560080898	-1.3838774188408045e-09	1
6283185.307179586	2338.838838838839	1	1.309909901131367	-1.5386013588804126e-10	2
6283185.307179586	2164.914914914915	2	-1.362226187591198	1.7932287747144987e-09	2
6283185.307179586	1670.970970970971	1	0.7565757529619024	2.9442890206783515e-10	2
6283185.307179586	2797.997997997998	2	0.7449379496209461	1.2126570430666818e-09	0
6283185.307179586	3069.319319319319	2	-1.290421794185435	-1.329055680809898e-10	1
6283185.307179586	1107.4574574574574	2	0.45387479232392725	-8.71952539473361e-10	0
6283185.307179586	1107.4574574574574	1	-0.9017233878966019	-3.644842566856634e-10	2
6283185.307179586	1413.5635635635635	2	-1.4139169034825676	-1.2095095147611087e-09	2
6283185.307179586	710.910910910911	1	-0.6459528568620748	8.630988132455762e-10	0
6283185.307179586	2283.1831831831832	2	1.2985266605352086	1.8625729030749238e-09	0
6283185.307179586	1782.2822822822823	1	-0.8361124373942447	1.0083342571193782e-09	0
6283185.307179586	2554.5045045045044	1	-0.20826865186097399	-5.090194930507535e-10	0
6283185.307179586	2832.7827827827828	1	0.8909378697124422	-1.8009729387512744e-09	0
6283185.307179586	2373.6236236236236	2	-0.23988255147007154	3.3487453708004134e-10	2
6283185.307179586	2999.7497497497498	2	-1.4644485211264793	1.0682501294061243e-09	2
6283185.307179586	2283.1831831831832	2	-1.5136801368912127	1.1329068529828313e-09	2
6283185.307179586	2018.818818818819	2	1.0852788477194664	-8.412099193354821e-10	1
6283185.307179586	843.0930930930931	1	-0.6111830554010635	-1.443881802767257e-09	0
6283185.307179586	2053.603603603604	1	-0.37847036322774463	1.637816971665837e-09	0
6283185.307179586	947.4474474474474	1	0.176310660723888	-1.14752873628844e-09	0
6283185.307179586	954.4044044044044	2	1.12012815587879	-5.713010543882296e-10	2
6283185.307179586	585.6856856856857	2	-0.49931482813141637	-1.347640457131348e-09	0
6283185.307179586	1399.6496496496497	2	1.0079798243970641	2.2885703522871265e-10	2
6283185.307179586	2234.4844844844847	1	0.8336352886657084	3.4521335667794336e-11	2
6283185.307179586	1183.983983983984	2	0.42777808226474834	-1.2496354230275047e-11	1
6283185.307179586	1170.0700700700702	2	0.6010064343418677	1.6557934016927507e-09	0
6283185.307179586	2081.4314314314315	2	0.9748541115748681	-1.8581797556708645e-09	0
6283185.307179586	2665.8158158158158	1	-0.5056885462518708	1.3733386193431464e-09	0
6283185.307179586	2102.3023023023025	1	0.9868639570274569	-1.0951996206915317e-09	0
6283185.307179586	2241.4414414414414	2	0.7032574405115848	1.805445030306265e-09	0
6283185.307179586	1615.3153153153153	1	1.1677131071299307	-6.769946276240408e-10	2
6283185.307179586	1490.0900900900901	1	-1.189022537178449	4.983867336713701e-10	1
6283185.307179586	1239.6396396396397	2	-0.8825886117316027	-3.8914510053701655e-10	2
6283185.307179586	3271.071071071071	1	0.11248656702738669	8.309583806878867e-10	0
6283185.307179586	1364.864864864865	1	0.19613043209384906	1.1746208699082406e-09	0
6283185.307179586	2387.5375375375374	1	1.001567686181748	-1.7467530759321198e-09	0
6283185.307179586	2359.70970970971	2	-0.044142549576487555	-1.097232545382617e-09	0
6283185.307179586	2582.3323323323325	1	-1.0559749014493232	5.5455545685379976e-11	2
6283185.307179586	2679.72972972973	2	1.0395864227516198	-6.855677556866457e-11	2
6283185.307179586	1942.2922922922924	1	1.0286367576941333	-5.406145641004932e-10	2
6283185.307179586	2067.5175175175173	1	1.4401974589762427	-1.6058860347756233e-09	2
6283185.307179586	1156.1561561561562	2	0.24263902690971384	8.212580085129647e-10	0
6283185.307179586	1121.3713713713714	1	0.7505089073668887	6.965069666470421e-10	0
6283185.307179586	2519.7197197197197	2	-0.21867472926732945	-7.842554811145134e-10	0
6283185.307179586	2331.881881881882	2	0.8205215827947585	-1.342765356710851e-09	0
6283185.307179586	3006.706706706707	1	-0.576431566466489	1.2311620732606678e-09	0
6283185.307179586	1427.4774774774776	1	-0.32073765331709514	1.1278189030720247e-09	0
6283185.307179586	2241.4414414414414	1	0.12924351589577343	-2.734810409614145e-10	1
6283185.307179586	1413.5635635635635	1	0.45288950882348855	1.4457830888969409e-09	0
6283185.307179586	1441.3913913913914	1	0.8680162798766391	-9.967249996807612e-10	0
6283185.307179586	1768.3683683683685	2	-0.704849519862	1.4040757163598543e-09	0
6283185.307179586	703.9539539539539	1	0.8837733177545184	8.016213514072518e-10	2
6283185.307179586	1093.5435435435436	2	0.181660653696067	-1.2951164178776638e-09	0
6283185.307179586	2422.322322322322	1	1.4629532699951318	1.3829674984818629e-09	2
6283185.307179586	2151.001001001001	1	-1.404473410154115	1.5884532932176778e-09	2
6283185.307179586	2345.795795795796	1	-0.22259723811729892	-5.281933885922197e-10	0
6283185.307179586	2749.2992992992995	2	-0.5604762975243429	-1.80168182520009e-11	2
6283185.307179586	1670.970970970971	1	-0.506668520792074	1.089673132929248e-09	0
6283185.307179586	2227.5275275275276	2	-0.9293141869211262	4.854960804999922e-10	2
6283185.307179586	411.76176176176176	1	0.713096744898646	5.130258421427149e-10	2
6283185.307179586	1065.7157157157158	2	0.6956477679189379	1.0830889420507177e-09	0
6283185.307179586	349.14914914914914	2	0.8954240972493017	1.2739250443403083e-10	1
6283185.307179586	1114.4144144144145	1	0.6492743482058878	1.440310096836693e-09	0
6283185.307179586	4105.9059059059055	1	0.7847630051943701	-5.967492552049399e-10	0
6283185.307179586	3194.544544544545	1	-0.770147074795667	5.638801593334759e-12	2
6283185.307179586	2046.6466466466468	2	0.45878617011798983	1.1269747483994843e-09	0
6283185.307179586	933.5335335335336	1	1.1638659578161659	4.090025924659597e-10	2
6283185.307179586	3410.2102102102103	2	-0.687802894597119	-1.4098323739104627e-09	0
6283185.307179586	2081.4314314314315	2	-0.9857915170353714	-2.7867736302015443e-10	1
6283185.307179586	933.5335335335336	1	-1.373455642519879	1.3782488436114442e-10	1
6283185.307179586	2178.828828828829	1	-0.5030951732495665	-5.84317304573303e-10	0
6283185.307179586	891.7917917917919	1	-0.08930665432092577	1.893630230645832e-09	0
6283185.307179586	1608.3583583583584	2	0.2532886194169366	-1.661976239802928e-09	0
6283185.307179586	1218.7687687687687	1	-1.458588785677385	1.4974438863800536e-09	2
6283185.307179586	898.7487487487488	2	-0.4709655908070862	-1.5022050633467488e-09	0
6283185.307179586	2498.848848848849	2	0.8367987492967819	1.6611396653014275e-09	0
6283185.307179586	1462.2622622622623	2	0.20279023440241883	-2.8309397578611516e-10	2
6283185.307179586	1323.1231231231232	2	-0.07600056665839738	1.931500700538387e-11	2
6283185.307179586	1782.2822822822823	1	-1.2605979779021468	-1.5699574994246285e-09	0
6283185.307179586	1399.6496496496497	2	0.16489283544133393	1.5656581163164486e-09	0
6283185.307179586	961.3613613613613	1	1.3703985712695244	8.064483836407032e-10	2
6283185.307179586	2380.5805805805808	2	0.045647602610660476	1.3087908661119136e-09	0
6283185.307179586	1030.930930930931	2	1.507481900213984	8.855305427334012e-10	2
6283185.307179586	516.1161161161161	1	-1.0576481117166692	-1.1119778853010508e-10	1
6283185.307179586	2304.054054054054	2	0.23107789951013102	-4.095452011017593e-10	0
6283185.307179586	989.1891891891892	1	0.045418214497986664	-6.341485991540208e-10	2
6283185.307179586	2512.762762762763	2	1.2102246426114784	-6.820898873480635e-10	2
6283185.307179586	1858.8088088088089	2	-0.541253831735002	-1.6563169851322025e-09	0
6283185.307179586	1664.014014014014	1	-0.6080215640790838	1.2701060565781028e-09	0
6283185.307179586	954.4044044044044	1	-0.9496748572715564	-9.7383797071624e-10	2
6283185.307179586	2582.3323323323325	2	0.02692166029904164	-1.5244652491695557e-10	2
6283185.307179586	2533.6336336336335	2	0.23365102091112644	-1.9570073236227195e-09	0
6283185.307179586	1914.4644644644645	2	0.9572270943864014	-2.2738723902480502e-11	1
6283185.307179586	773.5235235235235	1	1.5206092549728027	1.7989505986196528e-09	2
6283185.307179586	3264.1141141141143	2	-0.8531148513212197	1.0983400769405626e-09	0
6283185.307179586	780.4804804804805	2	-0.49942310802828294	-1.7168812861742207e-09	0
6283185.307179586	2053.603603603604	1	-0.27918588792477816	1.3634462794391586e-09	0
6283185.307179586	1455.3053053053054	2	0.35819448331387194	9.423178530744982e-10	0
6283185.307179586	2484.934934934935	2	0.6001751228426575	1.0800246953823544e-09	0
6283185.307179586	1490.0900900900901	1	-0.8373696918827729	1.2638972641933267e-10	2
6283185.307179586	2846.6966966966966	1	0.49397296342278674	-2.512027620916815e-10	2
6283185.307179586	2109.259259259259	2	-1.4041516826476186	-3.79471329994916e-10	2
6283185.307179586	2519.7197197197197	1	0.35767518205001925	1.8608862331908982e-09	0
6283185.307179586	2018.818818818819	2	-0.4183884880982418	1.4996162109693789e-09	0
6283185.307179586	1587.4874874874874	2	-0.34674093744968215	1.545844742021519e-10	2
6283185.307179586	2088.388388388388	2	-0.20843936630058235	1.4229527211686123e-09	0
6283185.307179586	2304.054054054054	1	-1.5087692919438291	-1.9865678552892706e-10	2
6283185.307179586	738.7387387387388	2	-1.2119402787441	-1.1879705456380046e-09	2
6283185.307179586	2547.5475475475478	2	-0.16758310230943407	-1.4812675527085434e-09	0
6283185.307179586	3173.673673673674	1	-1.2744781336930378	1.8478550458466128e-09	0
6283185.307179586	1830.980980980981	2	1.1515725243110886	1.7836410583061984e-09	0
6283185.307179586	1260.5105105105106	2	0.023027551489551934	9.242060894845066e-10	0
6283185.307179586	1197.897897897898	2	-0.40972825386686695	-1.4618232820497808e-09	0
6283185.307179586	3326.7267267267266	1	-0.7951256396574069	-1.7940408329989782e-09	0
6283185.307179586	1629.2292292292293	2	-0.5273958712719038	-1.1069278770484728e-09	0
6283185.307179586	641.3413413413414	1	-1.015575723443581	1.6922516783624962e-09	0
6283185.307179586	1921.4214214214214	2	-0.5586886180273978	-4.421280854667727e-11	2
6283185.307179586	2951.051051051051	1	-1.1363622455019775	1.94041567982035e-09	0
6283185.307179586	857.007007007007	1	-0.8534601896608033	1.9501537087222414e-09	0
6283185.307179586	1267.4674674674675	1	1.2635248235420171	2.0557681005172286e-11	2
6283185.307179586	2603.2032032032034	2	-0.24561575115764733	-1.894248180271794e-09	0
6283185.307179586	2359.70970970971	1	0.941934926106573	-1.6029955111816269e-09	0
6283185.307179586	1942.2922922922924	2	0.6632140580197654	-1.3092072011966117e-09	0
6283185.307179586	1406.6066066066066	2	-0.34320880525185027	-1.3946227611163305e-09	0
6283185.307179586	2895.3953953953956	2	0.6926820894450589	-1.170790823978667e-09	0
6283185.307179586	1190.940940940941	2	1.1029289264282118	-1.8592347250163336e-09	0
6283185.307179586	1970.1201201201202	1	-0.5810412806956927	-1.393656268680208e-09	0
6283185.307179586	2373.6236236236236	1	-0.0022874164132185015	-1.2889408466548714e-09	0
6283185.307179586	1448.3483483483483	1	-0.2799271945946282	1.760159830183157e-09	0
6283185.307179586	1232.6826826826828	1	-0.5872514699530907	1.733735598265775e-09	0
6283185.307179586	2596.2462462462463	2	-1.0305601311319592	-5.993834164638759e-10	2
6283185.307179586	870.9209209209209	1	-0.5246434374076925	-8.681856276149569e-10	0
6283185.307179586	2763.2132132132133	2	-1.337562064782148	1.626010899169096e-09	1
6283185.307179586	1010.0600600600601	2	0.7057257109781405	-5.820738248948817e-10	2
6283185.307179586	509.1591591591592	2	-0.3819807416929102	1.3721520969544603e-09	0
6283185.307179586	1170.0700700700702	1	0.86575271536547	-3.879653875256236e-10	2
6283185.307179586	3131.931931931932	1	0.483642155159715	-5.603428760799027e-10	0
6283185.307179586	3062.3623623623625	1	1.5073761287603067	1.2893405311252213e-09	2
6283185.307179586	1768.3683683683685	2	-0.6764307371775365	-1.6894474464227445e-09	0
6283185.307179586	2791.041041041041	2	-0.24996029382058804	-1.954757206083887e-09	0
6283185.307179586	2116.2162162162163	2	-0.9729446416474459	-7.565891913726329e-10	0
6283185.307179586	1010.0600600600601	2	0.8148536379901183	-9.40835530224608e-10	0
6283185.307179586	1830.980980980981	1	1.0788381303893186	-6.726019396614493e-10	1
6283185.307179586	418.7187187187187	2	-1.430644167989327	-1.5432715601438059e-09	2
6283185.307179586	189.13913913913913	1	-0.6995780534473314	1.1995553261546843e-09	0
6283185.307179586	2631.031031031031	2	-0.4102867180765106	1.6310848220576656e-09	0
6283185.307179586	2032.7327327327328	1	-0.7757721046063337	-5.967667795377629e-10	1
6283185.307179586	1462.2622622622623	1	-0.4299512525168141	1.6112026615010622e-09	0
6283185.307179586	530.03003003003	1	-0.05539847857661617	3.5370926278500796e-10	2
6283185.307179586	1190.940940940941	2	-0.8803863258062299	3.5024746649762485e-10	2
6283185.307179586	1135.2852852852852	2	0.0437843089440586	1.1302331675813156e-09	0
6283185.307179586	1545.7457457457458	1	-1.5346512305505569	-1.570180068365489e-09	1
6283185.307179586	2491.891891891892	1	-1.564766831962731	-7.089188977646783e-10	1
6283185.307179586	2373.6236236236236	1	0.8854014902649809	1.6776755221723693e-09	0
6283185.307179586	2324.924924924925	1	-0.7172769669700383	-8.828125828174134e-10	0
6283185.307179586	627.4274274274275	2	0.5920536627018174	-3.8319376028815126e-11	2
6283185.307179586	3048.4484484484487	1	1.5584768223702463	-1.5743739982086513e-09	2
6283185.307179586	1775.3253253253254	1	0.8911904173699949	1.0832288132091602e-09	0
6283185.307179586	1907.5075075075076	2	0.40335534288578456	-7.680537895760621e-10	0
6283185.307179586	1225.7257257257259	2	-0.6886389704782244	1.2110494017337372e-09	0
6283185.307179586	2067.5175175175173	2	-1.2725624947149612	1.2124718508883322e-09	2
6283185.307179586	2408.4084084084084	2	-0.14986375299614707	1.6303064432508564e-09	0
6283185.307179586	1984.034034034034	2	-0.6882891586404974	-4.69606968521214e-11	1
6283185.307179586	1608.3583583583584	1	0.1749684185234115	-5.359029115316286e-10	0
6283185.307179586	2498.848848848849	1	-1.5553598495483538	-1.5290958656044888e-10	1
6283185.307179586	1017.017017017017	1	-0.11395406237877115	9.45224325440483e-10	0
6283185.307179586	1079.6296296296296	1	1.4509433810514776	7.403988844228376e-10	2
6283185.307179586	1670.970970970971	2	-0.022634155264028122	6.758606730548571e-10	0
6283185.307179586	3076.2762762762763	1	0.5611391752782171	-5.394101170244632e-10	0
6283185.307179586	982.2322322322323	1	-1.2177256423990186	-1.6095231017065383e-09	2
6283185.307179586	1636.1861861861862	2	-1.0154077113637956	8.797071338924285e-10	1
6283185.307179586	1163.113113113113	1	-0.9114208387945056	9.337553156478113e-10	0
6283185.307179586	1573.5735735735736	2	-1.1336826465498224	-4.887990467077681e-10	2
6283185.307179586	1295.2952952952953	2	1.2061219823249827	-9.839083961182263e-10	2
6283185.307179586	2721.4714714714714	1	-0.8228188735867198	-1.0718592255132983e-09	0
6283185.307179586	2206.6566566566567	2	1.1309483647720797	-8.415972816707621e-11	1
6283185.307179586	2144.0440440440443	2	1.43946453926171	5.579617296112281e-12	1
6283185.307179586	1531.8318318318318	2	0.4453661695678308	-2.727788835474217e-10	2
6283185.307179586	870.9209209209209	2	-0.4152195586149585	5.008576795612546e-10	2
6283185.307179586	996.1461461461462	2	-0.9103094580915901	-2.9748560709880365e-10	2
6283185.307179586	3723.2732732732734	1	0.14243683950955055	-1.621730084107362e-09	0
6283185.307179586	1490.0900900900901	1	0.6408174528651882	-1.9380482459527444e-09	0
6283185.307179586	898.7487487487488	2	-0.005637528953386983	-3.506725599746364e-10	0
6283185.307179586	1044.8448448448448	1	-0.3269099358324161	1.921228808635543e-09	0
6283185.307179586	4036.3363363363364	1	-0.46654723789018715	-1.406368649152897e-09	0
6283185.307179586	1330.08008008008	1	0.09893719684456226	-4.478381132485124e-10	2
6283185.307179586	1149.1991991991993	1	-1.1623225031110533	9.897802573196786e-10	2
6283185.307179586	1427.4774774774776	1	1.2607369910204715	3.221946516819067e-10	2
6283185.307179586	1177.027027027027	2	1.2196205049082072	1.6424937497924514e-10	1
6283185.307179586	3298.898898898899	2	-0.9186361936852974	8.505255097616984e-10	0
6283185.307179586	2144.0440440440443	2	0.751753891333867	7.464444052056316e-10	0
6283185.307179586	1010.0600600600601	1	-1.1413057510313147	2.3957014243861203e-10	2
6283185.307179586	1844.8948948948948	1	-0.8193044311138238	2.355031479928562e-10	2
6283185.307179586	2561.4614614614616	1	1.023955149767362	9.922137871063228e-10	0
6283185.307179586	1684.884884884885	2	0.2802997588382221	-7.372758891848185e-10	0
6283185.307179586	3201.5015015015015	2	1.015192463470696	6.327044323030708e-10	0
6283185.307179586	3090.19019019019	1	0.2627646363759204	1.3301218596463273e-09	0
6283185.307179586	1330.08008008008	2	1.0863541747707086	-8.640965459397067e-10	2
6283185.307179586	3152.802802802803	1	1.3547341688447734	-1.6889251082051825e-09	1
6283185.307179586	1017.017017017017	1	-1.5690929477720945	-3.7240363798532444e-10	2
6283185.307179586	1824.0240240240241	2	-0.4750938575709367	2.525194214046666e-10	2
6283185.307179586	1483.1331331331332	1	0.05136802665917872	-4.355634734134957e-11	2
6283185.307179586	536.986986986987	2	1.131639437531181	-1.7933966434796886e-09	0
6283185.307179586	655.2552552552553	1	-0.1795975500763114	1.8684450659821475e-09	0
6283185.307179586	1086.5865865865867	1	-0.6111162138192674	-9.980730613969464e-10	0
6283185.307179586	1782.2822822822823	1	1.5702179650933479	8.227402318153256e-10	2
6283185.307179586	2290.1401401401404	1	-1.2121892281412863	-1.5550567897570163e-09	0
6283185.307179586	1705.755755755756	2	-1.060069470578255	-1.1134190328449397e-09	0
6283185.307179586	1858.8088088088089	1	-0.2521334750072406	-5.436674106706217e-10	0
6283185.307179586	1427.4774774774776	1	-0.8727085986650288	-9.728107998611965e-11	2
6283185.307179586	1239.6396396396397	1	-1.3426219454885604	-1.450127512385896e-10	1
6283185.307179586	1441.3913913913914	1	-0.5657746442895217	2.7927104260878795e-10	2
6283185.307179586	2373.6236236236236	1	1.5037793711285685	-9.175890030458569e-10	2
6283185.307179586	1559.6596596596596	2	0.8023089129588947	-2.087922989576674e-10	2
6283185.307179586	1253.5535535535537	1	0.38580554631447694	-1.2582154307316222e-12	2
6283185.307179586	1907.5075075075076	1	-1.2324848121255014	2.4045990955932783e-10	2
6283185.307179586	2311.011011011011	1	-1.5249321087124965	-1.577160400238252e-09	2
6283185.307179586	1712.7127127127128	2	-1.2936684203947648	1.8648956892020636e-09	0
6283185.307179586	1719.6696696696697	1	0.5275333672877949	-1.8789069817876373e-09	0
6283185.307179586	1594.4444444444446	2	0.3075732683949519	-1.1392613374201265e-09	0
6283185.307179586	1302.2522522522522	2	1.1760310054700973	1.9190791466965943e-09	0
6283185.307179586	1789.2392392392394	1	1.01292218321564	7.904357811225898e-10	0
6283185.307179586	1990.9909909909911	1	-1.4356109542646653	1.7793051758831099e-09	2
6283185.307179586	1517.917917917918	2	0.2741272207518257	-1.8370703780623133e-09	0
6283185.307179586	641.3413413413414	2	-0.07989216260278198	-6.777100386070797e-10	0
6283185.307179586	1608.3583583583584	1	0.8740599533292146	4.5363803995539227e-10	2
6283185.307179586	1984.034034034034	1	0.883880187974043	-2.632174716178767e-10	2
6283185.307179586	3674.574574574575	2	-0.3777205358124387	6.9803783136760485e-12	2
6283185.307179586	2832.7827827827828	2	-0.5049530841082019	6.134321211284484e-12	2
6283185.307179586	2067.5175175175173	2	-0.2588960561596654	-7.928382932893436e-10	0
6283185.307179586	1246.5965965965966	2	-1.3332730109473518	6.987645857239475e-10	2
6283185.307179586	523.0730730730731	2	0.00773180850550248	-2.8993717238815846e-10	0
6283185.307179586	3611.961961961962	2	0.20824955707590465	3.9083800854556036e-10	0
6283185.307179586	794.3943943943945	2	-0.8023902761598721	9.289986071951842e-10	1
6283185.307179586	3069.319319319319	2	0.15296831417835466	-4.6047118507958157e-10	0
6283185.307179586	1343.993993993994	2	0.8167385339899904	-9.45162058582795e-10	0
6283185.307179586	1990.9909909909911	1	-1.3693987064535822	-3.8622924867196317e-10	2
6283185.307179586	696.996996996997	1	0.5484525026750089	8.512070891582441e-10	0
6283185.307179586	1907.5075075075076	2	1.3352945795661055	-3.3342961512088686e-10	2
6283185.307179586	1281.3813813813815	1	-1.1023432644865978	-1.1829119721082483e-09	0
6283185.307179586	2797.997997997998	1	-0.814962611104464	-6.174344231878563e-11	2
6283185.307179586	2575.3753753753754	1	0.801815003173294	-1.0441285613561756e-09	0
6283185.307179586	2394.4944944944946	1	0.9865030497245337	-1.8755474587563137e-09	0
6283185.307179586	1163.113113113113	1	1.5129579583534567	-1.1376713614051455e-09	2
6283185.307179586	4091.991991991992	2	0.21878824624845494	1.6500763464319194e-09	0
6283185.307179586	1323.1231231231232	2	1.546436668131609	1.2663355764358443e-09	1
6283185.307179586	1267.4674674674675	2	-0.5416709600333613	-7.143356391251223e-10	0
6283185.307179586	1378.7787787787788	2	0.8905433308189932	9.643646322116683e-10	0
6283185.307179586	1448.3483483483483	2	0.29328422379615904	-6.829296131265382e-10	0
6283185.307179586	780.4804804804805	2	-1.1397928154539483	-5.08505832932475e-10	2
6283185.307179586	1817.0670670670672	1	-0.8511863858953423	-1.9261937857280895e-09	0
6283185.307179586	2317.967967967968	2	-0.23420837154652707	-1.2329900978939437e-09	0
6283185.307179586	1072.6726726726727	1	-1.1887901771249194	1.9396572166519595e-09	0
6283185.307179586	1483.1331331331332	1	-0.06670484939993804	6.779236157345307e-10	0
6283185.307179586	2157.957957957958	2	-0.4369302146670415	9.164399356940591e-10	0
6283185.307179586	3479.77977977978	2	-0.9009787272907043	-1.9066242056986804e-09	0
6283185.307179586	2443.193193193193	1	0.9886373365747656	-2.584674637129289e-10	2
6283185.307179586	2004.904904904905	2	1.0844633479217967	-1.0948292348083762e-09	0
6283185.307179586	919.6196196196197	1	-0.2542866694072534	-3.445714589728928e-10	2
6283185.307179586	1705.755755755756	1	0.0013858439456668759	1.1522824234722657e-10	0
6283185.307179586	2429.2792792792793	1	0.3971780340878368	-8.656909323727785e-10	0
6283185.307179586	1420.5205205205204	1	0.8641884485148079	1.6344902546876047e-09	0
6283185.307179586	1343.993993993994	2	-0.03232512813097044	-1.2838002201641327e-09	0
6283185.307179586	2804.954954954955	2	0.35751000339673	6.754179445429757e-10	0
6283185.307179586	2888.4384384384384	2	0.6750243870011312	1.3307870861682705e-09	0
6283185.307179586	919.6196196196197	1	0.9684397454580131	-3.293784707810485e-10	2
6283185.307179586	557.8578578578579	2	-1.2836181754080094	-2.4729508823366335e-10	2
6283185.307179586	836.1361361361362	2	0.8861489386023806	2.1931507079594191e-10	2
6283185.307179586	1149.1991991991993	2	1.5354711165488144	-9.63678621040519e-11	2
6283185.307179586	780.4804804804805	1	0.6854737461931686	1.583773692823286e-09	0
6283185.307179586	2276.226226226226	2	0.3726097193929885	-8.09207114343205e-10	0
6283185.307179586	2672.772772772773	1	-0.3515378012436663	1.964909694580902e-09	0
6283185.307179586	1323.1231231231232	1	-0.09774723456979473	9.379147674990108e-10	0
6283185.307179586	272.62262262262266	2	0.5529460727063769	-1.2357142752638454e-09	0
6283185.307179586	1281.3813813813815	1	0.3755904140285111	-1.3648464824970034e-09	0
6283185.307179586	975.2752752752752	2	-0.0759688252930606	-5.148514187752014e-10	0
6283185.307179586	870.9209209209209	1	1.4367024105343895	1.7272660368909818e-09	2
6283185.307179586	1510.960960960961	1	0.9123011865532815	1.211791165779675e-09	0
6283185.307179586	2825.825825825826	1	0.4560082642314236	1.7632157655142661e-10	2
6283185.307179586	1441.3913913913914	2	0.34918262604057126	2.791174601635204e-10	2
6283185.307179586	2276.226226226226	2	0.5106245359927182	-7.195036819827001e-10	0
6283185.307179586	3145.845845845846	1	-0.3461181431883067	-4.687073220332879e-10	0
6283185.307179586	1837.937937937938	1	0.33353297446109975	-4.638793143231932e-10	1
6283185.307179586	1768.3683683683685	1	0.2634878112392227	1.8808845917802546e-09	0
6283185.307179586	1768.3683683683685	1	1.2463836336639593	1.5072669524456358e-09	0
6283185.307179586	1316.1661661661662	2	0.6452021645081398	1.511576896542977e-09	0
6283185.307179586	2067.5175175175173	1	-0.34549850171473184	3.4765741194348676e-10	2
6283185.307179586	2060.5605605605606	1	1.5300495872238908	-1.1743923998310679e-10	2
6283185.307179586	2171.871871871872	2	-1.4114333564878603	-1.626602427608912e-09	2
6283185.307179586	1949.2492492492493	1	-0.5231771798546891	-1.825188394559247e-09	0
6283185.307179586	2526.676676676677	2	0.7152782783933715	1.0891063734411325e-09	0
6283185.307179586	1343.993993993994	2	1.3288218697213758	-1.4589004419089685e-09	2
6283185.307179586	898.7487487487488	1	-1.0215827591052553	1.2128913365621651e-09	0
6283185.307179586	3264.1141141141143	1	1.22327473030496	-4.4586445746198423e-10	2
6283185.307179586	1197.897897897898	1	-1.1028793838691038	9.786145491488134e-11	1
6283185.307179586	1371.821821821822	2	0.5566193641169388	-8.030335067838715e-10	0
6283185.307179586	2004.904904904905	1	-0.468766788909611	1.7975904032795001e-09	0
6283185.307179586	2728.4284284284286	1	1.0167309645241729	1.2632043039666698e-09	0
6283185.307179586	2874.5245245245246	2	-0.730784228859781	-6.48988704310025e-10	0
6283185.307179586	954.4044044044044	2	0.4587980112152814	-1.6414351448310788e-09	0
6283185.307179586	509.1591591591592	2	-0.741737088283503	9.058466498272941e-10	2
6283185.307179586	2575.3753753753754	1	-1.4198368009715094	1.8966253458780205e-09	2
6283185.307179586	3709.3593593593596	1	0.7450718959418117	1.4718272858950587e-09	0
6283185.307179586	822.2222222222223	2	-0.41058440493129944	5.192187146311312e-10	2
6283185.307179586	627.4274274274275	2	-0.6382364759765023	-5.908873630223321e-10	2
6283185.307179586	1670.970970970971	2	0.7873754307626486	3.665201169721697e-11	2
6283185.307179586	1427.4774774774776	2	0.27587575960319066	-8.626110559089458e-10	0
6283185.307179586	745.6956956956957	1	-0.9645661336819584	4.4831572443014436e-10	2
6283185.307179586	996.1461461461462	1	1.3853672585128094	-1.501961168269654e-09	2
6283185.307179586	1010.0600600600601	2	0.5836007994549677	-1.4571835864277045e-09	0
6283185.307179586	1239.6396396396397	2	0.17318699334279852	6.625032586090302e-10	0
6283185.307179586	2658.858858858859	2	0.49520990220940186	-5.406885940185022e-10	0
6283185.307179586	1949.2492492492493	2	0.4569682340316654	1.992474899029992e-09	0
6283185.307179586	1650.1001001001002	1	-1.0512139172698614	-5.99815662816654e-10	1
6283185.307179586	1601.4014014014015	1	-0.48346253944199047	5.82624499131321e-10	0
6283185.307179586	2102.3023023023025	1	0.5577716890223154	5.766936254764291e-10	0
6283185.307179586	3389.3393393393394	2	1.2562748549547398	-1.8490716893529063e-09	0
6283185.307179586	773.5235235235235	2	-1.2289274657252474	5.574212078390371e-10	2
6283185.307179586	2818.868868868869	1	-0.6345763456644015	-1.8709672512627708e-09	0
6283185.307179586	2651.901901901902	1	-0.25750942693516565	1.465014518322625e-09	0
6283185.307179586	676.1261261261261	1	-1.1700016960044344	3.417593506468727e-10	1
6283185.307179586	2116.2162162162163	1	-0.7844294166135525	1.6044202922630052e-09	0
6283185.307179586	342.1921921921922	1	-0.006279409631434918	-2.724787972322784e-10	0
6283185.307179586	2930.1801801801803	2	1.0792508639363447	1.6517160064735615e-09	0
6283185.307179586	1928.3783783783783	1	1.102080369047986	-7.227720636685934e-10	1
6283185.307179586	2331.881881881882	2	-0.6736610191792176	2.4749915682935654e-10	2
6283185.307179586	1615.3153153153153	1	-1.2020463699156665	-1.294677949992812e-09	1
6283185.307179586	1441.3913913913914	1	-0.12287302031609926	7.25003315045058e-11	2
6283185.307179586	2171.871871871872	1	0.08219838848713068	6.561189582537613e-11	2
6283185.307179586	1323.1231231231232	1	-0.056051000573730025	-1.0766489439502637e-09	0
6283185.307179586	1657.0570570570571	1	-0.9270043549814139	9.997180386703538e-10	0
6283185.307179586	857.007007007007	1	0.06245522037496021	-6.705167789302911e-10	2
6283185.307179586	2366.6666666666665	1	1.3448426803192883	-1.3245514478404738e-09	1
6283185.307179586	738.7387387387388	2	0.5592112808383782	6.887964312701238e-10	1
6283185.307179586	2317.967967967968	1	-0.9598712286487675	-3.0576534335208284e-10	2
6283185.307179586	2825.825825825826	1	0.5067542216817471	-1.990236812401771e-09	0
6283185.307179586	1664.014014014014	2	-1.2876401808470916	-1.5362977525927853e-09	1
6283185.307179586	1552.7027027027027	2	0.8491049310719938	1.4065240617290388e-09	0
6283185.307179586	1970.1201201201202	2	-0.03090793683048987	1.9984585605218794e-10	1
6283185.307179586	1538.788788788789	1	-1.1392495266539555	-7.799747804446922e-10	2
6283185.307179586	1580.5305305305305	2	-0.5674931523249327	-1.9681038274331657e-09	0
6283185.307179586	752.6526526526527	1	1.1962759223771555	1.0475536530572493e-09	2
6283185.307179586	585.6856856856857	2	-0.6868236472319482	1.99564502428717e-09	0
6283185.307179586	1385.7357357357357	2	0.42436949215118247	1.8752706452256906e-09	0
6283185.307179586	1051.801801801802	1	0.799729079335322	9.513888682084836e-10	0
6283185.307179586	2324.924924924925	1	-0.6483985685706047	-1.481951246780129e-09	0
6283185.307179586	3632.832832832833	1	-1.1577203489417565	-1.8827619534920853e-09	0
6283185.307179586	1810.11011011011	1	-1.4133686797690395	1.1359591421311049e-09	2
6283185.307179586	1128.3283283283283	2	0.8019737961683102	6.710545401302045e-10	1
6283185.307179586	2651.901901901902	2	-0.24653349994289853	4.912258135293426e-10	0
6283185.307179586	2533.6336336336335	1	-1.4002090143416632	-1.8265963754322058e-09	1
6283185.307179586	1984.034034034034	1	0.7957430658591149	-1.4532500219902017e-10	1
6283185.307179586	1636.1861861861862	1	-0.775996581302175	-1.6861479359222258e-09	0
6283185.307179586	1135.2852852852852	1	-0.10904138628316695	1.983109907041252e-09	0
6283185.307179586	2728.4284284284286	2	-1.402788534490958	-1.3864725609505886e-09	2
6283185.307179586	1065.7157157157158	2	-0.7194072675928069	-4.294076106985879e-11	2
6283185.307179586	1434.4344344344345	1	-0.8409555345039137	-1.2215093288331906e-09	0
6283185.307179586	2144.0440440440443	1	1.2377133662777964	8.46970890987463e-10	1
6283185.307179586	1775.3253253253254	1	1.4317186773206156	9.915227558848945e-10	2
6283185.307179586	1907.5075075075076	2	-1.0787842425941285	4.833617440878296e-10	2
6283185.307179586	2095.3453453453453	1	-0.014730220240130265	-1.419447378637552e-09	0
6283185.307179586	2728.4284284284286	1	-1.5701635164131764	-1.1185260983791138e-09	1
6283185.307179586	1260.5105105105106	2	0.7224915733928086	-1.8010147802126669e-09	0
6283185.307179586	1183.983983983984	1	-1.2089872964760016	-1.0682995708237632e-09	2
6283185.307179586	2025.7757757757759	1	0.09384343797829753	-1.2278478775959171e-09	0
6283185.307179586	1079.6296296296296	2	0.7123624518975924	-4.6439425947217795e-10	2
6283185.307179586	2394.4944944944946	1	-0.8877716105967726	1.2383050935388973e-09	0
6283185.307179586	1156.1561561561562	2	0.29239815684416204	1.4809859401785846e-09	0
6283185.307179586	2088.388388388388	2	0.21315652659400453	-1.0914296055109189e-09	0
6283185.307179586	683.0830830830831	2	1.3043581882021837	5.970394145276147e-11	2
6283185.307179586	655.2552552552553	2	1.437650907581824	3.140157721915593e-10	1
6283185.307179586	3180.6306306306305	2	0.7964314514062321	-4.646880738974276e-10	1
6283185.307179586	1392.6926926926926	2	0.9782181465506494	1.9221489802817162e-09	0
6283185.307179586	836.1361361361362	1	1.051218919032186	-1.1584645801884254e-09	2
6283185.307179586	2533.6336336336335	1	-0.23841070320549873	1.8243134116446447e-09	0
6283185.307179586	2130.13013013013	2	0.23443632574555817	-1.5749094130473176e-09	0
6283185.307179586	2130.13013013013	2	-0.6627126136701195	1.0032713565774524e-09	0
6283185.307179586	1990.9909909909911	2	-1.043335644182306	1.2522817437931707e-09	0
6283185.307179586	1378.7787787787788	1	-0.8610664143457999	1.6689882182638083e-09	0
6283185.307179586	1177.027027027027	1	0.9668965298805055	-1.5184259625437858e-09	0
6283185.307179586	3298.898898898899	1	1.1423108340666737	1.0665438028438712e-09	0
6283185.307179586	404.8048048048048	2	1.2088198541288047	6.502902524481518e-10	2
6283185.307179586	446.54654654654655	1	-0.20274473559483264	-1.4150835197226707e-09	0
6283185.307179586	2248.3983983983985	2	0.9745034781344564	1.2295815442121832e-10	2
6283185.307179586	1448.3483483483483	1	-1.032507003465439	1.6874265085817023e-09	0
6283185.307179586	829.1791791791792	2	-0.06421950707898261	-1.9159942944362652e-10	2
6283185.307179586	1782.2822822822823	2	-0.6997469632391109	-8.151004928216561e-10	0
6283185.307179586	2985.835835835836	2	0.19549570820766382	-1.0291129221879835e-09	0
6283185.307179586	2394.4944944944946	1	-1.444557875689095	1.474327319879174e-09	1
6283185.307179586	1803.1531531531532	1	0.8364749105830995	9.511624262483779e-10	0
6283185.307179586	2178.828828828829	2	1.4689700726049404	4.808253777058145e-10	2
6283185.307179586	2477.977977977978	2	1.2546837969002436	1.030010568601456e-09	2
6283185.307179586	1768.3683683683685	1	-0.6502699024032578	1.879033036078859e-09	0
6283185.307179586	1997.947947947948	1	-0.22889916154266543	-9.831024345012517e-10	0
6283185.307179586	1427.4774774774776	1	0.7785008394380255	1.980958449442794e-09	0
6283185.307179586	1469.2192192192192	2	0.6102588894886076	1.2029246900180435e-09	0
6283185.307179586	3201.5015015015015	1	0.7241151679061892	9.074353114530361e-10	0
6283185.307179586	2422.322322322322	1	0.2929454632285784	-1.36295931770709e-09	0
6283185.307179586	773.5235235235235	1	-0.28849274225615185	-2.2162037669490426e-11	2
6283185.307179586	2241.4414414414414	1	-1.363580937661272	4.178245576976815e-10	2
6283185.307179586	2401.4514514514517	2	0.4140590941582345	4.2449300828982974e-10	1
6283185.307179586	919.6196196196197	2	-0.9016935684281484	2.2000462393353743e-11	2
6283185.307179586	1490.0900900900901	1	-0.24752336448994172	1.8555955938173584e-09	0
6283185.307179586	1023.973973973974	2	-0.582948917200089	5.006786957787927e-10	1
6283185.307179586	1350.950950950951	2	-0.24897718169422922	-4.288896084874532e-10	1
6283185.307179586	1580.5305305305305	1	-0.027237160789127524	-1.2473290267299272e-10	2
6283185.307179586	1392.6926926926926	1	0.7101896615184038	1.6171051084770115e-09	0
6283185.307179586	2450.1501501501502	1	-0.8525268206833923	-1.0992855431808352e-09	0
6283185.307179586	1747.4974974974975	2	0.9074954977911838	-1.263781482821556e-09	0
6283185.307179586	1197.897897897898	1	-0.984263482544657	-1.7581850243436208e-09	0
6283185.307179586	1643.143143143143	2	-0.36581868724338507	1.436370142999528e-09	0
6283185.307179586	383.93393393393393	2	1.5041909003321519	-1.0794493580756645e-09	2
6283185.307179586	2178.828828828829	2	0.052054299171606866	8.910407044461422e-10	0
6283185.307179586	2589.289289289289	2	1.1775401384647788	8.391456812328851e-10	2
6283185.307179586	627.4274274274275	1	0.43901156339214076	-1.2786746675989168e-09	0
6283185.307179586	1079.6296296296296	1	-1.2459151572565261	-7.408984506489227e-10	2
6283185.307179586	1183.983983983984	1	-1.2067006742332906	-1.9647419444738423e-10	2
6283185.307179586	676.1261261261261	2	-0.5917281300580857	-1.6800997317691034e-09	0
6283185.307179586	1316.1661661661662	2	-0.4967696684093976	1.401370843280177e-09	0
6283185.307179586	3166.7167167167167	1	0.5770041199669924	-1.922401177617781e-09	0
6283185.307179586	3048.4484484484487	2	0.7089994995773226	8.987968602558787e-10	0
6283185.307179586	1740.5405405405406	2	0.6649787173563522	-1.4798987749020714e-09	0
6283185.307179586	2860.610610610611	2	-0.10927597258663768	1.157493503763854e-09	0
6283185.307179586	1427.4774774774776	2	-0.048014768380925776	1.1058089531944657e-09	0
6283185.307179586	3305.855855855856	1	0.671481381012129	1.4712732599050596e-09	0
6283185.307179586	1789.2392392392394	1	0.9580811492685237	1.5371862176779508e-09	0
6283185.307179586	2561.4614614614616	2	1.5391444399821332	2.998586266103426e-10	2
6283185.307179586	1385.7357357357357	1	-0.7358018146875156	-1.842968683647845e-09	0
6283185.307179586	2429.2792792792793	1	-0.7113365519021004	-1.8202111026634107e-09	0
6283185.307179586	1650.1001001001002	1	-1.437611623397892	1.727933497818117e-10	2
6283185.307179586	850.0500500500501	1	0.28564609416434883	-1.8637338348212967e-09	0
6283185.307179586	2151.001001001001	1	-0.6225330721880482	-1.4423774643700607e-09	0
6283185.307179586	2311.011011011011	1	-1.5151827465230123	-9.323155198062524e-10	2
6283185.307179586	1768.3683683683685	1	1.5310856167286566	1.0026328635251818e-09	2
6283185.307179586	3618.918918918919	2	1.5139136601671188	-7.068437004840878e-10	2
6283185.307179586	1204.854854854855	2	-1.2085117573483901	-1.3875333970543564e-09	1
6283185.307179586	1601.4014014014015	1	0.8133061479212969	-4.0390076399713906e-10	2
6283185.307179586	3013.6636636636636	1	-1.3726110866697347	-5.526468312962045e-10	2
6283185.307179586	801.3513513513514	1	-1.4596763329925841	-9.074889564192642e-10	2
6283185.307179586	2338.838838838839	2	0.23246296639013853	1.6988694354801697e-09	0
6283185.307179586	2151.001001001001	1	-1.336168859492523	-1.4800223701509018e-10	1
6283185.307179586	2672.772772772773	1	0.7033374196182782	-3.870436987652767e-10	2
6283185.307179586	2477.977977977978	2	-0.00609987731357009	-1.6868635315809369e-09	0
6283185.307179586	1636.1861861861862	1	-0.27156402831009374	-1.6242769078522816e-10	1
6283185.307179586	1956.2062062062062	2	1.1322373672094188	1.94962397021256e-09	0
6283185.307179586	1921.4214214214214	1	-0.6180389293285948	-1.9078892831675473e-09	0
6283185.307179586	2053.603603603604	1	0.5648632207108584	-1.295107671772679e-10	2
6283185.307179586	1037.887887887888	1	-0.14646857356437049	1.77758105319952e-09	0
6283185.307179586	286.5365365365366	2	1.4386775959389393	2.939499213988818e-10	2
6283185.307179586	432.63263263263264	2	1.4007662194242596	7.851812177107549e-10	2
6283185.307179586	2693.643643643644	1	-1.0019955271163075	-1.1705786933845289e-09	0
6283185.307179586	905.7057057057058	1	0.5736224640025571	-1.2550370766314882e-10	2
6283185.307179586	662.2122122122122	2	0.9718858543457727	-1.0488252631703188e-09	0
6283185.307179586	1594.4444444444446	2	0.4204842857609776	-8.611002535719875e-11	2
6283185.307179586	1135.2852852852852	2	1.4744678847672685	4.404616364245447e-10	1
6283185.307179586	634.3843843843844	1	-0.44082296690149514	-1.5844568481725036e-09	0
6283185.307179586	1086.5865865865867	1	-0.2469910212168085	-1.3993852406488561e-09	0
6283185.307179586	3166.7167167167167	2	1.2449520541552843	2.1777867211602987e-10	2
6283185.307179586	1545.7457457457458	1	1.0937492693911621	5.137019416980793e-10	2
6283185.307179586	2046.6466466466468	2	-1.2233339767725782	-5.980215016100906e-11	2
6283185.307179586	1385.7357357357357	1	-1.5676619127213778	1.2460277423767033e-09	2
6283185.307179586	2387.5375375375374	1	0.5213932144691715	1.1060017717763897e-09	0
6283185.307179586	2248.3983983983985	2	-0.3237658144501221	1.839990425629116e-09	0
6283185.307179586	1524.8748748748749	1	-1.1544138053646982	4.814195002195627e-11	1
6283185.307179586	1837.937937937938	2	-0.1872534314374168	-8.719575323359296e-10	0
6283185.307179586	2561.4614614614616	2	0.856738613824723	-1.4404394992264874e-09	0
6283185.307179586	968.3183183183183	2	1.0746054247976997	-1.3952462153648457e-09	0
6283185.307179586	1775.3253253253254	2	0.5714139643689453	8.26374058002943e-10	0
6283185.307179586	2721.4714714714714	2	0.12112011119795807	1.8080444586572707e-09	0
6283185.307179586	2137.087087087087	2	-1.2902904395501396	-1.9776145649087964e-09	0
6283185.307179586	1907.5075075075076	2	-0.4494153479082399	1.8437776853149498e-09	0
6283185.307179586	1726.6266266266266	2	-1.220866493091474	1.064907510781668e-09	1
6283185.307179586	1378.7787787787788	2	-1.5381992730613148	-1.1125273255361066e-09	2
6283185.307179586	1316.1661661661662	1	-0.46318597323949073	-6.672527482928682e-10	0
6283185.307179586	738.7387387387388	1	0.7371863853643248	-1.5120303493416696e-09	0
6283185.307179586	3639.7897897897897	1	0.31069665602316276	6.486495043157913e-10	0
6283185.307179586	2672.772772772773	1	-0.8621568351526266	8.913635922221605e-10	0
6283185.307179586	1768.3683683683685	1	0.6265582984668998	-1.6919534380929981e-09	0
6283185.307179586	1914.4644644644645	2	0.9673919309665844	8.982631594676317e-10	0
6283185.307179586	1733.5835835835837	1	-0.9685436226297095	-2.9803548411001713e-10	1
6283185.307179586	1789.2392392392394	2	-0.2639819043097704	3.0776876814758544e-10	1
6283185.307179586	3229.3293293293295	1	-1.5657797724912714	2.731027579936483e-10	2
6283185.307179586	968.3183183183183	2	-0.39790963431091253	2.3997481277776894e-10	2
6283185.307179586	2262.3123123123123	1	0.6524534734084679	-1.5016985065423893e-09	0
6283185.307179586	2958.008008008008	2	1.2597619927617716	-1.5915648097203393e-09	0
6283185.307179586	2088.388388388388	2	-0.42863922522951725	9.769524950714354e-10	0
6283185.307179586	1984.034034034034	1	1.092835503283108	9.276865132914667e-10	0
6283185.307179586	1058.7587587587586	1	-0.21722659136236966	1.5518555637539083e-09	0
6283185.307179586	2596.2462462462463	2	0.6790628764708724	1.9584719154385845e-09	0
6283185.307179586	1448.3483483483483	2	0.9627569787981534	-9.885589879906821e-10	0
6283185.307179586	1448.3483483483483	1	-0.4322119382726699	-5.773237410955155e-10	1
6283185.307179586	1316.1661661661662	1	-1.0368144907537244	-1.545525733798379e-09	0
6283185.307179586	1037.887887887888	1	-0.8294378514728619	-2.7555111089456205e-11	2
6283185.307179586	1587.4874874874874	1	0.7533082779546212	-1.5898984480771473e-09	0
6283185.307179586	794.3943943943945	1	-0.29468895014701824	-8.804027769529013e-10	0
6283185.307179586	1921.4214214214214	1	-0.8833959018381176	-9.171589212549663e-10	0
6283185.307179586	696.996996996997	2	0.3150173263999305	1.703653415550698e-09	0
6283185.307179586	2637.987987987988	1	-0.7848853405464388	1.1248489745350575e-09	0
6283185.307179586	1684.884884884885	1	-0.3759854962214757	-1.5764285104495165e-09	0
6283185.307179586	2192.742742742743	2	-0.8803652859756927	-4.79354992036861e-10	2
6283185.307179586	1698.7987987987988	1	0.8943950377369339	1.8550114886141846e-09	0
6283185.307179586	599.5995995995996	2	-0.8403048233596123	-1.7224175570995415e-09	0
6283185.307179586	1796.1961961961963	2	1.5240644984290088	-1.5966416816095293e-09	2
6283185.307179586	2241.4414414414414	2	-0.26942108325685976	1.6989837941466862e-09	0
6283185.307179586	1851.851851851852	1	0.6056287108727658	1.4839308751446376e-10	2
6283185.307179586	1761.4114114114116	1	1.5067614853846951	-1.660331245617651e-09	2
6283185.307179586	808.3083083083084	1	0.9169226647608713	4.968692614913692e-10	2
6283185.307179586	926.5765765765766	1	1.3296700464865854	1.968507103899612e-09	1
6283185.307179586	2784.084084084084	1	-1.0088350379307316	9.306914537261114e-11	2
6283185.307179586	2317.967967967968	1	-1.368070835308338	-2.965038168332685e-11	1
6283185.307179586	2151.001001001001	1	-0.6618699172316843	-1.6693545365846335e-10	2
6283185.307179586	1149.1991991991993	1	0.13674686439682904	1.0768777138116851e-09	0
6283185.307179586	411.76176176176176	2	-1.130391428742501	-5.748804622748285e-10	2
6283185.307179586	1622.2722722722724	1	0.7684654004225653	-1.878551334761647e-09	0
6283185.307179586	1190.940940940941	1	-0.40318044269427356	1.0281904294378969e-09	0
6283185.307179586	1733.5835835835837	2	0.6683346449556513	5.296565912861041e-10	2
6283185.307179586	1949.2492492492493	2	0.884783776303931	-1.8181362343476494e-09	0
6283185.307179586	2248.3983983983985	2	-0.26386893203800055	1.9691798739509919e-10	2
6283185.307179586	2227.5275275275276	2	0.2535225363862579	-1.9922691765874356e-09	0
6283185.307179586	2387.5375375375374	1	1.5704389620201953	1.4098487819190892e-09	1
6283185.307179586	815.2652652652653	1	1.0569465064831332	-7.909886210599089e-10	2
6283185.307179586	1399.6496496496497	1	0.04926749986568457	1.2136140230590397e-09	0
6283185.307179586	1893.5935935935936	2	0.39184763186935045	6.976082618344349e-10	0
6283185.307179586	1538.788788788789	1	0.3713963886503433	1.4220732611116748e-09	0
6283185.307179586	2971.921921921922	1	0.529040474198859	-1.3843357987398847e-10	2
6283185.307179586	1566.6166166166167	2	1.4337682945277352	-7.771304347537061e-10	1
6283185.307179586	780.4804804804805	1	0.9056301050553581	-9.103376055735738e-10	2
6283185.307179586	836.1361361361362	1	-1.4346456206271778	1.725184063619186e-09	2
6283185.307179586	1573.5735735735736	2	-1.477225594713164	5.613984963633377e-10	2
6283185.307179586	2060.5605605605606	2	1.5443595900527258	1.1905877634257003e-09	2
6283185.307179586	3584.1341341341345	2	-1.1177497422308105	4.723973053384832e-10	1
6283185.307179586	1566.6166166166167	1	0.561793020052741	-1.3843235376737974e-09	0
6283185.307179586	1163.113113113113	1	-1.169506560179408	6.511036349865394e-10	2
6283185.307179586	2721.4714714714714	2	-0.6307709809857678	-1.5171261437632159e-09	0
6283185.307179586	2074.474474474475	1	0.5887662470061592	8.9149196778335e-11	2
6283185.307179586	1121.3713713713714	2	0.5651734347870656	9.238774335104907e-10	0
6283185.307179586	1636.1861861861862	1	1.1954239689259234	8.601529585380204e-10	2
6283185.307179586	961.3613613613613	2	0.5992602223151806	6.151299883142703e-10	2
6283185.307179586	641.3413413413414	1	1.470722637652845	-3.4231038568014366e-10	2
6283185.307179586	1824.0240240240241	1	0.7141055757674297	1.8084528004906475e-09	0
6283185.307179586	1274.4244244244244	2	0.9884083370509189	-5.508380980703387e-10	2
6283185.307179586	1183.983983983984	1	0.007400519629175983	1.512275749136282e-09	0
6283185.307179586	3006.706706706707	1	-0.8963543087029893	-6.294716003339276e-10	0
6283185.307179586	710.910910910911	2	-1.400284378799075	-8.708098684915839e-10	2
6283185.307179586	3340.640640640641	1	1.1458330972210025	-5.90979770614327e-10	2
6283185.307179586	1371.821821821822	1	0.43125878426439135	-7.730022422852111e-10	0
6283185.307179586	3479.77977977978	2	0.2652924501021492	1.758773223226332e-09	0
6283185.307179586	1538.788788788789	2	-1.529838473488713	1.4719252724862896e-09	2
6283185.307179586	1608.3583583583584	1	1.457331834037436	1.7840970379198398e-09	2
6283185.307179586	2658.858858858859	1	0.184125871170306	-1.7362650931973059e-09	0
6283185.307179586	3243.2432432432433	2	0.13560328652496567	1.847004585279714e-09	0
6283185.307179586	954.4044044044044	1	0.34732518933172574	1.0209197160161776e-09	0
6283185.307179586	808.3083083083084	2	0.1185769911991037	3.620589209381163e-10	2
6283185.307179586	1872.7227227227227	2	-0.2389850950424195	1.9585007234419673e-09	0
6283185.307179586	2846.6966966966966	1	-1.0506432578627427	-1.0845326111472834e-09	0
6283185.307179586	2311.011011011011	2	-0.06851876503795329	1.5613797893643336e-09	0
6283185.307179586	2123.1731731731734	2	0.3461717227313932	1.8997181129944387e-09	0
6283185.307179586	2422.322322322322	2	-0.7267576612652351	-9.321997958792024e-10	0
6283185.307179586	2039.6896896896897	1	1.0052656761828356	1.1249903564391324e-09	0
6283185.307179586	1851.851851851852	2	0.00555830932412027	-1.3170041648379708e-09	0
6283185.307179586	683.0830830830831	1	0.3585930543190632	1.588251118861042e-09	0
6283185.307179586	2018.818818818819	2	-0.325372529254222	-4.222076258774856e-10	1
6283185.307179586	648.2982982982983	1	0.6693232782943865	-1.2995990030516091e-09	0
6283185.307179586	1872.7227227227227	1	-0.9235911155580712	3.419771146354571e-10	2
6283185.307179586	2408.4084084084084	2	-1.316990962647537	-1.8538965794902206e-09	0
6283185.307179586	1573.5735735735736	1	-0.7956363184468075	-1.1805876186636373e-09	0
6283185.307179586	1163.113113113113	2	1.4824898164362725	6.117208121394747e-10	1
6283185.307179586	905.7057057057058	1	1.0392442357337015	-2.3803223178219254e-10	2
6283185.307179586	1740.5405405405406	1	-0.9992206609802384	1.9199439299875396e-09	0
6283185.307179586	1037.887887887888	1	-1.3429697934785763	1.7201271259369481e-09	2
6283185.307179586	961.3613613613613	2	-1.1018299766987436	1.248611598861136e-09	1
6283185.307179586	2074.474474474475	1	-0.5551437074129051	5.369721973144956e-11	1
6283185.307179586	1949.2492492492493	1	-0.8337086239751853	6.985991685953897e-11	1
6283185.307179586	2074.474474474475	1	0.13010038827782444	1.52447438196973e-09	0
6283185.307179586	1177.027027027027	1	-0.7703849394925979	1.1837844948762952e-09	0
6283185.307179586	1135.2852852852852	1	1.4879258439069538	6.179237331870079e-11	2
6283185.307179586	2791.041041041041	1	-0.6817074924500983	1.9530811698927623e-09	0
6283185.307179586	1490.0900900900901	2	0.02413022055510794	-6.138041851536027e-10	0
