axial trapping frequency (MHz) 	 velocity(m/s) 	 ion collided with 	 angle(rads) 	 collision offset(m) 	 reorder? (1 is reorder 2 is ejection) 
6283185.307179586	2714.5145145145148	1	1.4076635872965788	-9.371822339016545e-10	2
6283185.307179586	2679.72972972973	3	-1.26087503523598	2.837032677387757e-10	2
6283185.307179586	3048.4484484484487	2	-0.3548643769105382	5.457179559698516e-10	0
6283185.307179586	829.1791791791792	2	1.4291817904955328	-5.2000641697959624e-11	1
6283185.307179586	2540.5905905905906	3	0.28672422788955676	1.4861577187857331e-09	0
6283185.307179586	1733.5835835835837	2	-0.7636364454829053	-5.817556065071421e-10	2
6283185.307179586	877.877877877878	3	-0.4602430086323772	-2.762052927250145e-10	2
6283185.307179586	1100.5005005005005	1	-0.7457711953133895	-5.819338534360949e-10	2
6283185.307179586	2547.5475475475478	1	-1.302565841767161	-2.963740033091128e-10	2
6283185.307179586	1483.1331331331332	3	0.01583455712674975	-1.901679795508803e-09	0
6283185.307179586	1740.5405405405406	2	1.1721246505711802	-1.5137636558505735e-09	0
6283185.307179586	1497.047047047047	3	0.14678779018556498	1.995783224388093e-09	0
6283185.307179586	1239.6396396396397	2	1.271850861676561	-9.316953245860376e-10	2
6283185.307179586	3173.673673673674	3	1.4274578308119668	-2.476705230537716e-10	2
6283185.307179586	1177.027027027027	3	-1.262251730840155	-1.0418517009743451e-09	2
6283185.307179586	3765.0150150150153	2	-0.6090468312410755	7.490533527130956e-10	0
6283185.307179586	738.7387387387388	3	-0.43242733292381996	-6.311827314074092e-10	0
6283185.307179586	1928.3783783783783	3	-1.2257866327020506	-1.4751197892037231e-09	0
6283185.307179586	2102.3023023023025	3	-1.1174037672659725	-1.574267040377134e-09	0
6283185.307179586	2088.388388388388	3	-0.30337855945733927	-1.4706857607665734e-09	0
6283185.307179586	1573.5735735735736	3	1.4543549715035806	1.7959594656496855e-09	1
6283185.307179586	3472.822822822823	2	0.8545696483901781	-5.299881953291745e-10	1
6283185.307179586	2067.5175175175173	1	0.6173637953746445	-1.8967536663342574e-09	0
6283185.307179586	2631.031031031031	2	0.0014631168671386252	4.823736076874876e-10	0
6283185.307179586	2804.954954954955	1	0.659004018516216	1.9236680678779663e-09	0
6283185.307179586	2909.3093093093094	3	0.3699300338317262	2.38605883636588e-11	1
6283185.307179586	1830.980980980981	3	-1.015378378569408	8.17197554659621e-10	2
6283185.307179586	1204.854854854855	1	-1.5644046345792602	6.287849916557514e-10	1
6283185.307179586	780.4804804804805	2	-1.3057075810737593	1.1831354502541408e-09	2
6283185.307179586	1803.1531531531532	1	-1.5571115040588244	-8.350507691359224e-10	1
6283185.307179586	2533.6336336336335	1	1.4036176291633575	1.872756431254975e-09	2
6283185.307179586	1197.897897897898	1	0.37836841250683895	8.659061351072289e-10	0
6283185.307179586	2491.891891891892	3	0.7092603449194499	-1.7873407380910282e-10	2
6283185.307179586	2867.5675675675675	1	0.9155092569455947	-1.7960425199862576e-09	0
6283185.307179586	2074.474474474475	2	-1.036587625913652	-9.071436132351546e-10	0
6283185.307179586	1274.4244244244244	3	-0.3102940125429898	1.5620668141359029e-09	0
6283185.307179586	1928.3783783783783	3	-1.443461520222824	-1.1837336129043088e-09	2
6283185.307179586	2825.825825825826	3	0.7554677525542788	5.200265534218175e-10	1
6283185.307179586	606.5565565565565	2	-0.23031245011268542	2.0637191255568494e-10	2
6283185.307179586	2721.4714714714714	2	0.9469748530539999	-1.6174406841505928e-09	0
6283185.307179586	1218.7687687687687	3	0.21477932850017867	-1.885267968893189e-09	0
6283185.307179586	2157.957957957958	3	0.3060556689315699	8.199589669528799e-10	0
6283185.307179586	933.5335335335336	3	-0.3633169386691797	-7.128631247657661e-10	0
6283185.307179586	1281.3813813813815	3	1.5527817075602686	4.293448074402617e-10	1
6283185.307179586	2443.193193193193	2	-1.3040488434570277	5.31758326699092e-10	2
6283185.307179586	1796.1961961961963	1	1.0279531266332116	1.3342293108731486e-09	0
6283185.307179586	1921.4214214214214	2	-0.030238697977184925	-1.6830544390902362e-09	0
6283185.307179586	1253.5535535535537	1	-0.9158908880579847	1.1419548588573293e-10	1
6283185.307179586	1476.176176176176	1	-0.6921523764387282	2.9927165143072555e-10	2
6283185.307179586	863.963963963964	2	-0.09862558019846057	-1.7932333161537344e-09	0
6283185.307179586	1963.1631631631633	2	1.2534814914906693	-1.4827326802004098e-09	0
6283185.307179586	1712.7127127127128	1	0.07217259002564314	-1.9837790710992624e-09	0
6283185.307179586	1100.5005005005005	1	0.614629298115339	-8.212727780141378e-11	2
6283185.307179586	2220.5705705705705	2	-0.6323645329533761	1.972115736014928e-09	0
6283185.307179586	1337.0370370370372	1	0.6418498804050796	-1.373113336671489e-09	0
6283185.307179586	1677.927927927928	1	0.34442997902010863	-8.710593185278755e-10	0
6283185.307179586	683.0830830830831	2	-0.26760992558846586	-1.6322402544880279e-09	0
6283185.307179586	613.5135135135135	2	0.5389769450550546	2.4894871245590368e-11	1
6283185.307179586	1935.3353353353355	2	0.903119528266112	6.775758679100244e-10	1
6283185.307179586	1601.4014014014015	2	-0.1129919354944513	-1.8265927900042019e-09	0
6283185.307179586	3194.544544544545	3	1.0577297675721855	-7.92687481907219e-10	0
6283185.307179586	836.1361361361362	3	-1.4625947490564022	-1.7704069571053604e-09	2
6283185.307179586	1837.937937937938	2	-1.5104009770632174	1.7860886179755719e-09	2
6283185.307179586	1580.5305305305305	3	0.44166781284401013	1.0519440499581674e-10	1
6283185.307179586	1782.2822822822823	3	1.0049790753586936	1.8102441002957938e-09	0
6283185.307179586	1246.5965965965966	3	-0.3980847546789408	-7.958755664210458e-10	0
6283185.307179586	3291.941941941942	3	0.39752604058426844	6.865340378110368e-10	0
6283185.307179586	773.5235235235235	1	-1.1544388810580193	-1.6233076005414395e-09	1
6283185.307179586	1594.4444444444446	2	-0.09890289644067862	-1.687187617857021e-09	0
6283185.307179586	1817.0670670670672	1	0.9431923637861654	1.1025653246315779e-11	2
6283185.307179586	1267.4674674674675	3	1.127750002335663	5.951194905778997e-10	2
6283185.307179586	1448.3483483483483	2	-1.5571150696146459	-6.316174440461863e-10	2
6283185.307179586	2178.828828828829	2	0.3895200291973413	-1.313793073620011e-09	0
6283185.307179586	1177.027027027027	1	1.504668838313377	-5.375038431991992e-11	2
6283185.307179586	829.1791791791792	3	-1.0767540230137156	1.3914826203569846e-09	2
6283185.307179586	1093.5435435435436	1	-1.533023310394694	-1.5499377700772557e-09	2
6283185.307179586	1768.3683683683685	3	-1.0618037328026908	-4.926396537775771e-10	2
6283185.307179586	1371.821821821822	3	-1.2924014987316665	1.4241608950034309e-09	2
6283185.307179586	1914.4644644644645	3	1.2030669646844019	-9.586271564285077e-11	2
6283185.307179586	3264.1141141141143	2	-0.7116671875526299	-1.3909623179154758e-09	0
6283185.307179586	1726.6266266266266	1	0.2576773322997472	1.5991638747594642e-09	0
6283185.307179586	2651.901901901902	3	-0.29514368742678365	-9.138246452863502e-10	0
6283185.307179586	2081.4314314314315	1	-1.2524444851704635	4.2946280950327907e-10	1
6283185.307179586	989.1891891891892	3	0.311633643577665	-6.719178477203052e-10	0
6283185.307179586	2791.041041041041	1	-0.14134990629224298	1.8846492409612513e-09	0
6283185.307179586	2053.603603603604	2	-1.398764817218675	-9.654050152948259e-10	1
6283185.307179586	1281.3813813813815	2	-0.11779512088411503	-6.118293660605118e-10	0
6283185.307179586	829.1791791791792	3	-1.2247364569290657	1.8563358014954385e-09	2
6283185.307179586	390.8908908908909	2	1.0678629753399234	-1.289607118983407e-09	2
6283185.307179586	1984.034034034034	1	0.7933303727291667	1.952972974222345e-09	0
6283185.307179586	2345.795795795796	3	1.1986848248268234	1.0372134928620532e-09	1
6283185.307179586	1935.3353353353355	1	0.9772914598713949	-1.8933373206072325e-09	0
6283185.307179586	592.6426426426426	2	0.2919651976591957	-1.1311786038715194e-09	0
6283185.307179586	961.3613613613613	2	1.0642930704627962	-6.877372416952819e-10	1
6283185.307179586	1935.3353353353355	1	-0.003366560368875282	-1.945786344585211e-09	0
6283185.307179586	2304.054054054054	1	1.2890217496452063	-1.4094717515993387e-09	1
6283185.307179586	1559.6596596596596	1	-1.2767982670438314	4.954349589681575e-11	2
6283185.307179586	2860.610610610611	3	0.3621186328569863	1.6940627020119438e-09	0
6283185.307179586	1698.7987987987988	3	-0.8087472787352789	-1.5486870416285457e-09	0
6283185.307179586	1309.2092092092093	1	-1.4437977731208247	-1.459701240798379e-09	1
6283185.307179586	1538.788788788789	1	0.9996660797624357	4.127504298317497e-10	2
6283185.307179586	1128.3283283283283	1	1.3654021057937333	4.3983357384938683e-10	2
6283185.307179586	857.007007007007	1	-0.5981923800943616	4.910853826213493e-10	0
6283185.307179586	1990.9909909909911	1	0.7650581127042679	1.7085493080126364e-09	0
6283185.307179586	2046.6466466466468	3	-0.05894986002080049	-1.2426856139529186e-09	0
6283185.307179586	703.9539539539539	1	-0.42235730920920966	1.384955676999042e-09	0
6283185.307179586	1545.7457457457458	2	1.0397741252243904	-1.6502087980159447e-09	0
6283185.307179586	2151.001001001001	2	-0.13576376460136008	4.3485619259254914e-10	1
6283185.307179586	1636.1861861861862	2	-0.9246433272211184	-1.4391601983522702e-09	0
6283185.307179586	655.2552552552553	3	-0.917791486169046	7.190969636714071e-10	2
6283185.307179586	1267.4674674674675	3	0.612321889799126	1.8119620451795523e-10	2
6283185.307179586	1858.8088088088089	2	-1.50213001514921	-4.338899424986477e-10	1
6283185.307179586	815.2652652652653	1	-0.13250259204120796	-7.424658957971974e-10	2
6283185.307179586	1601.4014014014015	3	-1.405557774235039	-7.14245829953811e-10	2
6283185.307179586	1900.5505505505505	3	-0.4590616860858747	9.840711170797322e-10	0
6283185.307179586	1044.8448448448448	2	0.9028498854757125	-1.2034034397750774e-09	0
6283185.307179586	1810.11011011011	2	0.02285458812101604	1.6269386701077273e-09	0
6283185.307179586	1490.0900900900901	3	0.38962458396358546	6.160771631401538e-10	1
6283185.307179586	2394.4944944944946	2	-1.5438321510395014	-1.902446769138744e-09	1
6283185.307179586	1997.947947947948	2	-1.3876372286976089	1.736751947247588e-09	2
6283185.307179586	1629.2292292292293	3	0.3438071087603334	7.593941480272237e-10	0
6283185.307179586	1246.5965965965966	3	-0.7249311418636978	9.259255314291035e-10	0
6283185.307179586	1497.047047047047	1	0.7139205695036024	1.5330408409824275e-09	0
6283185.307179586	2074.474474474475	3	-0.7233098411434508	1.8970671096793303e-10	2
6283185.307179586	349.14914914914914	3	0.70783471551078	1.1298702982872312e-09	2
6283185.307179586	2589.289289289289	3	0.7085126307119292	4.34313363260442e-10	2
6283185.307179586	1803.1531531531532	3	0.5890521933434973	-9.034335158179868e-10	0
6283185.307179586	2046.6466466466468	2	-0.4495130636868929	-7.896664008922271e-11	1
6283185.307179586	2088.388388388388	1	-1.4802166179649683	-3.52347287751415e-10	1
6283185.307179586	3493.6936936936936	2	-1.2986160379133764	1.3870619225522309e-09	0
6283185.307179586	1907.5075075075076	1	0.7724936482323637	1.7818214797210482e-09	0
6283185.307179586	1768.3683683683685	3	-1.2242727055502516	-1.388405863453622e-09	0
6283185.307179586	1580.5305305305305	3	0.5882633846400349	-1.3450220607654351e-09	0
6283185.307179586	2234.4844844844847	3	-0.5677811923223168	1.1944833525248013e-09	0
6283185.307179586	2665.8158158158158	1	0.6085067373453446	-1.5939026513851756e-09	0
6283185.307179586	1684.884884884885	1	-0.3804805229386454	1.1874812125238095e-09	0
6283185.307179586	1371.821821821822	3	-1.4265510118331535	1.1301245374649e-09	2
6283185.307179586	1684.884884884885	1	1.350607838410728	-2.510799078625406e-10	2
6283185.307179586	2818.868868868869	1	1.1931485067312173	1.052096859084109e-09	0
6283185.307179586	1837.937937937938	1	-1.5101558989152792	-2.267094970816218e-10	1
6283185.307179586	1622.2722722722724	1	-1.106957057363131	-1.8231895908110157e-10	2
6283185.307179586	2533.6336336336335	3	-0.34570116959376507	-6.305022885888488e-10	0
6283185.307179586	1858.8088088088089	2	0.12641861597559534	-1.5772854751063924e-09	0
6283185.307179586	1288.3383383383384	2	-0.32176100806254593	1.0818516555317865e-09	0
6283185.307179586	397.84784784784785	3	1.0053895190762647	4.621170155396308e-10	2
6283185.307179586	1079.6296296296296	2	-1.5205159663241201	8.717560255433835e-10	2
6283185.307179586	1789.2392392392394	2	-0.3091630941930421	1.2161716553365496e-09	0
6283185.307179586	2304.054054054054	1	0.8057002986606183	-1.440288462752829e-09	0
6283185.307179586	1399.6496496496497	2	1.379143960870333	1.5531860997956414e-10	2
6283185.307179586	2102.3023023023025	1	-0.20751341823246117	-1.2036566289269164e-09	0
6283185.307179586	2241.4414414414414	3	0.5928069219415737	-7.270228155492569e-10	0
6283185.307179586	2693.643643643644	1	-1.33321072346836	-1.3369050983217066e-09	2
6283185.307179586	1580.5305305305305	2	-1.3809595332653597	1.6649939215973815e-10	1
6283185.307179586	1587.4874874874874	3	-1.36710087241815	1.8346297401813432e-09	1
6283185.307179586	1218.7687687687687	3	1.4575398730368332	5.948957499460897e-10	1
6283185.307179586	2429.2792792792793	2	-1.0652109315766705	-4.07240618795095e-10	2
6283185.307179586	2060.5605605605606	1	-0.9743209758969079	1.6970651645917794e-09	0
6283185.307179586	2039.6896896896897	3	-1.2594680575954977	-5.304018363731423e-10	2
6283185.307179586	1684.884884884885	1	1.4688984717861393	-5.062145492741261e-10	2
6283185.307179586	3319.76976976977	2	1.0679683679427865	9.904160949981079e-10	0
6283185.307179586	745.6956956956957	2	-0.8737550790516742	-1.838929179616682e-10	2
6283185.307179586	2116.2162162162163	1	0.5711103584450337	-1.08288854320899e-10	2
6283185.307179586	2366.6666666666665	1	0.4124184076757389	-1.2726639162452842e-09	0
6283185.307179586	2130.13013013013	2	0.26618401683191095	-5.734035126209671e-11	2
6283185.307179586	1483.1331331331332	3	0.7297976900976759	1.7252218695111137e-09	0
6283185.307179586	1942.2922922922924	2	-1.3717042051129857	6.18350414678132e-10	2
6283185.307179586	2060.5605605605606	3	0.9098399710871821	1.6664017137745673e-09	0
6283185.307179586	2944.094094094094	3	0.1438115482957265	-3.769185870167968e-10	0
6283185.307179586	1907.5075075075076	2	-1.3137861346665218	1.5421511978038781e-09	2
6283185.307179586	1343.993993993994	3	0.49802403818615026	1.138364350705515e-09	0
6283185.307179586	1504.004004004004	3	0.4848271407404652	8.014313069633778e-10	0
6283185.307179586	1357.9079079079079	2	-0.7185503124713228	-1.1804439642353976e-10	1
6283185.307179586	1295.2952952952953	1	0.26182303295962717	1.9642692559504334e-09	0
6283185.307179586	1504.004004004004	3	0.24326109039412147	3.338400771415836e-10	1
6283185.307179586	3305.855855855856	3	1.4610180804515114	-1.5799641434400566e-09	1
6283185.307179586	3055.4054054054054	2	-0.2985072139445044	4.3601382580709833e-10	0
6283185.307179586	1712.7127127127128	3	1.3390654682020218	-1.226689838675115e-09	2
6283185.307179586	1712.7127127127128	3	-1.371355510571808	1.8577140911945245e-09	1
6283185.307179586	1448.3483483483483	1	-1.2079551521270033	1.1069603637788134e-09	2
6283185.307179586	1705.755755755756	2	1.4412118539999916	5.124685852269537e-10	2
6283185.307179586	1747.4974974974975	3	-1.5245636896901618	1.6606401287221513e-09	2
6283185.307179586	1239.6396396396397	1	1.2796274627232398	4.457696317916215e-10	2
6283185.307179586	1086.5865865865867	3	-0.8494074566855858	-4.3921370850646064e-10	2
6283185.307179586	1350.950950950951	2	-0.6209179734630623	-7.011504068196009e-10	0
6283185.307179586	2311.011011011011	3	1.2067845539074815	-1.7100971199297193e-09	0
6283185.307179586	2477.977977977978	1	-1.073359890765145	1.102699468920664e-10	1
6283185.307179586	2220.5705705705705	2	1.1118295206970181	1.0727996805526808e-09	0
6283185.307179586	662.2122122122122	1	-0.5287746696203386	-9.747721112077015e-10	2
6283185.307179586	1510.960960960961	1	-1.2973837917711506	-1.2567613175556947e-09	2
6283185.307179586	905.7057057057058	3	0.1955333799149297	-1.762362371010587e-10	2
6283185.307179586	1963.1631631631633	1	0.9899497047068837	8.801101905458726e-10	0
6283185.307179586	2164.914914914915	3	1.017710521139486	6.622647001317852e-10	2
6283185.307179586	759.6096096096096	1	-0.09428591837216604	-1.5545152904419023e-11	2
6283185.307179586	905.7057057057058	3	-0.8366514005413209	1.909744500154884e-09	0
6283185.307179586	1705.755755755756	3	-0.6992781215583254	1.7428001750960591e-09	0
6283185.307179586	1086.5865865865867	2	-1.2673328040174368	1.9909797090031632e-10	1
6283185.307179586	2046.6466466466468	1	-0.48715036799061284	-1.5766946222170525e-09	0
6283185.307179586	898.7487487487488	3	0.3947007070507773	3.928949404183482e-10	2
6283185.307179586	2199.6996996997	3	-1.4715519124048264	-1.920746090956181e-09	1
6283185.307179586	2199.6996996997	3	-1.1495900290184289	-1.159651578466439e-09	0
6283185.307179586	766.5665665665666	3	-1.4556515461162662	-1.4243091790342312e-10	2
6283185.307179586	1810.11011011011	2	0.24505439625845615	1.193988689669824e-09	0
6283185.307179586	787.4374374374374	2	0.5514405523686592	6.417649406555867e-10	2
6283185.307179586	905.7057057057058	3	1.2642445979836996	1.4651201404826117e-09	1
6283185.307179586	1065.7157157157158	2	-0.7403889043169712	-1.4164002245051097e-09	0
6283185.307179586	1643.143143143143	2	0.12324728215426983	-9.753178259257065e-10	0
6283185.307179586	2199.6996996997	1	0.5098816827262516	-1.7094291033890726e-09	0
6283185.307179586	3166.7167167167167	1	-0.6770443415586606	1.0770837951760193e-09	0
6283185.307179586	2352.7527527527527	3	-1.2024813192278496	1.4737883737405952e-09	0
6283185.307179586	850.0500500500501	3	1.0430230319826874	-1.2733722008803561e-09	0
6283185.307179586	3319.76976976977	3	-1.354111999237837	-1.9938087324908506e-09	0
6283185.307179586	1079.6296296296296	3	1.3902527090319694	2.8458798099900944e-12	1
6283185.307179586	1726.6266266266266	1	0.8054285467051687	1.02174275346638e-09	0
6283185.307179586	1448.3483483483483	1	0.9052847126589003	4.86489200945181e-10	2
6283185.307179586	1990.9909909909911	1	0.2839504261178385	6.351974705624681e-10	0
6283185.307179586	2178.828828828829	1	-0.8171257413208641	5.808805065775788e-10	1
6283185.307179586	1545.7457457457458	2	-1.028326492113553	-1.7486655829085983e-09	0
6283185.307179586	801.3513513513514	2	-0.10298652294349742	7.543073912455671e-11	1
6283185.307179586	2568.4184184184187	1	-0.9588570698503462	3.69182258062393e-10	1
6283185.307179586	1121.3713713713714	3	1.4050367866566655	-1.1940524635756952e-09	1
6283185.307179586	1385.7357357357357	1	0.7949746335048045	1.026493016446665e-09	0
6283185.307179586	1754.4544544544544	2	-1.5196860714100229	-1.0237375794744491e-09	1
6283185.307179586	1204.854854854855	3	0.9732265555590267	-1.0089486568044559e-09	0
6283185.307179586	1183.983983983984	1	-0.867533681442422	-1.0057633509645384e-09	0
6283185.307179586	2255.3553553553556	1	0.2709555997761568	-1.8620096475269766e-09	0
6283185.307179586	1573.5735735735736	2	0.8231012058458904	-5.035383120682756e-10	1
6283185.307179586	4154.604604604605	2	-0.1920723786880063	-1.2180567338686864e-09	0
6283185.307179586	2123.1731731731734	1	0.13907208112264846	-1.801043114927806e-10	2
6283185.307179586	2964.964964964965	2	1.287470574299462	-2.704964714114051e-10	2
6283185.307179586	724.8248248248249	3	-0.9858922778107827	-9.461082536685086e-10	0
6283185.307179586	2164.914914914915	2	-0.45839481743039	1.996659579384807e-09	0
6283185.307179586	1782.2822822822823	3	-1.1864103355811555	-3.6398413209164117e-10	2
6283185.307179586	1065.7157157157158	2	0.27339931872493506	8.176287325703696e-10	0
6283185.307179586	1622.2722722722724	2	0.3853301107463911	6.600794278485733e-10	0
6283185.307179586	2157.957957957958	2	1.4920088171011852	1.7856870073619796e-09	1
6283185.307179586	1156.1561561561562	3	-1.086465044298777	-5.054720547669818e-10	2
6283185.307179586	1302.2522522522522	2	1.3365496266030563	-1.0719021468089993e-09	1
6283185.307179586	1677.927927927928	2	0.5845495013217943	1.5942282438045116e-09	0
6283185.307179586	620.4704704704704	1	-1.3999109057192167	5.989650632933472e-10	2
6283185.307179586	2777.127127127127	1	-0.7183832797455627	2.2319796735994727e-10	2
6283185.307179586	1587.4874874874874	1	-0.3905236770805556	-1.226050385887838e-09	0
6283185.307179586	1824.0240240240241	1	-0.7083550836583116	6.743920485674729e-10	0
6283185.307179586	2825.825825825826	1	0.1447228950940942	-9.260906849083193e-10	0
6283185.307179586	1538.788788788789	2	-0.3798561870537289	-1.171728654397422e-09	0
6283185.307179586	3542.3923923923926	3	1.230812948730537	3.8651479059639865e-10	2
6283185.307179586	1935.3353353353355	3	0.21536788744189717	-8.840771526797406e-10	0
6283185.307179586	1260.5105105105106	3	-0.04349007068175248	1.4162831831632682e-09	0
6283185.307179586	2505.805805805806	3	1.3875750449798505	-1.0753929038702702e-09	2
6283185.307179586	975.2752752752752	3	0.8586113556137964	2.440345897753245e-10	2
6283185.307179586	1559.6596596596596	2	0.4932108443964349	2.3430192424087e-10	1
6283185.307179586	1580.5305305305305	3	0.8273627885777137	1.0014881106472598e-09	0
6283185.307179586	1740.5405405405406	3	0.04383602253176333	-1.6030341194252533e-09	0
6283185.307179586	1782.2822822822823	3	-1.3073152624820066	-3.578320100747145e-10	2
6283185.307179586	1100.5005005005005	2	0.9669837580087108	-2.4774253934156936e-10	1
6283185.307179586	1455.3053053053054	3	-0.8155452756189449	-7.50131213404711e-10	0
6283185.307179586	3389.3393393393394	2	0.6780804646613903	-1.9940590395120973e-09	0
6283185.307179586	1469.2192192192192	1	0.7844426292134767	-1.742838194321633e-09	0
6283185.307179586	829.1791791791792	2	-1.5020191725014225	1.8796775693228302e-09	1
6283185.307179586	2846.6966966966966	1	-0.1992214316314771	1.4696891707241837e-09	0
6283185.307179586	1601.4014014014015	2	0.984516715273763	-8.958111183473193e-10	0
6283185.307179586	3375.4254254254256	3	0.949079137290552	1.3055259873526116e-09	0
6283185.307179586	1573.5735735735736	3	0.4974051631010652	1.3179999809910324e-09	0
6283185.307179586	1935.3353353353355	3	0.5065705689392268	2.637386614638028e-10	2
6283185.307179586	2672.772772772773	2	-0.4737322524754475	-4.936487732884577e-11	1
6283185.307179586	2464.064064064064	3	0.7922437991807385	2.501502711088027e-10	1
6283185.307179586	307.4074074074074	1	1.5631774694506988	-1.7114539625816826e-09	2
6283185.307179586	2046.6466466466468	3	-1.0309726021682912	6.865344282627778e-10	1
6283185.307179586	2797.997997997998	2	-0.7772086209503855	-1.965023771711143e-09	0
6283185.307179586	1072.6726726726727	2	1.364158502106378	-1.7539238123154248e-09	2
6283185.307179586	1197.897897897898	3	0.11548643141562254	3.2743482093385046e-10	2
6283185.307179586	787.4374374374374	3	-0.7854414914030902	-1.3029579850856546e-09	0
6283185.307179586	300.4504504504505	2	0.6558093804548206	-5.98278813470369e-10	2
6283185.307179586	2596.2462462462463	2	0.29704187832229123	3.0294982911250793e-10	1
6283185.307179586	1726.6266266266266	2	-0.25970462359991076	1.1701160251018822e-10	2
6283185.307179586	495.24524524524526	1	-0.9488328450408126	6.952861130750562e-10	0
6283185.307179586	509.1591591591592	2	1.2095814043211903	-4.716386314080125e-10	1
6283185.307179586	418.7187187187187	1	-1.4568737576650574	1.930145992182639e-09	2
6283185.307179586	1650.1001001001002	3	-0.8470541531573991	4.737255324673138e-10	1
6283185.307179586	1538.788788788789	2	-0.7361774577094596	-6.805193158269045e-10	0
6283185.307179586	3069.319319319319	1	0.16798385083521516	-7.978677528302917e-10	0
6283185.307179586	1295.2952952952953	2	-1.0613731560002808	-7.636110482990955e-10	2
6283185.307179586	1935.3353353353355	1	-0.4929533925648475	-1.6976969563593036e-10	1
6283185.307179586	1504.004004004004	1	1.109735331461081	4.84926489229323e-10	2
6283185.307179586	1357.9079079079079	2	0.8541282497082867	1.831325630000791e-09	0
6283185.307179586	1030.930930930931	3	-1.5212574014288887	-1.2484079649655349e-09	2
6283185.307179586	2178.828828828829	1	1.0349323061793703	-1.520287441200988e-09	0
6283185.307179586	1072.6726726726727	3	-0.20839595119763366	1.840215335618359e-09	0
6283185.307179586	2477.977977977978	2	-0.46362301519839355	-1.4968636513208123e-09	0
6283185.307179586	474.3743743743744	2	1.3188440051979882	1.8645096244572567e-09	2
6283185.307179586	947.4474474474474	3	1.2754069684625766	-1.4324046591189507e-09	2
6283185.307179586	2220.5705705705705	3	-1.2509310653131809	1.8652332412579475e-09	0
6283185.307179586	857.007007007007	1	1.372250246863266	-3.7579729911166867e-10	2
6283185.307179586	1775.3253253253254	3	-0.7815400205625183	-6.508466540391788e-10	0
6283185.307179586	1984.034034034034	1	-1.4496487451582059	1.6399085108902214e-09	1
6283185.307179586	2338.838838838839	1	1.211386668303441	-1.947707602741465e-10	2
6283185.307179586	1420.5205205205204	1	0.7231120036334096	1.360369870117707e-09	0
6283185.307179586	1775.3253253253254	2	-0.4119903609110931	-3.7231638718885177e-10	2
6283185.307179586	1364.864864864865	3	-0.7531406248143907	-7.388621603968475e-10	0
6283185.307179586	1601.4014014014015	2	-0.000834389970904903	1.539388541883284e-09	0
6283185.307179586	2366.6666666666665	1	0.9583190120545244	-5.196074789301659e-10	1
6283185.307179586	1949.2492492492493	2	-0.187761451291383	-2.797312851206067e-10	1
6283185.307179586	1469.2192192192192	1	0.8168306410279347	4.159114736235083e-10	2
6283185.307179586	1510.960960960961	3	-1.5193626781060667	-1.8372246142927483e-09	2
6283185.307179586	2825.825825825826	1	-0.4244501074703695	-1.1869829134050248e-10	2
6283185.307179586	1023.973973973974	3	-0.07076177868038669	-1.2163112467406291e-09	0
6283185.307179586	1378.7787787787788	2	-1.4607493035630705	1.9982887515589308e-09	2
6283185.307179586	1879.6796796796798	1	1.0136773059433017	-8.010443937873385e-10	1
6283185.307179586	1274.4244244244244	2	0.9198153248218666	-1.5291611616033315e-09	0
6283185.307179586	2596.2462462462463	1	-1.5282089936638292	-1.3517930204096791e-09	1
6283185.307179586	2519.7197197197197	2	1.1612922055982726	-1.3238609497515862e-09	0
6283185.307179586	961.3613613613613	1	-1.2825805229600786	-1.0334516298425456e-09	1
6283185.307179586	3076.2762762762763	1	1.1701571819876695	1.1411616310718853e-09	0
6283185.307179586	1510.960960960961	3	-0.1789510208796845	-4.168370488270627e-13	2
6283185.307179586	1691.8418418418419	3	-1.0684675514761874	-1.4313586242826577e-10	2
6283185.307179586	2603.2032032032034	2	1.090395141469037	5.323852392487748e-10	2
6283185.307179586	1921.4214214214214	2	-1.4396978025238238	1.8268333056829308e-09	2
6283185.307179586	1559.6596596596596	1	0.7604902948537431	-1.2026701619894627e-10	2
6283185.307179586	1747.4974974974975	3	-0.814774769947127	1.2316316292810595e-09	0
6283185.307179586	1427.4774774774776	2	0.6958797502863665	-1.1581026623892225e-09	0
6283185.307179586	766.5665665665666	1	0.8321429086017074	8.887916706221759e-10	0
6283185.307179586	752.6526526526527	1	-1.4657091681003076	-1.0630510925341704e-09	2
6283185.307179586	502.2022022022022	3	0.6119610385277836	-3.599674248167135e-10	0
6283185.307179586	2227.5275275275276	1	-0.2721895955808804	-1.4223241637665516e-09	0
6283185.307179586	1051.801801801802	3	-1.4132019768760753	-4.51286791036528e-10	2
6283185.307179586	1817.0670670670672	2	-0.49311708576273316	5.79570266453275e-10	0
6283185.307179586	2338.838838838839	2	-1.1460267315979846	-6.899379790798386e-10	2
6283185.307179586	1100.5005005005005	1	1.1407544474362483	4.2039226321129564e-10	2
6283185.307179586	2199.6996996997	3	0.8153587999922265	-6.413623137159905e-10	0
6283185.307179586	2777.127127127127	1	-0.9591893127802493	-1.9199593438206195e-09	0
6283185.307179586	2749.2992992992995	2	-0.3001188832961368	-6.720513656135827e-10	0
6283185.307179586	1719.6696696696697	2	0.10609372126582883	-1.3186220170923808e-09	0
6283185.307179586	752.6526526526527	2	-0.5428498443325049	1.3418901271691346e-10	2
6283185.307179586	2290.1401401401404	1	-0.7003182584572086	1.7801380827363864e-09	0
6283185.307179586	919.6196196196197	3	-0.9792301729872478	-7.448885065389091e-10	1
6283185.307179586	1879.6796796796798	3	-0.0747442772082223	-1.4604593640452244e-09	0
6283185.307179586	1650.1001001001002	3	-0.7441801451830407	1.733372591252458e-09	0
6283185.307179586	1761.4114114114116	1	-1.3880470199959605	7.264970500816103e-10	2
6283185.307179586	3709.3593593593596	1	-1.2134758219748885	-5.57750448658993e-10	2
6283185.307179586	1935.3353353353355	1	-1.5323848640848425	9.86043332201179e-10	2
6283185.307179586	1128.3283283283283	2	-0.10279312272696872	-5.247859285798246e-10	2
6283185.307179586	2735.3853853853852	3	0.9942218081451015	-1.8518708292996042e-09	0
6283185.307179586	1149.1991991991993	3	-0.4364947847974574	-1.676461996010598e-09	0
6283185.307179586	1726.6266266266266	2	1.5318335923110773	-1.68358821985343e-10	1
6283185.307179586	1455.3053053053054	3	-0.6483842329553888	-2.4296211921958827e-10	2
6283185.307179586	3020.6206206206207	1	0.7129240023475587	1.298647108315551e-09	0
6283185.307179586	1330.08008008008	1	-0.5529512328659336	-6.550630415507857e-10	2
6283185.307179586	2686.6866866866867	1	-0.9249336265891305	-1.0594453510084716e-10	2
6283185.307179586	2512.762762762763	2	-1.0730552294543623	-1.8240156028407656e-09	0
6283185.307179586	3097.1471471471473	3	-0.8850843694484011	3.424798984397895e-10	2
6283185.307179586	1796.1961961961963	1	-0.9528767672279541	1.9568627653972014e-09	0
6283185.307179586	2317.967967967968	1	-0.33021251972063337	1.034808375506706e-09	0
6283185.307179586	1803.1531531531532	1	-1.4065334981262365	1.868243193849338e-09	2
6283185.307179586	1622.2722722722724	3	-0.9377523184590986	1.9073341107116104e-09	0
6283185.307179586	1970.1201201201202	3	-0.6816173820771247	4.093926801761985e-10	1
6283185.307179586	1490.0900900900901	2	0.7583028232499922	-9.192579069365393e-10	0
6283185.307179586	2220.5705705705705	2	0.21259926171987487	6.605617954847612e-10	0
6283185.307179586	2144.0440440440443	1	-0.47571997230143537	7.676343414977561e-10	0
6283185.307179586	1719.6696696696697	1	-0.3870528514980933	-3.2523772209371137e-11	1
6283185.307179586	1622.2722722722724	3	0.3209437703211415	2.717439260947278e-10	2
6283185.307179586	1267.4674674674675	3	-1.4296386559777876	-1.690940489193523e-09	2
6283185.307179586	1670.970970970971	2	1.1452979763869569	-1.7452836043228729e-09	0
6283185.307179586	2324.924924924925	2	-0.09308807209528003	-1.5871448077411437e-09	0
6283185.307179586	3013.6636636636636	2	0.9263048896694288	-1.300025140967859e-09	0
6283185.307179586	2853.6536536536537	3	-1.0158912103235027	5.742828847269491e-10	2
6283185.307179586	2964.964964964965	2	-0.4693101835321998	7.538442668378194e-12	1
6283185.307179586	2498.848848848849	3	0.8019986007569804	-4.248519824989581e-10	2
6283185.307179586	1232.6826826826828	3	1.132065644898098	-1.2051329306654043e-09	0
6283185.307179586	641.3413413413414	1	-0.4063148313305338	7.93291627552772e-10	0
6283185.307179586	1670.970970970971	3	0.9995110155223594	-1.4248160145838204e-09	0
6283185.307179586	1490.0900900900901	3	1.22420422038208	7.282471184286375e-10	1
6283185.307179586	2547.5475475475478	2	-1.147199518183017	1.525171744007881e-09	0
6283185.307179586	2192.742742742743	2	-1.528106765467425	-1.9817066269345152e-09	1
6283185.307179586	1385.7357357357357	2	-0.841877329792484	1.2961138509672181e-09	0
6283185.307179586	2164.914914914915	3	0.8978647405090245	2.7408785661263523e-10	1
6283185.307179586	2053.603603603604	1	0.9160731761150926	-1.2588512979225264e-10	2
6283185.307179586	2387.5375375375374	3	0.07861627774403601	-1.6717806694925585e-09	0
6283185.307179586	1810.11011011011	1	0.14905432105869187	1.9049709534986578e-09	0
6283185.307179586	766.5665665665666	1	-0.32713535970661933	1.1371854827301688e-09	0
6283185.307179586	481.33133133133134	1	0.4598481150713596	1.8501752850535793e-09	0
6283185.307179586	2491.891891891892	2	0.6738789629304907	5.523995234280079e-11	1
6283185.307179586	1712.7127127127128	3	0.16890095383586368	1.877981235749533e-09	0
6283185.307179586	1170.0700700700702	3	0.19699699919683655	1.6853127073408858e-09	0
6283185.307179586	2074.474474474475	2	-0.3381938384235519	1.5881178711065455e-09	0
6283185.307179586	2373.6236236236236	2	0.6838580028542633	1.5572649453555926e-09	0
6283185.307179586	2568.4184184184187	3	-0.35577563716920646	4.314835327435286e-10	1
6283185.307179586	2032.7327327327328	2	1.2459203325941144	1.378336378867953e-09	0
6283185.307179586	2422.322322322322	1	-0.5297233859693193	-9.670398574428704e-10	0
6283185.307179586	787.4374374374374	1	-0.31978061154766557	2.0292845170648908e-10	2
6283185.307179586	1524.8748748748749	3	-0.34939976509190696	1.5797145495313487e-09	0
6283185.307179586	1670.970970970971	3	-0.1251364688794374	-1.457293969505571e-09	0
6283185.307179586	1615.3153153153153	3	-0.5752549300432369	8.723248115391654e-10	0
6283185.307179586	1977.077077077077	3	-0.43946090684176564	1.395526445421677e-09	0
6283185.307179586	954.4044044044044	1	-0.07853677351749688	-1.1431749020726774e-10	2
6283185.307179586	648.2982982982983	2	0.1092382352631398	-1.3728206417309559e-09	0
6283185.307179586	2763.2132132132133	2	0.6758090615390673	-1.6516316199066448e-09	0
6283185.307179586	2999.7497497497498	1	0.6822619410584894	8.20554416640666e-10	0
6283185.307179586	2199.6996996997	1	-1.1672873272371882	-3.1085251682540476e-10	1
6283185.307179586	703.9539539539539	2	-0.35295158935224613	8.876875832166062e-11	1
6283185.307179586	2909.3093093093094	2	-0.09002229723332822	-1.118610588211897e-09	0
6283185.307179586	1810.11011011011	3	0.3774941465791164	4.2184643537633956e-10	1
6283185.307179586	843.0930930930931	3	-0.2225040295013585	-1.1930594092375056e-09	0
6283185.307179586	2317.967967967968	3	-0.7526203719261504	-1.5458069015118513e-09	0
6283185.307179586	3424.124124124124	3	-0.27207090975050274	-5.8010299737074006e-11	2
6283185.307179586	1476.176176176176	3	1.5465172631474577	-8.86638993976824e-10	1
6283185.307179586	1385.7357357357357	1	-1.179047292987677	1.7807134714244142e-09	0
6283185.307179586	2018.818818818819	3	0.6224057781121028	8.998283646824609e-10	0
6283185.307179586	1476.176176176176	2	0.569113254025249	-1.7337607515805993e-09	0
6283185.307179586	1190.940940940941	3	0.8042581092220416	-1.3092186154100867e-09	0
6283185.307179586	1406.6066066066066	2	-0.08620966925782358	1.0759490350675188e-09	0
6283185.307179586	1030.930930930931	2	-0.5911205323635416	6.104180637069707e-10	2
6283185.307179586	2923.223223223223	3	0.5075240073390637	-1.7959185739915704e-09	0
6283185.307179586	2916.2662662662665	2	-1.537314438208731	1.028804567940665e-09	2
6283185.307179586	870.9209209209209	3	-0.18641722753081535	-1.7531752585041674e-10	2
6283185.307179586	1928.3783783783783	2	0.9824897172437592	-1.385970453579236e-09	0
6283185.307179586	1559.6596596596596	2	-0.4682884508475087	4.4564682969291225e-10	2
6283185.307179586	1197.897897897898	1	0.3262094656402963	1.276542951698196e-09	0
6283185.307179586	2283.1831831831832	2	1.3825452896956087	1.2963762080126848e-10	1
6283185.307179586	3493.6936936936936	1	-1.0903366986215857	2.608032460873662e-11	2
6283185.307179586	2060.5605605605606	3	1.556713501742875	1.123834351458008e-09	1
6283185.307179586	2825.825825825826	3	-1.4494511712247884	2.984045522925562e-10	2
6283185.307179586	3006.706706706707	3	-0.5973970691013771	-5.3636946689222515e-11	2
6283185.307179586	2185.7857857857857	2	0.2628026696672392	-1.664403896166494e-09	0
6283185.307179586	1072.6726726726727	3	1.082596370906408	6.31177194388828e-10	1
6283185.307179586	1469.2192192192192	2	-1.1430866999045497	-1.0477003642742755e-09	1
6283185.307179586	1469.2192192192192	3	1.1354078021278475	-5.850987515229948e-10	2
6283185.307179586	1552.7027027027027	2	0.5330175329795694	5.820039719836692e-10	0
6283185.307179586	495.24524524524526	1	1.4089351794205212	1.1859828573338476e-09	2
6283185.307179586	1698.7987987987988	2	-0.6129837923252979	1.4802677483190871e-09	0
6283185.307179586	3465.865865865866	2	-0.8729902621122837	-1.6290839042092396e-09	0
6283185.307179586	710.910910910911	2	0.3916935687260472	1.1348379323456355e-09	0
6283185.307179586	2853.6536536536537	1	0.5495290513449294	8.973700607556969e-10	0
6283185.307179586	2846.6966966966966	3	-0.053747404385155795	-1.6123878146129847e-09	0
6283185.307179586	1204.854854854855	3	-1.229119808036483	-7.185909398859946e-10	2
6283185.307179586	3034.5345345345345	2	-0.7659940850119376	1.4973737158394112e-09	0
6283185.307179586	683.0830830830831	2	-0.8376273946842311	1.7167362417878349e-09	0
6283185.307179586	1712.7127127127128	1	-0.020055957433423366	3.511703382477072e-10	1
6283185.307179586	1434.4344344344345	2	0.11017849948818426	8.097373704268209e-10	0
6283185.307179586	1177.027027027027	1	-0.6892003128741226	-8.959492022976382e-10	0
6283185.307179586	1510.960960960961	1	0.8946767036219279	2.790275629100362e-10	2
6283185.307179586	1441.3913913913914	2	-1.4131320837151493	-1.3493677287878901e-09	2
6283185.307179586	745.6956956956957	2	0.012355948572338571	-1.487796058657299e-09	0
6283185.307179586	2450.1501501501502	3	0.5327101631765059	-1.905749484193905e-09	0
6283185.307179586	1538.788788788789	3	-0.9600932436175252	-1.2752810370649757e-09	0
6283185.307179586	1824.0240240240241	2	1.245307318304345	2.486450406400883e-10	1
6283185.307179586	585.6856856856857	3	1.1038221843325888	-1.759390112116813e-09	0
6283185.307179586	1921.4214214214214	3	-0.6627118628809899	1.5960293634035157e-10	2
6283185.307179586	1232.6826826826828	3	0.45332348029748326	1.122454743097944e-09	0
6283185.307179586	523.0730730730731	3	-0.14556166760929057	-4.901136398967552e-10	0
6283185.307179586	2443.193193193193	1	-1.0873637425035483	-1.408317748404281e-09	0
6283185.307179586	2443.193193193193	2	0.9278075947188356	-1.4576504388642435e-09	0
6283185.307179586	2317.967967967968	1	1.4777676211827142	1.2288814052871429e-09	2
6283185.307179586	2213.613613613614	1	-0.35171487126317014	3.7245200219433326e-10	1
6283185.307179586	1316.1661661661662	3	0.8759785735016079	1.1053809456310393e-09	0
6283185.307179586	1747.4974974974975	2	0.5798100936551549	-1.3756876238769134e-09	0
6283185.307179586	3688.4884884884887	2	1.018769576045972	-2.437618061225671e-10	2
6283185.307179586	655.2552552552553	3	0.3614984465860758	3.2309975410987766e-10	2
6283185.307179586	1907.5075075075076	1	0.5052154809550538	1.5409191135390944e-09	0
6283185.307179586	1775.3253253253254	3	0.32932111554613663	-7.665258809528255e-10	0
6283185.307179586	2860.610610610611	3	-0.38711460816812626	-1.2326485657099294e-09	0
6283185.307179586	196.0960960960961	3	0.9799784344298215	-3.5862145025509443e-10	0
6283185.307179586	1023.973973973974	2	-1.2031250648560565	1.9557000997478445e-10	1
6283185.307179586	2345.795795795796	1	0.17727462346714806	-7.313156343224115e-10	0
6283185.307179586	1316.1661661661662	1	1.308027846776584	-1.8596266965941034e-09	2
6283185.307179586	2846.6966966966966	3	0.8270786329703501	1.918727866307789e-09	0
6283185.307179586	1761.4114114114116	3	1.406097290775433	-2.0340111693387677e-10	2
6283185.307179586	1274.4244244244244	2	-0.9092337127632623	-7.648596394779306e-10	1
6283185.307179586	2241.4414414414414	2	0.6541762575951093	1.4568971085215925e-09	0
6283185.307179586	1239.6396396396397	2	0.22095402074001624	8.205537723728404e-10	0
6283185.307179586	1267.4674674674675	3	0.7495790420471806	2.6302533263138204e-10	1
6283185.307179586	2151.001001001001	3	1.5319210037741486	1.8457485688826823e-09	2
6283185.307179586	2067.5175175175173	2	-0.8090552226018957	-1.1832532392087475e-10	1
6283185.307179586	2067.5175175175173	1	-0.12776166299494163	-1.9114550772928864e-09	0
6283185.307179586	1970.1201201201202	2	-0.581972160069785	-1.2158301509349726e-09	0
6283185.307179586	2631.031031031031	3	-1.2744867012947196	1.8988490790380815e-09	0
6283185.307179586	2018.818818818819	3	1.2815932204807439	1.569671560814664e-09	1
6283185.307179586	1893.5935935935936	1	0.9603117629677556	-4.015749680792799e-10	2
6283185.307179586	370.02002002002	2	-0.35720932954069884	-3.210216673902772e-10	1
6283185.307179586	3062.3623623623625	1	1.2946933158126441	1.8251457151577095e-09	0
6283185.307179586	3006.706706706707	1	1.3575220285920575	1.9615278638067695e-09	0
6283185.307179586	3006.706706706707	2	0.28932645028948123	-7.522583309561483e-10	0
6283185.307179586	1037.887887887888	2	-0.03965869230099872	-1.1479350415059711e-09	0
6283185.307179586	1448.3483483483483	1	-0.08829560179824592	-2.531309751680358e-10	2
6283185.307179586	1677.927927927928	1	-0.4455893933454107	-1.4102083026320797e-09	0
6283185.307179586	1086.5865865865867	2	0.8444030140077188	8.659920594512735e-10	0
6283185.307179586	1128.3283283283283	3	1.036280302654116	-6.12500506555516e-10	2
6283185.307179586	2471.021021021021	1	0.6620521374166519	9.917070884151643e-11	2
6283185.307179586	1594.4444444444446	2	-1.2060581891821567	-8.029327859211497e-10	1
6283185.307179586	523.0730730730731	3	-0.9465471311251124	2.5457302773069527e-10	2
6283185.307179586	3291.941941941942	2	-0.3950298716924545	-1.8860003780129678e-09	0
6283185.307179586	1100.5005005005005	2	-1.1026586736917603	-7.018993234301795e-10	1
6283185.307179586	2457.1071071071074	2	1.1400815487353726	-8.595899858318169e-10	2
6283185.307179586	2394.4944944944946	3	1.430663375521473	-1.4355537893808849e-09	2
6283185.307179586	1455.3053053053054	1	1.4563231889768762	-1.7597965788808754e-09	2
6283185.307179586	530.03003003003	2	0.10622950543585219	1.4578904177308926e-09	0
6283185.307179586	1608.3583583583584	3	-1.4753327991645413	-7.799663321007775e-10	1
6283185.307179586	3333.6836836836837	2	-0.2786157222711836	1.2653973750469952e-09	0
6283185.307179586	1879.6796796796798	2	1.452063837222723	-1.7731348700782577e-09	1
6283185.307179586	1844.8948948948948	2	0.49160656009361636	-6.291219317253725e-10	0
6283185.307179586	1079.6296296296296	2	-0.7690801803679074	-6.190461861381293e-10	2
6283185.307179586	2304.054054054054	3	0.30809937755348304	-1.1030055170024395e-09	0
6283185.307179586	1364.864864864865	2	-0.4185522348260695	-1.1193792548469435e-09	0
6283185.307179586	2074.474474474475	2	1.2186307775805472	8.50781520081888e-10	1
6283185.307179586	1545.7457457457458	2	-1.0869203279112654	7.921486729237092e-10	2
6283185.307179586	2359.70970970971	2	-0.2883815556707161	7.985976894317356e-11	2
6283185.307179586	3097.1471471471473	2	-0.33298301815596854	1.3751805215966021e-09	0
6283185.307179586	2658.858858858859	1	0.9434441554903539	-1.2358061428626019e-09	0
6283185.307179586	634.3843843843844	2	0.10559084962602427	8.037382944746786e-10	0
6283185.307179586	2700.6006006006005	1	-1.09933694078072	1.1499926185564823e-09	0
6283185.307179586	2199.6996996997	2	-1.5100045333513572	1.1322970007430954e-09	2
6283185.307179586	1510.960960960961	2	0.5185707696492639	-4.0387545350992095e-10	1
6283185.307179586	759.6096096096096	3	-1.3618670025062911	-1.7981438850011895e-09	2
6283185.307179586	1566.6166166166167	2	-0.13576964594730234	3.458933118131348e-10	1
6283185.307179586	968.3183183183183	2	-1.4806331747137618	9.368006430018429e-10	1
6283185.307179586	2380.5805805805808	1	-1.1228207632119453	-6.748977041362307e-10	2
6283185.307179586	2338.838838838839	3	-0.7911479706062369	1.5915430491413698e-09	0
6283185.307179586	1768.3683683683685	3	-0.9747799135218101	1.2290560074867533e-09	0
6283185.307179586	2937.1371371371374	1	0.9855506850469786	5.622126696884585e-10	2
6283185.307179586	2338.838838838839	3	0.1513908928415686	-8.955536483039892e-10	0
6283185.307179586	2471.021021021021	2	1.2627970164400666	-1.1904097607863783e-09	1
6283185.307179586	2255.3553553553556	1	0.30899880024405557	-1.8446998850373464e-09	0
6283185.307179586	3055.4054054054054	3	0.2948534388252029	-1.778586787324756e-09	0
6283185.307179586	1051.801801801802	3	1.1356986732457885	-7.605974320669132e-10	2
6283185.307179586	1406.6066066066066	3	1.3205589872564474	-1.6895716291546285e-09	2
6283185.307179586	1378.7787787787788	1	0.2249103576489606	-1.4964438575795087e-09	0
6283185.307179586	2443.193193193193	2	1.3153394177978783	1.102065090873403e-09	1
6283185.307179586	1851.851851851852	2	0.1936978675079919	-6.465376155753516e-11	2
6283185.307179586	1670.970970970971	3	-0.6160928848457458	-1.119853100568435e-09	0
6283185.307179586	1392.6926926926926	2	0.027514294396374872	9.739001574394996e-10	0
6283185.307179586	2053.603603603604	1	1.3149722411730367	4.0037768305307755e-10	2
6283185.307179586	1963.1631631631633	3	0.9696635006250567	3.36396118469437e-10	2
6283185.307179586	710.910910910911	2	0.6098850813121821	-1.4261423893079843e-09	0
6283185.307179586	808.3083083083084	2	0.8287497165314863	-1.99425111354473e-09	0
6283185.307179586	2130.13013013013	3	-1.375277932378741	2.249933384305208e-10	2
6283185.307179586	1371.821821821822	3	1.4388719747986496	1.806789371707963e-10	1
6283185.307179586	2109.259259259259	1	-0.7820233662531368	1.176010018303173e-09	0
6283185.307179586	1928.3783783783783	1	-0.1631606431308139	-1.7019225519608075e-09	0
6283185.307179586	822.2222222222223	1	-0.2655262635476352	1.3576191173505516e-10	2
6283185.307179586	780.4804804804805	2	-0.2169615056284928	7.420924369026826e-10	0
6283185.307179586	467.4174174174174	2	-0.21593883809325765	1.536100584814066e-09	0
6283185.307179586	2811.911911911912	3	-0.8718846583875224	-6.691424072550065e-10	0
6283185.307179586	1733.5835835835837	3	-0.8122050692584828	4.2616470019845216e-10	1
6283185.307179586	648.2982982982983	3	0.6292674856399039	1.466332042048061e-10	2
6283185.307179586	2039.6896896896897	1	1.4599440165094038	-2.0350383531860846e-10	1
6283185.307179586	2199.6996996997	1	1.164512648715113	1.964327639624059e-09	0
6283185.307179586	1302.2522522522522	1	0.3536553555888502	1.287118900466501e-09	0
6283185.307179586	1253.5535535535537	2	0.947688218823445	1.9236924408415443e-09	0
6283185.307179586	1977.077077077077	2	-0.8774121074411286	-9.381052015587086e-10	0
6283185.307179586	1253.5535535535537	2	0.530805698388451	8.340709101953725e-10	0
6283185.307179586	1211.8118118118118	3	1.089627733943189	-6.329970866462471e-10	2
6283185.307179586	2213.613613613614	1	0.5560519078188246	1.3258311680012721e-09	0
6283185.307179586	1629.2292292292293	3	-0.24023444225814128	-1.6840672748210621e-09	0
6283185.307179586	1677.927927927928	1	-1.3726557091420133	1.0125146682830743e-09	2
6283185.307179586	1963.1631631631633	3	-0.7906009243741903	-4.648552549278087e-10	2
6283185.307179586	2123.1731731731734	1	-0.302410907967142	1.1186032071042713e-09	0
6283185.307179586	1691.8418418418419	3	-0.16975908221878488	1.4083258389007447e-09	0
6283185.307179586	1441.3913913913914	1	0.4213960141138833	8.790354674096167e-10	0
6283185.307179586	2651.901901901902	3	1.275438666398525	1.269471038874155e-09	1
6283185.307179586	2672.772772772773	1	1.469774420836849	-1.6503472684861152e-09	2
6283185.307179586	1225.7257257257259	1	-1.2639745293688205	-4.536611873015292e-10	1
6283185.307179586	2116.2162162162163	1	1.5090646297429506	3.380485456281135e-10	2
6283185.307179586	2366.6666666666665	2	0.02844206203621158	-1.294657541146543e-09	0
6283185.307179586	1677.927927927928	1	0.8466648388590867	-1.3877355133717442e-09	0
6283185.307179586	850.0500500500501	3	-1.257596175814358	1.124351450700563e-09	2
6283185.307179586	4154.604604604605	2	-0.04006558640118407	1.9507422877786676e-09	0
6283185.307179586	1316.1661661661662	1	-0.25205790881969503	1.9821466411876032e-09	0
6283185.307179586	905.7057057057058	2	-0.4367654066849165	1.9290772501900155e-09	0
6283185.307179586	2116.2162162162163	2	0.30178847173559564	8.565803134112539e-10	0
6283185.307179586	1079.6296296296296	1	0.4646553866113887	5.78038908250253e-10	0
6283185.307179586	1107.4574574574574	3	-1.2917412862621434	-1.8905355894741956e-09	0
6283185.307179586	1260.5105105105106	3	0.9789358422142049	-1.9281415973920753e-09	0
6283185.307179586	2290.1401401401404	1	-1.4072942464432903	-1.8894707205235904e-09	2
6283185.307179586	780.4804804804805	2	0.3401428697056297	1.2480506059093537e-12	2
6283185.307179586	1677.927927927928	1	0.5493713663511808	1.6146634349278372e-09	0
6283185.307179586	884.8348348348349	3	-0.11986983627821313	5.793027252985021e-11	2
6283185.307179586	1274.4244244244244	2	-0.7266984473195162	7.448496166090309e-11	1
6283185.307179586	613.5135135135135	2	-1.379865638408709	-8.656460843562734e-10	2
6283185.307179586	1573.5735735735736	2	0.29843004245353866	3.6838919949887823e-10	2
6283185.307179586	1350.950950950951	3	0.17920544369067404	-7.65375642728451e-10	0
6283185.307179586	1928.3783783783783	1	1.3938172687545238	1.5885296932774792e-09	2
6283185.307179586	947.4474474474474	3	0.24475077161976277	-6.397416557693437e-10	0
6283185.307179586	877.877877877878	2	-1.0784006688448318	-2.873401690338633e-10	2
6283185.307179586	1051.801801801802	1	-0.967206356459627	1.4630999028212198e-09	0
6283185.307179586	4112.862862862863	3	0.7777169649175901	1.6162487768710409e-09	0
6283185.307179586	1768.3683683683685	2	-1.4986738852297414	-7.997030057915944e-10	2
6283185.307179586	1218.7687687687687	3	0.08882583063717986	1.0710003565502355e-09	0
6283185.307179586	1670.970970970971	1	-0.24934561780492182	-9.40069533932022e-10	0
6283185.307179586	2206.6566566566567	2	1.4563950467342184	-1.0670321314501018e-09	2
6283185.307179586	2067.5175175175173	2	1.2166918224485883	1.6692332172629221e-09	0
6283185.307179586	2693.643643643644	2	1.2699388558287992	-1.9264985665222187e-09	0
6283185.307179586	2777.127127127127	3	0.28221481626548695	-2.740901158847092e-10	2
6283185.307179586	1302.2522522522522	3	-0.3161570620676135	1.636847822246331e-09	0
6283185.307179586	1455.3053053053054	2	-1.1653870227236707	-1.7227026949535912e-09	0
6283185.307179586	314.36436436436435	3	1.1734737970039695	-1.9543420256982078e-09	0
6283185.307179586	1608.3583583583584	2	-0.5849734830404341	-2.447954175888658e-11	2
6283185.307179586	2144.0440440440443	2	-0.5935593865866546	-1.789471873573759e-09	0
6283185.307179586	1448.3483483483483	1	1.212375372803343	1.7361198847275207e-09	0
6283185.307179586	502.2022022022022	2	-0.21085250806126332	-7.248341750767518e-10	2
6283185.307179586	2624.0740740740744	2	1.3410721656761755	-4.477423117059712e-10	2
6283185.307179586	2283.1831831831832	2	1.041063815295927	7.340316012168752e-10	1
6283185.307179586	2053.603603603604	3	-1.3575202289811243	-1.1596390887499814e-09	2
6283185.307179586	1907.5075075075076	2	-0.8321937510508528	1.8082469992695628e-10	1
6283185.307179586	2665.8158158158158	3	0.8119807724398811	-1.1007336818972782e-09	0
6283185.307179586	968.3183183183183	1	-0.7963665155254187	1.5602977386993147e-09	0
6283185.307179586	1065.7157157157158	1	0.6387483040304085	-3.0171266991566593e-10	2
6283185.307179586	989.1891891891892	3	-1.27135717285764	1.4602427214751468e-09	2
6283185.307179586	1566.6166166166167	2	0.9509552234746148	-1.780306787449035e-09	0
6283185.307179586	1615.3153153153153	2	1.0150460595838515	3.6799398743432343e-10	1
6283185.307179586	926.5765765765766	1	-0.8230278798941063	6.564060757321709e-10	0
6283185.307179586	1058.7587587587586	3	1.1795038137782643	-1.0143163811541497e-10	2
6283185.307179586	3284.984984984985	1	-1.5031728806934417	4.435406411675359e-10	2
6283185.307179586	3444.994994994995	1	-0.7684727114384259	1.8136516086034401e-09	0
6283185.307179586	1448.3483483483483	3	0.0790037066822693	1.1315802480561855e-09	0
6283185.307179586	2436.2362362362364	2	0.7963693086521233	9.009003936028409e-10	0
6283185.307179586	1337.0370370370372	3	1.3755763987433505	1.1896627081319694e-09	1
6283185.307179586	1490.0900900900901	2	1.1755963056186367	-6.163194723386304e-10	2
6283185.307179586	3104.1041041041044	3	0.8347082608995038	1.837566748825004e-09	0
6283185.307179586	1817.0670670670672	3	-0.5499760838404222	-1.100964282392377e-09	0
6283185.307179586	2095.3453453453453	1	1.5235781854955595	-2.9742705039107524e-10	2
6283185.307179586	2192.742742742743	3	1.2217404333804045	-1.4306627684506223e-09	0
6283185.307179586	2422.322322322322	1	1.2920633817707805	-1.728102391165746e-10	2
6283185.307179586	2624.0740740740744	2	-0.9387642668484318	-1.6300348827348157e-09	0
6283185.307179586	1768.3683683683685	3	-0.9441090009134739	-8.314965935392072e-10	0
6283185.307179586	2978.878878878879	2	-0.8977721881626273	1.7870400837141138e-09	0
6283185.307179586	1490.0900900900901	2	0.014734423086272708	-1.9598405645538217e-09	0
6283185.307179586	2116.2162162162163	3	1.0895314498595727	1.9358527025165933e-09	0
6283185.307179586	2679.72972972973	3	-0.5071754382564762	1.4115486640011537e-09	0
6283185.307179586	1622.2722722722724	2	0.9632560096703755	2.354730836459556e-10	2
6283185.307179586	1413.5635635635635	2	0.35614574632392704	-1.8898317973352025e-09	0
6283185.307179586	3973.7237237237237	1	1.3094952544749705	1.8381720432399023e-09	0
6283185.307179586	1427.4774774774776	3	1.5666017089485016	-1.930339776318562e-09	1
6283185.307179586	1670.970970970971	1	0.5045908266870569	-1.2251390876737043e-09	0
6283185.307179586	474.3743743743744	2	0.8283343735032331	1.741464021619738e-10	2
6283185.307179586	1817.0670670670672	3	0.9440338909440356	-1.1629384410558814e-09	0
6283185.307179586	2610.16016016016	3	-0.7074416830397022	7.644438808427645e-10	0
6283185.307179586	801.3513513513514	2	0.5101271703682593	-8.744219447372519e-10	0
6283185.307179586	1698.7987987987988	3	-0.9659938410427354	6.392157873583084e-10	2
6283185.307179586	1684.884884884885	1	-0.2783359274204238	-2.743759006905223e-10	1
6283185.307179586	1177.027027027027	3	-0.1421702155480844	-1.4401322646368869e-09	0
6283185.307179586	1121.3713713713714	2	-1.010493694602593	4.800653120135284e-10	2
6283185.307179586	634.3843843843844	3	-0.7101596408243543	-9.460558407840738e-10	0
6283185.307179586	1726.6266266266266	3	-0.4725433011978819	-1.1195666907342204e-09	0
6283185.307179586	105.65565565565566	2	-0.7714577817514364	-1.7008353328703595e-10	2
6283185.307179586	1782.2822822822823	1	1.1925477379023586	-5.79111745564885e-10	2
6283185.307179586	571.7717717717718	1	-0.9047106317660973	1.0671754715647266e-09	0
6283185.307179586	641.3413413413414	3	-1.5065395690561116	-2.783416908881682e-10	2
6283185.307179586	2234.4844844844847	1	0.4306826829599024	-1.3527058458707209e-09	0
6283185.307179586	1545.7457457457458	1	0.4241669586083625	-2.888336441772741e-10	1
6283185.307179586	2749.2992992992995	1	0.6856385683297348	1.5142012613216417e-09	0
6283185.307179586	1378.7787787787788	2	-0.21219058677932634	-1.5930802297087878e-09	0
6283185.307179586	1413.5635635635635	1	-0.42474955578773654	-1.7539033393047482e-09	0
6283185.307179586	1211.8118118118118	1	-0.008409247610119852	-1.1082595784661266e-09	0
6283185.307179586	1733.5835835835837	1	-1.4964307289127767	-1.7152657536010124e-09	1
6283185.307179586	1051.801801801802	3	1.1501310519610626	9.800501481482824e-10	2
6283185.307179586	2624.0740740740744	1	1.5541447190425695	-1.671970578357982e-09	2
6283185.307179586	2255.3553553553556	2	0.8764247660913509	-3.211903458268663e-10	1
6283185.307179586	2331.881881881882	1	0.619537984220802	-2.93715125723435e-10	1
6283185.307179586	1768.3683683683685	2	0.0915556835575646	-1.5744858938207798e-09	0
6283185.307179586	1900.5505505505505	2	0.15204845855535187	1.2635231689484744e-09	0
6283185.307179586	3765.0150150150153	1	-1.096632076672773	-1.8115257742122748e-09	0
6283185.307179586	2018.818818818819	2	-0.2149200886617515	-1.877357698160491e-09	0
6283185.307179586	1601.4014014014015	3	1.0193236119681917	-1.371047552467863e-09	0
6283185.307179586	1239.6396396396397	3	1.0606663708069006	-1.9566521436863224e-09	0
6283185.307179586	2297.097097097097	3	-1.2932661090186905	-1.4223774104477542e-09	1
6283185.307179586	1698.7987987987988	3	-0.5107955994645952	6.231282156334133e-10	0
6283185.307179586	1093.5435435435436	1	-1.1593034813455132	-1.5997529886854012e-09	0
6283185.307179586	1705.755755755756	3	-0.9989577657785645	-1.656693818426642e-09	0
6283185.307179586	1197.897897897898	3	-0.6072852016966998	-1.874433091974283e-09	0
6283185.307179586	1065.7157157157158	1	1.0094107615478967	-2.2596221026065602e-10	2
6283185.307179586	1858.8088088088089	2	0.35490080264456947	-1.8792960596451417e-09	0
6283185.307179586	1156.1561561561562	2	0.2727038987187489	1.6862924591099758e-09	0
6283185.307179586	870.9209209209209	2	-0.013164795450291367	-1.980390519243841e-09	0
6283185.307179586	1851.851851851852	1	1.3047672931349643	1.6959609420956063e-09	0
6283185.307179586	3131.931931931932	1	-1.0864868063170452	-1.7127803148029877e-09	0
6283185.307179586	1350.950950950951	3	0.5706213722930196	-2.872743655811867e-10	2
6283185.307179586	1977.077077077077	2	-0.6732492509654397	1.7153367746736258e-09	0
6283185.307179586	850.0500500500501	3	1.311124467980886	3.4848185911512647e-10	2
6283185.307179586	1789.2392392392394	2	-0.23669809129337493	-1.7356835689806876e-10	2
6283185.307179586	2554.5045045045044	3	0.03207641922087734	1.8058813106195875e-09	0
6283185.307179586	1253.5535535535537	1	-1.4996642888938079	-4.3850516867513806e-10	1
6283185.307179586	2679.72972972973	2	0.665668170719615	-6.266010625840459e-10	0
6283185.307179586	2144.0440440440443	3	-1.051584588798431	-1.87440187639745e-09	0
6283185.307179586	1163.113113113113	1	0.5656987162893974	6.03641075503311e-10	0
6283185.307179586	3076.2762762762763	2	0.11343069503945613	1.917663075423536e-09	0
6283185.307179586	2053.603603603604	2	-0.3572922919260131	4.702055554677635e-10	0
6283185.307179586	1990.9909909909911	1	1.0611594512394515	-1.377304762215783e-09	0
6283185.307179586	1378.7787787787788	3	1.395430129814332	1.736634653806949e-09	1
6283185.307179586	1775.3253253253254	1	-0.3942823183273234	1.5276066821489015e-09	0
6283185.307179586	1128.3283283283283	1	1.508492051610197	1.8037593618109263e-09	2
6283185.307179586	877.877877877878	2	-0.3389329370370371	8.404347870434764e-10	0
6283185.307179586	1865.7657657657658	3	1.1004042929480868	-1.6833301508113486e-09	0
6283185.307179586	1517.917917917918	3	1.4559068930779109	-1.446000243376667e-09	2
6283185.307179586	1782.2822822822823	2	0.042914269001607996	1.407629014287637e-09	0
6283185.307179586	1865.7657657657658	3	-0.7897913595734946	-1.3775326692041162e-09	0
6283185.307179586	926.5765765765766	3	-0.7975857016410882	1.9352504414898075e-09	0
6283185.307179586	1086.5865865865867	2	0.09119007937124901	-4.902917138741225e-10	2
6283185.307179586	2436.2362362362364	1	-1.369668062815511	1.5448310873350143e-09	2
6283185.307179586	940.4904904904905	1	1.530418997293844	-1.2787071852806808e-09	2
6283185.307179586	2477.977977977978	1	1.2443112262790201	-6.087825927371907e-10	2
6283185.307179586	1072.6726726726727	3	-0.6751067041054714	1.5341382647530856e-09	0
6283185.307179586	2331.881881881882	1	0.8028899294613532	1.0486720328691463e-09	0
6283185.307179586	3792.842842842843	2	1.004786273820387	-9.8254711397869e-10	0
6283185.307179586	912.6626626626627	2	0.5764540735646806	1.229783302466216e-09	0
6283185.307179586	2401.4514514514517	1	1.4545378498933061	1.240517740416895e-09	2
6283185.307179586	2025.7757757757759	1	0.8675562576467986	1.2257584901957504e-09	0
6283185.307179586	1337.0370370370372	2	1.0479622411863443	4.067139098704581e-10	1
6283185.307179586	1044.8448448448448	1	0.48677481664978384	6.119629772068916e-11	2
6283185.307179586	2895.3953953953956	2	0.5182823187447125	-1.1822214853424035e-09	0
6283185.307179586	2784.084084084084	3	1.0208233844132049	-1.3201017931237458e-09	0
6283185.307179586	1837.937937937938	1	-1.3000153449887464	-1.0060561987033615e-09	2
6283185.307179586	1204.854854854855	3	1.2909899414628754	9.565272441289753e-10	2
6283185.307179586	3208.4584584584586	3	1.4382865958886448	1.2804907718087813e-10	2
6283185.307179586	933.5335335335336	2	0.44802391011653864	-1.7544851876176618e-09	0
6283185.307179586	2095.3453453453453	2	-0.4426369507820629	-4.67162220974505e-10	1
6283185.307179586	850.0500500500501	2	-0.5911508376516199	1.682265264849294e-09	0
6283185.307179586	1893.5935935935936	3	0.7400482282844312	-1.04706359910262e-09	0
6283185.307179586	2637.987987987988	3	0.7333142661111469	-9.564260201967799e-10	0
6283185.307179586	634.3843843843844	2	0.765547779161599	1.4832554113239184e-09	0
6283185.307179586	2046.6466466466468	2	0.7985676689260099	-1.4499608848755246e-09	0
6283185.307179586	2658.858858858859	2	-1.0255348104962203	-7.93333667333532e-10	0
6283185.307179586	1677.927927927928	2	0.437692197426478	-6.510200697479829e-10	0
6283185.307179586	1775.3253253253254	3	-0.6767496413021971	-6.891452139261749e-10	0
6283185.307179586	1260.5105105105106	2	-0.9857773023904318	-1.5463523779042699e-09	0
6283185.307179586	1636.1861861861862	3	-1.4859763428220631	1.3798694850940324e-09	2
6283185.307179586	1837.937937937938	3	-0.8462236544553822	-3.4388325637879157e-10	2
6283185.307179586	2881.4814814814818	2	0.5999930330346621	1.5329323489932115e-09	0
6283185.307179586	787.4374374374374	3	-0.7034443444722099	-8.983868078032553e-10	0
6283185.307179586	3097.1471471471473	3	1.0854088527594912	6.830476013151974e-10	2
6283185.307179586	1434.4344344344345	2	0.8974963870738515	1.6350605752871989e-09	0
6283185.307179586	759.6096096096096	2	0.4068262654080459	-9.400561420096733e-10	0
6283185.307179586	2164.914914914915	1	1.5134296595655887	1.265843992137567e-09	2
6283185.307179586	1072.6726726726727	1	0.8822511333707244	-6.132274265299404e-10	1
6283185.307179586	2297.097097097097	3	1.4563386968281562	-1.4475908518846944e-09	1
6283185.307179586	2700.6006006006005	2	-0.3738101913998668	-1.2163650390996255e-09	0
6283185.307179586	2046.6466466466468	1	0.13985029793675618	1.978320127157544e-09	0
6283185.307179586	2867.5675675675675	1	0.7319568124670126	9.47978611881477e-10	0
6283185.307179586	2304.054054054054	1	0.9073674058697243	-1.3767695112683806e-09	0
6283185.307179586	2937.1371371371374	3	-1.0836438036451015	-1.109086028691312e-09	0
6283185.307179586	641.3413413413414	1	0.9873435553015684	-8.209089871304119e-10	2
6283185.307179586	1114.4144144144145	3	-1.2181159461703244	1.3268734432066376e-09	2
6283185.307179586	2137.087087087087	3	-0.2545360597099393	-1.2824074351699825e-09	0
6283185.307179586	2213.613613613614	3	-0.44662896825883114	-8.206823637692485e-11	2
6283185.307179586	1872.7227227227227	3	-0.3294422534187127	-1.3296487637549443e-09	0
6283185.307179586	2526.676676676677	2	0.35401559955470474	-1.4040386677290601e-09	0
6283185.307179586	2206.6566566566567	1	1.3057312853661869	3.1762460818894435e-10	2
6283185.307179586	731.7817817817818	2	0.049001180890061	1.314843670251424e-09	0
6283185.307179586	3674.574574574575	3	1.2946386623760655	1.2956494329138429e-09	1
6283185.307179586	2937.1371371371374	2	0.8858706896254622	5.207277629278017e-10	1
6283185.307179586	1956.2062062062062	1	0.4770543506838858	-1.5329530603685058e-10	2
6283185.307179586	1691.8418418418419	3	-0.748955970657764	6.525797660652923e-10	2
6283185.307179586	2860.610610610611	2	0.3056033182644198	3.4727198688397274e-10	1
6283185.307179586	1990.9909909909911	2	-0.8713692136210716	1.9312480976020126e-09	0
6283185.307179586	2477.977977977978	2	-0.044080952115720606	-1.4172937268160053e-09	0
6283185.307179586	870.9209209209209	2	1.1217256785824583	2.5109060280225713e-11	2
6283185.307179586	2130.13013013013	3	0.1278672826961753	-1.1811112691839015e-09	0
6283185.307179586	3382.3823823823823	1	-1.1804306404868625	-1.1160783631829272e-09	0
6283185.307179586	1156.1561561561562	1	-0.15666709752283725	1.031860993331701e-09	0
6283185.307179586	3264.1141141141143	3	0.2551255700897801	-1.306279022892253e-09	0
6283185.307179586	2436.2362362362364	3	1.3529129430877647	1.8695785794952014e-09	1
6283185.307179586	676.1261261261261	1	-1.299354247681962	-1.9149826356143878e-09	2
6283185.307179586	2039.6896896896897	2	-0.5217822371757213	-1.8218947612852975e-09	0
6283185.307179586	1803.1531531531532	2	-0.8327996578106229	1.4978183996724576e-09	0
6283185.307179586	1483.1331331331332	1	-0.38866640627482174	1.6942543961111338e-09	0
6283185.307179586	356.1061061061061	1	-0.8471891101543088	-1.1519561735573203e-09	1
6283185.307179586	2130.13013013013	3	-1.1617362422279918	1.4523232025742063e-09	0
6283185.307179586	2637.987987987988	3	-0.481254043825351	-1.8772023146383303e-09	0
6283185.307179586	1942.2922922922924	1	0.9897946118538661	1.5013990211171715e-09	0
6283185.307179586	370.02002002002	1	0.10585218293814092	1.0739143762717904e-09	0
6283185.307179586	1865.7657657657658	1	0.4188537314257046	-5.696274635636654e-10	0
6283185.307179586	1893.5935935935936	3	0.6825223013559465	2.107736869023523e-10	1
6283185.307179586	1545.7457457457458	3	0.39800001785149175	-2.77925283980653e-10	2
6283185.307179586	752.6526526526527	2	0.686666993414951	2.886646068150463e-10	2
6283185.307179586	516.1161161161161	1	-1.0837179393023466	1.7002203613134616e-09	0
6283185.307179586	1566.6166166166167	2	0.2799124656607863	-1.0788296140400785e-09	0
6283185.307179586	2123.1731731731734	2	-0.5878452917223858	-2.0530960399005195e-10	1
6283185.307179586	975.2752752752752	2	0.1623840005134498	-1.4491615749428704e-09	0
6283185.307179586	1253.5535535535537	1	0.44518454230138715	1.7040546630487278e-09	0
6283185.307179586	411.76176176176176	3	0.19234020340002522	-4.034755131563231e-10	0
6283185.307179586	1650.1001001001002	1	-0.9889896332817749	-1.9946187908404234e-09	0
6283185.307179586	1552.7027027027027	3	0.06348104366949059	9.96332736513254e-10	0
6283185.307179586	2457.1071071071074	3	-0.4682420457555223	1.5600989004671073e-09	0
6283185.307179586	1907.5075075075076	2	1.3337936231230532	-7.449545919728795e-11	1
6283185.307179586	1253.5535535535537	2	-0.305681873352756	4.2899705529659624e-10	2
6283185.307179586	1754.4544544544544	1	0.6122703392923792	6.425579549035971e-10	0
6283185.307179586	2102.3023023023025	1	0.8044311600246568	1.2957175793892728e-09	0
6283185.307179586	2512.762762762763	2	1.3583038936626148	-1.3018804529602914e-10	2
6283185.307179586	460.46046046046047	2	-1.3750270424131514	1.4750848121527793e-09	2
6283185.307179586	1719.6696696696697	2	-0.14331585722884843	-1.5539653640253582e-09	0
6283185.307179586	1545.7457457457458	2	-1.1889838413470466	1.0195095373532337e-09	1
6283185.307179586	794.3943943943945	2	-1.4078439679760009	-1.7564880349592544e-09	1
6283185.307179586	2116.2162162162163	1	0.7418932722422791	-3.979869508463115e-10	1
6283185.307179586	1441.3913913913914	3	-0.007833276980374615	9.848408652006795e-10	0
6283185.307179586	829.1791791791792	3	-1.262337880181932	-1.5699383377978112e-09	2
6283185.307179586	1573.5735735735736	2	-1.5168283436064263	-8.387514384317431e-10	2
6283185.307179586	1497.047047047047	2	1.1975505267221815	8.612380970046802e-10	2
6283185.307179586	1698.7987987987988	1	-0.2930950110906101	5.309739150962624e-10	0
6283185.307179586	1239.6396396396397	1	-1.340623333802258	-1.5549623417025669e-09	2
6283185.307179586	1608.3583583583584	3	-0.40133228422320544	-3.386652692496858e-10	2
6283185.307179586	1608.3583583583584	2	0.17139510801392555	-5.079055505454094e-10	0
6283185.307179586	1114.4144144144145	3	-1.0900110982881894	-1.942377639115431e-09	0
6283185.307179586	884.8348348348349	2	0.012275597916108438	1.8153744021827674e-09	0
6283185.307179586	2839.73973973974	3	1.445453480872958	9.818579298406894e-10	2
6283185.307179586	2088.388388388388	1	-0.857138414143368	-1.7174492617991618e-09	0
6283185.307179586	1573.5735735735736	1	-0.3102575028224741	-3.4279897411856066e-10	2
6283185.307179586	2046.6466466466468	3	-0.03503351675003663	4.5726465894340726e-10	1
6283185.307179586	933.5335335335336	3	1.282555165664582	-2.7812943586510376e-11	1
6283185.307179586	1107.4574574574574	3	-1.1588016002881196	-1.018677416212038e-09	1
6283185.307179586	1100.5005005005005	3	0.7132033104395745	8.784939093505418e-10	1
6283185.307179586	1942.2922922922924	1	0.09682995990156051	-7.114594263901756e-10	0
6283185.307179586	1239.6396396396397	2	1.3883743592055762	-1.0681230721099682e-09	2
6283185.307179586	1135.2852852852852	3	0.8164595315241114	-2.3486246321610733e-10	2
6283185.307179586	1399.6496496496497	3	1.0421344462379127	1.4410580080981104e-09	0
6283185.307179586	2394.4944944944946	1	-0.8195346009375925	-3.512921695103625e-10	2
6283185.307179586	1079.6296296296296	2	1.263993236710665	-1.1371927269667678e-09	2
6283185.307179586	1497.047047047047	2	-0.9070828499274568	-8.562595986872373e-10	0
6283185.307179586	2004.904904904905	2	0.2624628865193439	-1.8518631328429713e-09	0
6283185.307179586	1072.6726726726727	3	1.0557691589186309	1.002735036898689e-09	2
6283185.307179586	912.6626626626627	3	0.8371524591698085	1.6342158520082188e-09	0
6283185.307179586	2053.603603603604	1	1.2299997926864923	1.8928899061602887e-09	0
6283185.307179586	648.2982982982983	3	0.5755222354905687	6.57619551495674e-10	2
6283185.307179586	1483.1331331331332	2	-1.1574164128013686	1.4611983829421864e-09	0
6283185.307179586	2171.871871871872	3	-0.637446372309241	1.924283164987627e-09	0
6283185.307179586	2582.3323323323325	3	-0.5060484329629464	7.696698048448802e-10	0
6283185.307179586	3479.77977977978	3	0.34711444211983	1.0682245109118751e-09	0
6283185.307179586	1733.5835835835837	2	1.191241337770971	3.649495121340881e-10	2
6283185.307179586	1865.7657657657658	1	-0.14547454791335945	-1.585574865603853e-09	0
6283185.307179586	1385.7357357357357	2	0.12221163589340178	1.0681955618112238e-09	0
6283185.307179586	1483.1331331331332	3	0.018870561935105723	1.9253505194895402e-09	0
6283185.307179586	2178.828828828829	1	-0.07171405297009703	6.425837541999401e-10	0
6283185.307179586	2777.127127127127	3	-0.8279392553948868	-1.4605685623702247e-09	0
6283185.307179586	488.2882882882883	1	-0.5365228717244903	1.3708528710534967e-09	0
6283185.307179586	717.8678678678679	3	-1.1058356764705872	6.128464077112797e-11	2
6283185.307179586	1782.2822822822823	3	0.05695130512480784	-9.265670204528878e-10	0
6283185.307179586	2992.792792792793	1	0.6601857870011565	5.75823616926793e-10	0
6283185.307179586	1232.6826826826828	1	-0.707715038919735	-1.785142959844651e-09	0
6283185.307179586	2053.603603603604	3	-0.6225001773676142	5.085364599060335e-10	2
6283185.307179586	1740.5405405405406	2	0.5670929305494452	-2.330783606273914e-10	2
6283185.307179586	1246.5965965965966	2	-1.3790741948351624	1.869311753197678e-09	1
6283185.307179586	1149.1991991991993	2	-0.7677186826645366	7.044050535845145e-10	2
6283185.307179586	1740.5405405405406	2	0.3485344222479412	-3.7305196514270606e-10	1
6283185.307179586	836.1361361361362	1	-0.7030645933373667	-1.3760415433713247e-09	0
6283185.307179586	1817.0670670670672	2	0.7828954645449193	-1.9817506030020195e-09	0
6283185.307179586	1956.2062062062062	1	-0.961283914435813	-1.6515778060423818e-09	0
6283185.307179586	1677.927927927928	3	1.5256787577519018	1.0277490192607107e-09	2
6283185.307179586	2137.087087087087	1	-0.2916857890170974	-1.3983261756876097e-09	0
6283185.307179586	2874.5245245245246	2	1.5416045268794747	6.902605376106338e-10	1
6283185.307179586	1427.4774774774776	3	-0.5955974645557952	-1.5638837917079577e-09	0
6283185.307179586	1531.8318318318318	2	0.9503667968560152	-1.1183467246959058e-09	0
6283185.307179586	1921.4214214214214	1	1.2200013181001959	-1.470941656813189e-10	2
6283185.307179586	1601.4014014014015	1	-0.4906066714495314	-8.037617288844441e-10	0
6283185.307179586	1177.027027027027	2	-1.141149729892287	-1.1193910995772472e-09	2
6283185.307179586	2429.2792792792793	2	-1.4112521765831227	2.351987080117771e-10	2
6283185.307179586	2304.054054054054	3	-0.7578088900018555	7.952256925700133e-10	0
6283185.307179586	1858.8088088088089	1	-1.4123289145845626	-1.4576991000496196e-09	1
6283185.307179586	2526.676676676677	2	-0.56824328891996	-9.312319201151183e-10	0
6283185.307179586	1963.1631631631633	3	-1.0081876043552875	1.3240055302595407e-09	0
6283185.307179586	1504.004004004004	2	0.3909809286269079	-7.887128408985484e-10	0
6283185.307179586	947.4474474474474	1	0.43085658802045	-2.6927962247657843e-10	2
6283185.307179586	2095.3453453453453	2	0.9571683256281998	1.5467900536521002e-09	0
6283185.307179586	1183.983983983984	2	0.4270422971953549	-1.6267318944317181e-09	0
6283185.307179586	2985.835835835836	1	-0.7436665084171646	9.38024179074516e-10	0
6283185.307179586	1643.143143143143	2	0.6947984642555505	1.9741693629180654e-09	0
6283185.307179586	884.8348348348349	2	0.551947553203747	2.737870149235224e-10	1
6283185.307179586	3034.5345345345345	1	0.2881673767414785	-9.568795279270867e-10	0
6283185.307179586	1837.937937937938	3	0.06870613064863584	4.069881904013088e-10	1
6283185.307179586	724.8248248248249	1	0.6506505828712252	-8.145334876415022e-10	1
6283185.307179586	1246.5965965965966	3	0.46401404113427835	-1.865981656461158e-09	0
6283185.307179586	1650.1001001001002	2	-0.28651847139643283	6.79055883784749e-10	0
6283185.307179586	1399.6496496496497	1	-1.0887076916010257	-1.5380417083656757e-09	0
6283185.307179586	926.5765765765766	3	-0.8555006350916884	1.9512197426429867e-09	0
6283185.307179586	1698.7987987987988	2	-0.41659006988070035	4.952693545483364e-10	1
6283185.307179586	1337.0370370370372	2	0.009968579229749475	-1.1480109954466867e-09	0
6283185.307179586	1907.5075075075076	1	1.4735894482792933	-7.386658266067562e-10	2
6283185.307179586	1810.11011011011	2	1.4778457986970803	-1.1717943404347567e-09	1
6283185.307179586	1128.3283283283283	1	-0.6534179757767677	-3.8703271411843563e-10	2
6283185.307179586	1559.6596596596596	2	-1.4299648561376548	-1.8564098761806702e-09	2
6283185.307179586	731.7817817817818	2	0.3806619186269269	-2.505330498580251e-10	1
6283185.307179586	1455.3053053053054	1	0.598876916072463	-1.3282654994755963e-10	2
6283185.307179586	1705.755755755756	2	-0.7339797668619066	-7.006017472339299e-11	2
6283185.307179586	1107.4574574574574	3	-0.20292659818562364	-8.309010362912606e-10	0
6283185.307179586	1726.6266266266266	3	-1.0773007237776004	-1.19188317778065e-09	0
6283185.307179586	571.7717717717718	2	1.564118650915057	-8.818881227505418e-10	1
6283185.307179586	1316.1661661661662	2	-1.1518041267830832	1.2166484905841355e-09	1
6283185.307179586	815.2652652652653	1	-0.7554323165423001	1.2612504514907438e-09	0
6283185.307179586	3424.124124124124	2	-0.4203627559871952	1.8635283699628137e-09	0
6283185.307179586	752.6526526526527	1	0.0336897831740226	1.7734515981352909e-09	0
6283185.307179586	912.6626626626627	1	1.4592344942026676	-1.0802898625286944e-09	2
6283185.307179586	2324.924924924925	3	0.8359117969927143	4.763277194584746e-10	2
6283185.307179586	1552.7027027027027	2	-0.1986098138402217	2.353916350725668e-10	1
6283185.307179586	1037.887887887888	3	-0.4387401682418124	-2.5098744797073094e-13	2
6283185.307179586	1990.9909909909911	1	-1.3009206783270704	1.4540630168703556e-10	1
6283185.307179586	1281.3813813813815	2	-1.089800143188528	-1.38259516485732e-09	0
6283185.307179586	599.5995995995996	2	-0.849137691979758	1.5635913711512014e-09	0
6283185.307179586	1552.7027027027027	1	0.32838326609283564	-6.504756108900134e-10	0
6283185.307179586	710.910910910911	1	-0.6083288786835964	1.0807661700076757e-09	0
6283185.307179586	1051.801801801802	2	-0.0069299244866907195	-4.846977288777246e-10	0
6283185.307179586	223.92392392392392	2	0.1751970072914557	1.810811201163965e-09	0
6283185.307179586	1420.5205205205204	3	-0.398201160822758	1.3259082367902671e-09	0
6283185.307179586	1211.8118118118118	1	1.4951628650173463	3.480772517678585e-10	2
6283185.307179586	1392.6926926926926	3	-1.1916996187738238	5.402568448114999e-10	2
6283185.307179586	2018.818818818819	3	0.2914685903844956	3.74582145216008e-10	2
6283185.307179586	3166.7167167167167	2	-1.4569886702604986	6.619480214497077e-11	2
6283185.307179586	1740.5405405405406	1	1.1632773314955718	-1.2460865870021083e-09	1
6283185.307179586	1156.1561561561562	1	-0.22761581013558452	-1.297453866426131e-10	1
6283185.307179586	2707.5575575575576	2	0.6461157909745348	-1.6056049198733337e-09	0
6283185.307179586	2025.7757757757759	2	-0.5603899954291598	-1.6583824230425887e-09	0
6283185.307179586	1858.8088088088089	3	-1.0591546822292317	8.885906482093475e-11	2
6283185.307179586	787.4374374374374	3	0.20265571814310857	-1.5717507640410306e-10	1
6283185.307179586	1935.3353353353355	2	1.1122374788049276	5.102420575900409e-10	1
6283185.307179586	898.7487487487488	3	0.8245082123053757	1.2948898038189322e-09	0
6283185.307179586	3173.673673673674	3	0.3080518192274513	1.3623888880532074e-09	0
6283185.307179586	829.1791791791792	3	0.08134782151290598	-1.0531977504284042e-09	0
6283185.307179586	1420.5205205205204	2	-0.5018894230244784	-1.7309966778702424e-09	0
6283185.307179586	3438.038038038038	3	-1.3788896635167958	1.6795611954994173e-09	1
6283185.307179586	3465.865865865866	2	0.0961434350959589	1.228307899554943e-09	0
6283185.307179586	703.9539539539539	3	-1.1420651647266185	9.60032684899389e-10	2
6283185.307179586	2206.6566566566567	1	0.5252565566653726	-8.371776760714515e-12	2
6283185.307179586	1796.1961961961963	3	1.112882800175218	2.467689008324109e-10	1
6283185.307179586	2707.5575575575576	3	1.0990440137942286	1.097055688124659e-09	0
6283185.307179586	2011.8618618618618	1	1.5229768125792296	-3.7027452093909265e-10	2
6283185.307179586	2763.2132132132133	2	0.3731783863456857	-7.681403250029186e-10	0
6283185.307179586	1879.6796796796798	1	-0.5090557290902111	1.0793880107311548e-09	0
6283185.307179586	808.3083083083084	3	-0.306051978133435	-9.159254683278507e-11	2
6283185.307179586	3625.875875875876	1	-1.4501558448674918	1.9833332245753278e-09	2
6283185.307179586	2171.871871871872	1	0.26627468863569725	-9.797338254854182e-10	0
6283185.307179586	1573.5735735735736	1	0.6022226596125857	-1.7436286366889983e-09	0
6283185.307179586	2728.4284284284286	2	-0.48333703627014524	2.852250270851597e-10	1
6283185.307179586	926.5765765765766	2	0.5337516725879503	-1.3752960191211457e-09	0
6283185.307179586	2151.001001001001	3	0.03166523994270243	-9.588163655039406e-10	0
6283185.307179586	794.3943943943945	2	-1.144235271230515	-6.399330909360028e-10	2
6283185.307179586	2408.4084084084084	3	1.2528759461515686	-7.435744412728606e-10	2
6283185.307179586	1531.8318318318318	1	-0.6796991348890129	6.828807599456279e-10	0
6283185.307179586	1246.5965965965966	1	-0.2138865789265525	5.863814199115205e-10	0
6283185.307179586	2046.6466466466468	3	-0.05407894696445159	6.725920131112365e-10	0
6283185.307179586	2248.3983983983985	2	0.24189745366787552	-1.0846695674718446e-10	1
6283185.307179586	1712.7127127127128	3	-0.22535879455065833	-1.5729151222390466e-09	0
6283185.307179586	773.5235235235235	2	-1.239266703847472	-1.4956774441127583e-09	2
6283185.307179586	2283.1831831831832	2	-0.6351550998692207	-9.583794215565776e-10	0
6283185.307179586	1072.6726726726727	2	1.041642610536559	-6.999215247462219e-10	2
6283185.307179586	2081.4314314314315	2	-0.843233472681106	-4.778077072449372e-10	2
6283185.307179586	2818.868868868869	3	-1.5188593330595523	-1.305435555383491e-09	2
6283185.307179586	1177.027027027027	2	0.03204019729939822	-1.8234112417126706e-09	0
6283185.307179586	648.2982982982983	1	-0.03916825661219048	5.344837183002423e-11	2
6283185.307179586	1893.5935935935936	1	-1.2067028541320224	-1.075881119817924e-09	2
6283185.307179586	3257.157157157157	1	-0.9691461099258688	-1.7761528143795332e-10	2
6283185.307179586	1483.1331331331332	3	-0.4301050421544621	-1.7273975266573243e-09	0
6283185.307179586	1017.017017017017	2	-0.21059609350208275	-3.271182962518586e-10	1
6283185.307179586	1698.7987987987988	1	-0.486321096007176	-5.222047008023689e-10	2
6283185.307179586	1441.3913913913914	2	-1.2416802525352755	7.528940826024978e-10	1
6283185.307179586	1267.4674674674675	2	0.4445453089946536	5.965357068329184e-10	0
6283185.307179586	2227.5275275275276	2	0.9561869350654146	6.339780061726133e-10	1
6283185.307179586	1072.6726726726727	1	-0.12431897645191214	-4.2642253874965695e-10	2
6283185.307179586	3493.6936936936936	2	1.3548777549807571	-1.1722162550504699e-09	2
6283185.307179586	2839.73973973974	1	-1.0449076884412822	-1.0250059846468582e-09	0
6283185.307179586	3549.3493493493493	1	1.3538163376629315	-1.0181559369699601e-09	2
6283185.307179586	1413.5635635635635	3	0.7959654279764115	1.424121838999431e-09	0
6283185.307179586	655.2552552552553	1	0.4373088441321915	-1.6894029598124115e-11	2
6283185.307179586	2011.8618618618618	3	-1.1731356303338751	-1.6814453440280298e-09	0
6283185.307179586	1796.1961961961963	1	0.7271714693761608	5.269750237599002e-10	1
6283185.307179586	1949.2492492492493	3	-0.6919001356464451	1.8655402522975188e-10	2
6283185.307179586	550.900900900901	1	-1.407122409322474	7.659977669835248e-10	2
6283185.307179586	1323.1231231231232	1	-0.5029651685243002	-2.1107537285135207e-10	2
6283185.307179586	3180.6306306306305	2	1.0003020843985966	3.62523374294546e-10	1
6283185.307179586	1316.1661661661662	3	0.2585134111964338	-4.788298476959741e-10	0
6283185.307179586	1803.1531531531532	3	0.7508943510846509	1.187134716635898e-09	0
6283185.307179586	1990.9909909909911	2	-1.1009745167905611	-1.8725848674023697e-09	0
6283185.307179586	2345.795795795796	2	-0.32617004814826345	-1.7879174326140809e-09	0
6283185.307179586	2693.643643643644	1	1.4872819303757883	-2.2936315212127975e-10	2
6283185.307179586	1510.960960960961	3	-0.468320793019676	1.6682468740390305e-09	0
6283185.307179586	1782.2822822822823	3	0.12003756381085617	1.1205858567778444e-09	0
6283185.307179586	2380.5805805805808	1	0.03882417606809696	-1.7801474784735226e-09	0
6283185.307179586	2067.5175175175173	1	0.9326139155152231	-7.944160753442021e-10	0
6283185.307179586	2227.5275275275276	1	-0.48449211411966253	-1.6374524856444382e-09	0
6283185.307179586	1483.1331331331332	3	1.3617781506287518	-1.7176138356808448e-09	2
6283185.307179586	1517.917917917918	3	0.0674303398960443	-1.5066520729641557e-09	0
6283185.307179586	1552.7027027027027	3	-0.9152028775735387	1.1557944022779983e-09	0
6283185.307179586	1524.8748748748749	2	1.265381053005385	8.303671411451075e-10	2
6283185.307179586	3458.908908908909	3	-0.9977010637900964	9.526109457047794e-10	0
6283185.307179586	1914.4644644644645	1	1.0201806903768076	1.561291605167601e-09	0
6283185.307179586	244.7947947947948	2	1.2705002281938564	-6.625735602764405e-10	1
6283185.307179586	1455.3053053053054	2	-0.12847862960211964	-5.937694369054306e-10	0
6283185.307179586	1079.6296296296296	2	0.3332188264554785	1.91946137106171e-09	0
6283185.307179586	1670.970970970971	3	1.4647286730784765	1.6167442316809517e-09	2
6283185.307179586	2144.0440440440443	2	0.5892094834172226	-9.845543574162156e-10	0
6283185.307179586	787.4374374374374	1	1.26026300463915	-1.1332263398040246e-09	2
6283185.307179586	2728.4284284284286	3	-0.8840827677186773	-7.255128102633611e-10	0
6283185.307179586	2457.1071071071074	3	-0.16026722423542883	-1.2857158385650328e-09	0
6283185.307179586	1413.5635635635635	3	0.6839426553227783	-1.5190812278052342e-09	0
6283185.307179586	1747.4974974974975	3	0.4180525667097008	1.9076570100909507e-09	0
6283185.307179586	1733.5835835835837	1	-0.07888720402896698	-1.9300762954193902e-09	0
6283185.307179586	1337.0370370370372	2	0.9916288131329081	-1.784557530993391e-09	0
6283185.307179586	2721.4714714714714	2	1.4774726432472352	1.1223360248037965e-09	1
6283185.307179586	2157.957957957958	1	0.8908033594219513	-1.1332101048226194e-10	2
6283185.307179586	752.6526526526527	2	0.01824961754697818	7.378769369835436e-10	0
6283185.307179586	1566.6166166166167	3	-0.9310411844054475	1.9197993876363962e-09	0
6283185.307179586	1935.3353353353355	1	0.8867115303825881	1.1083983378761382e-09	0
6283185.307179586	696.996996996997	2	1.073745402203973	1.2954671456291828e-09	1
6283185.307179586	1239.6396396396397	3	-0.4341997415175296	-7.48267306043636e-10	0
6283185.307179586	1448.3483483483483	2	1.0859021729319904	5.900199064557327e-10	1
6283185.307179586	1817.0670670670672	1	-1.3533239918310873	2.3540716644811305e-10	1
6283185.307179586	2728.4284284284286	1	-0.20986456244872187	-8.685882925409305e-10	0
