axial trapping frequency (MHz) 	 velocity(m/s) 	 ion collided with 	 angle(rads) 	 collision offset(m) 	 reorder? (1 is reorder 2 is ejection) 
6283185.307179586	787.4374374374374	2	-0.6055004908256123	9.547893170757391e-11	2
6283185.307179586	2756.256256256256	1	1.2651850960302506	-1.7110777599303884e-09	0
6283185.307179586	1337.0370370370372	3	1.192208947319454	-4.625316009167247e-10	2
6283185.307179586	1677.927927927928	3	0.5796186305326101	-3.044833918699861e-10	2
6283185.307179586	1058.7587587587586	1	-1.4482580662535567	-1.5432415538574673e-09	1
6283185.307179586	1587.4874874874874	1	1.0466503072294522	8.280017770827715e-10	0
6283185.307179586	1044.8448448448448	1	-1.3733291257872242	5.288696306353643e-10	2
6283185.307179586	1121.3713713713714	2	-0.22001437716287975	-1.7378569628656011e-09	0
6283185.307179586	745.6956956956957	2	0.9082561887898342	1.5822634460226411e-09	0
6283185.307179586	2596.2462462462463	2	-0.28013582866913866	-8.670526033411568e-10	0
6283185.307179586	1441.3913913913914	2	-1.0361997615663725	-9.378327208485535e-10	1
6283185.307179586	1851.851851851852	2	-0.5556897737687174	-1.8248651670641115e-09	0
6283185.307179586	1288.3383383383384	2	1.365443127848065	-4.1249736313725556e-11	2
6283185.307179586	2519.7197197197197	1	0.039577295221821185	-4.0340795673968144e-10	0
6283185.307179586	1698.7987987987988	3	-1.2793853519489786	6.396546097797235e-10	2
6283185.307179586	1309.2092092092093	1	1.4223712761974783	1.0472300296471444e-09	2
6283185.307179586	696.996996996997	2	0.059285322810758156	-1.122325169118981e-09	0
6283185.307179586	2471.021021021021	2	0.3486658659352011	-4.0979022145414674e-10	1
6283185.307179586	2025.7757757757759	3	0.7515670964311507	1.6434358867525964e-09	0
6283185.307179586	251.75175175175175	3	1.312918809986082	-9.213439337416696e-10	0
6283185.307179586	2832.7827827827828	1	0.4121636986813908	-1.8474557431726721e-09	0
6283185.307179586	3305.855855855856	1	-0.764058209559226	4.3527892055725205e-10	1
6283185.307179586	731.7817817817818	2	0.8259579098043885	1.6254691572852037e-09	0
6283185.307179586	1420.5205205205204	1	0.08577178953126219	-7.215845122090224e-10	0
6283185.307179586	787.4374374374374	2	-0.0757975755464797	1.131115304184886e-09	0
6283185.307179586	1510.960960960961	3	-1.4622395562307857	4.120111470731315e-10	2
6283185.307179586	1392.6926926926926	3	1.5454842143209184	-1.173631169883333e-09	1
6283185.307179586	710.910910910911	2	-0.9883292661695875	-1.5386122457019075e-09	0
6283185.307179586	1580.5305305305305	2	-0.5112605581985845	1.0852615925487518e-09	0
6283185.307179586	2867.5675675675675	3	0.0056098186621094115	1.8985593077089663e-10	0
6283185.307179586	1232.6826826826828	3	-0.3386289513016183	-7.987641316280083e-10	0
6283185.307179586	585.6856856856857	3	-0.6222322967989865	1.5458668191633147e-10	0
6283185.307179586	1490.0900900900901	3	-0.9413115961525658	1.95759426720528e-09	0
6283185.307179586	1587.4874874874874	2	-0.35019286352162626	-3.908931916781739e-10	1
6283185.307179586	1406.6066066066066	1	-1.4669517466026456	9.952436983603844e-10	2
6283185.307179586	1295.2952952952953	3	0.7211487587044467	-1.4262159162663405e-10	2
6283185.307179586	3389.3393393393394	1	-1.449098114004623	9.840553275591787e-10	2
6283185.307179586	1580.5305305305305	3	-1.0662053497684276	-3.306620553320881e-10	2
6283185.307179586	1531.8318318318318	1	1.0191488329456226	-1.2408414849237943e-09	0
6283185.307179586	745.6956956956957	2	-0.9411455545085539	-9.081566217446438e-10	1
6283185.307179586	766.5665665665666	3	-0.6639330023440426	1.345211807006616e-09	1
6283185.307179586	919.6196196196197	1	0.42830756618829646	1.885055381099205e-09	0
6283185.307179586	926.5765765765766	2	-0.7445656181966375	1.2552562332307657e-09	0
6283185.307179586	2373.6236236236236	2	-0.794179793036959	-1.8577235119194567e-09	0
6283185.307179586	4078.0780780780783	1	-1.4961618383752837	-1.6768319987544775e-09	2
6283185.307179586	857.007007007007	3	1.1636784675102088	9.187810756313269e-10	1
6283185.307179586	1956.2062062062062	2	-1.2388206665870647	-1.1889092299759603e-09	1
6283185.307179586	2130.13013013013	1	0.34140808193311467	-1.4448450939308916e-09	0
6283185.307179586	1448.3483483483483	2	-1.2532728068215049	-1.165404466353261e-09	1
6283185.307179586	2512.762762762763	1	1.3403056999028298	1.5598177293792246e-09	1
6283185.307179586	1427.4774774774776	1	0.17680840477448667	-1.442649635488764e-10	2
6283185.307179586	3319.76976976977	3	-1.1497276408480541	4.3071214318169116e-10	2
6283185.307179586	1608.3583583583584	2	0.8169874285324843	1.9674036781724577e-09	0
6283185.307179586	2011.8618618618618	1	-1.529109117238039	1.6973018847739216e-09	1
6283185.307179586	1469.2192192192192	3	0.3123139098983563	2.7343024344385046e-10	1
6283185.307179586	2436.2362362362364	3	0.48964805206820516	1.8266935933325627e-09	0
6283185.307179586	648.2982982982983	3	-0.39892322382199374	-1.7698762612205831e-09	0
6283185.307179586	1079.6296296296296	1	-0.20382843092534753	-1.1230458037749558e-09	0
6283185.307179586	1121.3713713713714	1	1.07396679722767	-1.624564803682469e-09	0
6283185.307179586	1316.1661661661662	3	0.6112028157456622	1.0573571198764686e-09	0
6283185.307179586	975.2752752752752	3	1.4869152692332412	3.474920696306741e-10	1
6283185.307179586	1517.917917917918	1	0.819358153398869	1.6667598641686531e-09	0
6283185.307179586	2213.613613613614	3	-0.07498111413055364	1.6339538511033528e-09	0
6283185.307179586	1865.7657657657658	3	-0.04938496097071887	1.5162353739327367e-09	0
6283185.307179586	1601.4014014014015	1	1.2962416397987298	1.639956961357527e-10	2
6283185.307179586	1330.08008008008	3	0.6241110029419108	7.809649295886042e-10	2
6283185.307179586	2004.904904904905	1	-1.322014589814915	-7.402941520428423e-11	2
6283185.307179586	2658.858858858859	2	-0.9702987675866918	1.7276123573030204e-09	0
6283185.307179586	1677.927927927928	2	-0.02007624554288956	3.974700312973867e-10	0
6283185.307179586	4342.442442442442	1	-0.09585296435845314	-8.185802322373493e-10	0
6283185.307179586	1879.6796796796798	2	-0.7392223975991892	9.797761911795747e-10	0
6283185.307179586	1497.047047047047	1	0.25498330072716424	-5.848983636301335e-10	2
6283185.307179586	1921.4214214214214	1	0.4129930868807201	-8.839716221733585e-10	0
6283185.307179586	1135.2852852852852	3	0.4385422251450266	-1.0055564995695519e-09	0
6283185.307179586	1267.4674674674675	1	-0.9672972347206967	2.9210248898358733e-10	2
6283185.307179586	1886.6366366366367	3	-1.0551478838308825	-1.0479238699259246e-09	0
6283185.307179586	717.8678678678679	1	-1.1692108464206807	1.8466055175373377e-09	0
6283185.307179586	2693.643643643644	3	0.11244454929252368	-3.7467934274966783e-10	0
6283185.307179586	1135.2852852852852	3	0.9773429611026634	8.764519140515507e-10	2
6283185.307179586	1705.755755755756	3	1.010308959505116	-5.099963752670873e-10	2
6283185.307179586	1817.0670670670672	1	-0.45658933223326814	-5.271902338279548e-10	2
6283185.307179586	1441.3913913913914	1	-0.3843727600292459	4.507860695200019e-10	0
6283185.307179586	1684.884884884885	1	1.0085518086202394	1.85793566555887e-09	0
6283185.307179586	1608.3583583583584	1	-1.358884238603368	-7.857772216481408e-10	1
6283185.307179586	1295.2952952952953	2	-0.1638823822478006	-1.5599341303200186e-09	0
6283185.307179586	1121.3713713713714	2	0.7897256420811245	-1.9019349959856017e-09	0
6283185.307179586	1796.1961961961963	2	1.279653229661034	-1.7841290281049693e-09	0
6283185.307179586	857.007007007007	1	-0.5192440537497203	-1.006816009106641e-09	1
6283185.307179586	794.3943943943945	1	0.9032554414026079	2.7324579789652475e-10	1
6283185.307179586	2568.4184184184187	1	-1.4706960764600265	1.3020250545226153e-10	1
6283185.307179586	982.2322322322323	2	-0.40973793055018604	7.745749967320605e-10	0
6283185.307179586	1664.014014014014	3	-0.3085321718724523	1.8967359000974784e-09	0
6283185.307179586	1733.5835835835837	3	0.0736012263899064	-8.160389849316597e-10	0
6283185.307179586	683.0830830830831	1	0.17836061904350653	5.97529912698833e-10	0
6283185.307179586	1239.6396396396397	3	-0.8660580850525129	-1.9816404212649316e-09	0
6283185.307179586	1232.6826826826828	2	-0.29148592329831624	-8.9407071894076e-10	0
6283185.307179586	1434.4344344344345	3	0.16824820434904142	1.52236867163638e-10	2
6283185.307179586	1594.4444444444446	1	-0.04030436128137205	-1.27558547689828e-09	0
6283185.307179586	1810.11011011011	3	1.521781848926043	1.0113638890088969e-09	2
6283185.307179586	1288.3383383383384	3	-0.5871349625368966	5.476704509996521e-10	1
6283185.307179586	2137.087087087087	1	1.1370115218301606	1.2661210419694184e-09	0
6283185.307179586	1246.5965965965966	1	0.7889211275078747	-2.451685713592932e-10	2
6283185.307179586	3166.7167167167167	3	0.3673444481264896	1.176416529907343e-09	0
6283185.307179586	2519.7197197197197	2	0.5971375268939596	1.3097796843180216e-09	0
6283185.307179586	954.4044044044044	3	0.43988387223371106	9.463609476813415e-10	2
6283185.307179586	3514.5645645645645	3	1.2408490626833593	-5.113718186762218e-11	2
6283185.307179586	1044.8448448448448	3	-0.31364489934369666	1.5035360768520913e-09	0
6283185.307179586	2151.001001001001	1	0.6583311502234874	-1.361138919894306e-10	2
6283185.307179586	1448.3483483483483	1	0.8790996508566109	1.1970528951360256e-09	0
6283185.307179586	801.3513513513514	1	0.13047558267359216	-1.6967761624512857e-09	0
6283185.307179586	606.5565565565565	3	-1.199399383917826	1.6357665980776668e-09	2
6283185.307179586	2895.3953953953956	3	-1.3344906941677266	1.624514454657574e-09	1
6283185.307179586	1657.0570570570571	2	0.8168930114560236	1.2090605800576268e-09	0
6283185.307179586	2297.097097097097	1	-0.47797308234768177	1.2119297210222873e-09	0
6283185.307179586	989.1891891891892	3	-0.7255509284177365	-3.709090407950804e-10	0
6283185.307179586	1844.8948948948948	1	1.544896264351939	1.3186720307659909e-09	2
6283185.307179586	1072.6726726726727	2	-1.339111666102191	-2.652839806164283e-10	2
6283185.307179586	2018.818818818819	2	-0.9559637103549664	-1.3751113714741683e-09	0
6283185.307179586	1712.7127127127128	2	-0.5304937624194515	8.014654379922512e-10	0
6283185.307179586	1608.3583583583584	3	0.5953622054760834	-1.9953200241621563e-09	0
6283185.307179586	1434.4344344344345	3	-0.07752210053834352	1.375828243661777e-09	0
6283185.307179586	857.007007007007	1	-0.24816888099599033	5.626627243984025e-10	0
6283185.307179586	2394.4944944944946	2	0.6773999738824354	-3.3910421808902396e-10	2
6283185.307179586	2227.5275275275276	1	-0.1289349877840431	-1.3051761414264171e-09	0
6283185.307179586	1149.1991991991993	1	-0.6010237529480914	-5.441860913828381e-10	1
6283185.307179586	2199.6996996997	1	-1.3159936705653346	1.890311036222729e-09	0
6283185.307179586	843.0930930930931	1	0.03400447194542622	1.7707240256992244e-09	0
6283185.307179586	4147.647647647647	2	-0.5870561512686507	-1.4446973353419883e-09	0
6283185.307179586	1817.0670670670672	3	0.9086986613483035	1.4495712589407971e-09	0
6283185.307179586	1977.077077077077	2	-1.3339205317046139	1.918736964934468e-09	1
6283185.307179586	1274.4244244244244	1	-1.0810514337572692	-4.1978040544117183e-11	2
6283185.307179586	1350.950950950951	1	1.3346269369417936	2.813004758536045e-10	2
6283185.307179586	557.8578578578579	3	-0.3749114949739438	-1.7354821724738423e-09	0
6283185.307179586	2867.5675675675675	2	1.018038447326842	9.113519840466684e-10	0
6283185.307179586	2123.1731731731734	1	-0.9446292979706991	-4.1141127294047053e-10	2
6283185.307179586	940.4904904904905	3	0.2837231523945838	8.647252739357832e-10	1
6283185.307179586	1232.6826826826828	3	-0.7417776454443975	4.50906867358019e-10	2
6283185.307179586	1232.6826826826828	2	-1.517948456054356	-5.187436731815432e-10	1
6283185.307179586	2895.3953953953956	1	-0.5618247127755254	-5.325145860365068e-10	0
6283185.307179586	2985.835835835836	2	-0.19702695981701757	1.8447502812708934e-09	0
6283185.307179586	2665.8158158158158	1	1.1533082784774815	1.3600677229090077e-09	0
6283185.307179586	1768.3683683683685	3	-0.13239565176016121	-1.7680790130164753e-09	0
6283185.307179586	926.5765765765766	3	-0.9731931126407615	-1.4709582328453595e-09	0
6283185.307179586	1497.047047047047	1	-1.492614839860955	1.3588494789757522e-09	1
6283185.307179586	1497.047047047047	1	-0.14480961997835418	-4.0721090530048585e-10	2
6283185.307179586	2951.051051051051	2	-0.15179575214010033	-1.3062238489382732e-09	0
6283185.307179586	1086.5865865865867	2	0.03303269917910456	-3.195765787459002e-10	0
6283185.307179586	2477.977977977978	3	-0.5154540383781048	1.3802841732340804e-09	0
6283185.307179586	2206.6566566566567	1	1.1148023324171592	-1.806139510633276e-09	0
6283185.307179586	1490.0900900900901	1	1.0143155665877006	1.5179186294444684e-09	0
6283185.307179586	1851.851851851852	3	0.6576012333647876	-4.050325635172491e-10	1
6283185.307179586	1385.7357357357357	3	0.7115698865348588	-1.1759257054149401e-09	0
6283185.307179586	2443.193193193193	1	0.7758672906367909	-1.6636535620419841e-09	0
6283185.307179586	3319.76976976977	1	-0.5384908750194144	1.1053872587992115e-10	2
6283185.307179586	1657.0570570570571	1	-1.2714679508208215	-1.558591265994842e-09	2
6283185.307179586	919.6196196196197	3	0.8895984064100153	8.890600544184446e-10	2
6283185.307179586	1350.950950950951	2	0.4865294619296625	9.93480533816792e-10	0
6283185.307179586	1183.983983983984	2	-1.0355749352934356	-1.1233099489493236e-09	0
6283185.307179586	731.7817817817818	1	-0.9960346547395322	-7.364809734624386e-10	1
6283185.307179586	1364.864864864865	2	-0.905342749666555	2.231355499736377e-10	2
6283185.307179586	2777.127127127127	3	-1.3234173878983713	-1.1268268394722064e-09	1
6283185.307179586	1712.7127127127128	2	-1.3809211914908908	1.4605209583917822e-09	2
6283185.307179586	2464.064064064064	3	0.024189616071358166	-3.4490673228294437e-10	0
6283185.307179586	1420.5205205205204	2	1.2911924464739846	2.887751146282007e-10	2
6283185.307179586	2408.4084084084084	2	0.3811073645741261	-1.6252860699816733e-09	0
6283185.307179586	1684.884884884885	2	1.204899127661934	1.6280551917168205e-09	0
6283185.307179586	787.4374374374374	3	-1.1303753098278102	-1.5500222454003035e-09	0
6283185.307179586	1267.4674674674675	3	-1.1075532635117322	1.9376694194864005e-09	0
6283185.307179586	1455.3053053053054	1	1.5402555036136665	-1.8954699404181568e-09	2
6283185.307179586	655.2552552552553	1	1.0953169518355774	1.6179067058685024e-09	0
6283185.307179586	2686.6866866866867	3	-0.4430374994141981	5.435557257884446e-10	0
6283185.307179586	2644.944944944945	2	0.7851382802975309	-2.1963395554385381e-10	1
6283185.307179586	1135.2852852852852	3	-0.8779893496686745	4.4949948772724615e-10	2
6283185.307179586	2074.474474474475	3	0.6193070244296601	-1.5671536199272295e-09	0
6283185.307179586	2999.7497497497498	2	-1.4852029410757273	-1.0144751997213221e-09	1
6283185.307179586	460.46046046046047	3	-0.46290230882419303	3.390798441505464e-11	0
6283185.307179586	3625.875875875876	2	0.10665403760963166	-1.0955985281437402e-09	0
6283185.307179586	1490.0900900900901	2	0.28718312684843506	-1.5128824805301493e-09	0
6283185.307179586	1615.3153153153153	1	-0.8625495502722547	4.095671005233226e-10	2
6283185.307179586	1636.1861861861862	1	0.797900478075162	-1.1521160579866976e-09	0
6283185.307179586	2192.742742742743	2	-0.2790035373544615	9.124579105368141e-11	2
6283185.307179586	1149.1991991991993	2	0.14640614261397644	-3.1884539043472056e-10	2
6283185.307179586	1538.788788788789	3	-0.5746482344824052	-2.8126075335492333e-10	2
6283185.307179586	2839.73973973974	1	0.128259139047453	1.344765868291808e-09	0
6283185.307179586	1914.4644644644645	1	-0.19180676104339645	1.5499805374232253e-09	0
6283185.307179586	2060.5605605605606	1	-1.1883076061753015	-6.518679199305435e-10	2
6283185.307179586	1476.176176176176	2	-0.7229113588748611	1.7824873770518303e-09	0
6283185.307179586	2053.603603603604	3	1.2116007421462016	-1.4844527743791677e-09	0
6283185.307179586	3278.028028028028	1	-0.05752443985954003	-8.117627510857136e-10	0
6283185.307179586	3723.2732732732734	1	0.3119173977290579	1.4932562478461717e-09	0
6283185.307179586	2269.2692692692694	2	-0.9096247724847901	-1.2014842771596586e-09	0
6283185.307179586	1796.1961961961963	3	1.1736440225996234	1.66832052401859e-09	0
6283185.307179586	2477.977977977978	2	0.36002565392764097	-7.670485294767682e-10	0
6283185.307179586	1566.6166166166167	2	-0.46981064915964077	-8.087670812645769e-11	2
6283185.307179586	1796.1961961961963	1	-0.03898471412246396	1.956512629613365e-09	0
6283185.307179586	2123.1731731731734	2	0.4075696534239166	1.3126964513657347e-09	0
6283185.307179586	1420.5205205205204	3	0.20515734432354682	-1.739132519325929e-09	0
6283185.307179586	912.6626626626627	3	-1.32072731527574	-8.654122669280545e-10	2
6283185.307179586	2283.1831831831832	1	-0.15853828249288515	-7.974034884039263e-10	0
6283185.307179586	2032.7327327327328	3	1.0925641332845872	-1.832180241683218e-09	0
6283185.307179586	1232.6826826826828	2	-1.2190297523517528	-2.3072024726611398e-10	1
6283185.307179586	1691.8418418418419	1	0.7338899687629996	-8.465742220774075e-10	0
6283185.307179586	1204.854854854855	1	-0.9305929376992155	7.403070372541921e-10	0
6283185.307179586	1274.4244244244244	3	0.37307933046871256	1.4071025312317895e-09	0
6283185.307179586	2679.72972972973	1	0.08552178324088011	1.1278969552920655e-09	0
6283185.307179586	1886.6366366366367	3	-1.5246899797196602	5.313970723826594e-10	2
6283185.307179586	1726.6266266266266	3	-0.9467798593948005	-6.372820374629584e-10	1
6283185.307179586	1608.3583583583584	2	0.1973103942055392	1.8749515173647347e-09	0
6283185.307179586	2401.4514514514517	1	-1.2305027620347944	1.1548452886272027e-09	1
6283185.307179586	801.3513513513514	3	0.3060055805821935	9.194257927773806e-11	2
6283185.307179586	1928.3783783783783	2	1.4406155651099017	4.661564062008288e-10	1
6283185.307179586	1434.4344344344345	3	0.44453302426419894	-1.5769701586713391e-09	0
6283185.307179586	2178.828828828829	1	-0.7993801801026716	-1.1968878747744462e-09	0
6283185.307179586	982.2322322322323	1	-0.3380697258903609	-1.4792950698484107e-09	0
6283185.307179586	2004.904904904905	1	-0.714655516175478	5.334080559059607e-10	0
6283185.307179586	1114.4144144144145	1	0.6659795253191851	-7.869087335234228e-10	2
6283185.307179586	2749.2992992992995	2	-0.3468614979485687	-1.1082301488400126e-09	0
6283185.307179586	2011.8618618618618	3	-0.6021782303861077	1.179300879249152e-09	0
6283185.307179586	1698.7987987987988	2	0.8903530632797931	4.572908753001595e-10	1
6283185.307179586	2471.021021021021	1	-0.10655595805109375	-1.993094505384235e-09	0
6283185.307179586	2255.3553553553556	1	1.223513936252247	-1.5210344419759575e-09	0
6283185.307179586	940.4904904904905	1	-0.23319076176729503	1.866036278402538e-09	0
6283185.307179586	2832.7827827827828	2	0.3585669124274573	-1.1794733304817459e-09	0
6283185.307179586	1420.5205205205204	1	1.202123507779005	-9.66878951148893e-10	2
6283185.307179586	2700.6006006006005	3	-0.4123845987500123	1.3219359285202218e-10	2
6283185.307179586	2241.4414414414414	2	-1.0082965260608239	7.249227976325182e-10	1
6283185.307179586	836.1361361361362	3	0.024445059619301546	9.349080363569832e-10	0
6283185.307179586	1810.11011011011	3	-1.1343011768699305	1.2620483989591745e-09	0
6283185.307179586	3222.3723723723724	3	1.029755805302603	-1.7804165006944387e-09	0
6283185.307179586	1469.2192192192192	1	1.4271382436823798	1.6514447290192434e-09	2
6283185.307179586	1935.3353353353355	3	0.022459825386214938	1.1489152948300636e-09	0
6283185.307179586	1601.4014014014015	3	-0.220163240954653	-7.113362042022913e-10	0
6283185.307179586	1037.887887887888	1	1.2124097360512671	-1.589639618668328e-10	2
6283185.307179586	1824.0240240240241	3	0.7656082818889893	-1.3097364974000115e-09	0
6283185.307179586	2561.4614614614616	1	0.7043025843363404	-1.468629777494671e-09	0
6283185.307179586	2220.5705705705705	1	-0.9836157357390977	5.673266441471017e-10	2
6283185.307179586	3020.6206206206207	1	-1.0930906233181945	-1.7120850541150814e-09	0
6283185.307179586	780.4804804804805	3	0.1898544976238603	-7.109469260790933e-10	0
6283185.307179586	1573.5735735735736	3	-1.5045788808319573	-1.4386917822307686e-09	2
6283185.307179586	1990.9909909909911	3	0.5594391390783855	-1.3187914544191171e-11	2
6283185.307179586	1114.4144144144145	1	0.41367033182804125	-1.3841489604855144e-09	0
6283185.307179586	1865.7657657657658	2	-0.524295426499382	-1.7782985294830593e-09	0
6283185.307179586	1364.864864864865	1	-0.42328275234988055	1.0617586772016916e-09	0
6283185.307179586	2206.6566566566567	1	-0.49468958961513354	1.780906477173297e-10	2
6283185.307179586	703.9539539539539	2	-0.971796321889481	-3.874217610118293e-10	2
6283185.307179586	655.2552552552553	2	-0.8827049459023736	1.2813814880669192e-09	0
6283185.307179586	481.33133133133134	2	-0.26170092956915036	-1.751688291669818e-09	0
6283185.307179586	1705.755755755756	1	0.5796705788671463	-1.3067043781701252e-09	0
6283185.307179586	2658.858858858859	3	-0.26973350959395903	-1.5070855614953073e-09	0
6283185.307179586	335.2352352352352	2	-0.1719180492742356	5.162824312091652e-10	1
6283185.307179586	683.0830830830831	1	0.848320603316898	-1.614756751739729e-09	2
6283185.307179586	446.54654654654655	2	-0.7127007113144814	1.4460961928792503e-09	0
6283185.307179586	3034.5345345345345	2	-0.31162125870606605	-3.1690454774753323e-11	1
6283185.307179586	1072.6726726726727	3	1.4735748272661846	-1.4143091308405118e-09	2
6283185.307179586	1733.5835835835837	2	0.6909079863573995	-1.182570531405231e-09	0
6283185.307179586	655.2552552552553	3	-1.27149319309304	-1.3973420371097683e-09	0
6283185.307179586	564.8148148148148	2	0.8448071211565003	-1.641421538964294e-10	1
6283185.307179586	724.8248248248249	1	0.5558707158940037	5.74835469253646e-10	0
6283185.307179586	328.27827827827826	1	-1.5019723561128229	-2.3554499431279656e-10	1
6283185.307179586	1601.4014014014015	1	-1.3767347443327025	1.6050940351370144e-09	2
6283185.307179586	1990.9909909909911	1	0.8316110164372619	-1.78933463884612e-09	0
6283185.307179586	1650.1001001001002	2	-1.1861058934926714	-2.046246130143933e-10	1
6283185.307179586	1003.1031031031031	1	0.42490566200985325	-9.36986916742502e-10	2
6283185.307179586	989.1891891891892	2	0.8604665680250831	6.068175952355851e-10	1
6283185.307179586	961.3613613613613	3	-0.7581443426695743	8.449741430598727e-10	2
6283185.307179586	1824.0240240240241	1	-1.390303212660351	-8.858191200210457e-10	1
6283185.307179586	2359.70970970971	2	-1.1139689237414332	-1.7678744911082683e-09	0
6283185.307179586	1928.3783783783783	3	-1.438109251560023	1.2489259492901542e-09	2
6283185.307179586	1330.08008008008	2	1.164575252608457	7.963266505531469e-10	1
6283185.307179586	759.6096096096096	2	-1.1942081064273853	1.234477987544435e-09	2
6283185.307179586	2651.901901901902	2	0.39787165082749776	-1.399567742451e-09	0
6283185.307179586	3034.5345345345345	2	-0.5206131835334491	3.424038751132654e-10	2
6283185.307179586	1010.0600600600601	2	-1.4969993377248505	-1.8406952515477412e-09	2
6283185.307179586	3027.577577577578	2	-0.849630087474605	-1.5953033478614415e-09	0
6283185.307179586	2484.934934934935	2	-0.36812942739084686	1.0932930011288771e-09	0
6283185.307179586	2999.7497497497498	3	0.6240939142601944	-3.4450803494317447e-10	1
6283185.307179586	1316.1661661661662	1	-0.14432691764837302	-1.0427209231210553e-09	0
6283185.307179586	2464.064064064064	2	1.270438746165509	-1.7197045206932661e-09	0
6283185.307179586	1323.1231231231232	3	1.5570566770248244	1.5922710731758747e-09	2
6283185.307179586	2672.772772772773	2	0.5618946355101198	7.950518723358513e-10	0
6283185.307179586	2561.4614614614616	2	0.5071464804445536	-1.7528947302435515e-09	0
6283185.307179586	1740.5405405405406	1	-0.7773658314114494	-1.2014865438725298e-09	0
6283185.307179586	2304.054054054054	3	0.10002716907096887	-5.806477366074363e-10	0
6283185.307179586	3257.157157157157	1	-1.3338060399360276	1.999883158549744e-09	0
6283185.307179586	2039.6896896896897	2	0.066692810718058	6.91391337999511e-10	0
6283185.307179586	3305.855855855856	3	-1.0916507980057126	1.5996239620846872e-09	0
6283185.307179586	1580.5305305305305	1	-0.7532047736376186	-6.550960494249009e-10	2
6283185.307179586	1670.970970970971	2	1.2876154666595525	-1.2933837870085109e-09	2
6283185.307179586	1037.887887887888	2	0.7450699831030025	-1.9910913222695976e-09	0
6283185.307179586	815.2652652652653	3	-0.8933069380602527	1.8830925750694525e-09	0
6283185.307179586	2004.904904904905	2	-0.986486030627517	7.413302435043045e-10	1
6283185.307179586	2317.967967967968	2	-1.40475846999835	-2.387399889449178e-10	2
6283185.307179586	1761.4114114114116	1	-0.4102261875252913	1.537882075378411e-09	0
6283185.307179586	425.6756756756757	1	1.5031148428890795	1.457777452998157e-09	2
6283185.307179586	2443.193193193193	1	-1.2867854449719234	-1.1543583172925627e-09	2
6283185.307179586	1037.887887887888	1	1.4814171860728682	4.871720291662878e-10	2
6283185.307179586	863.963963963964	2	1.394213795091066	-1.0302538486278668e-10	1
6283185.307179586	2067.5175175175173	3	0.8160359487851845	8.762408938345846e-10	0
6283185.307179586	1427.4774774774776	2	0.9852297601326194	1.2125681379374066e-09	0
6283185.307179586	2248.3983983983985	2	-0.7422650702366396	1.545025903439818e-10	2
6283185.307179586	961.3613613613613	2	-0.2627204589954648	4.30684019671518e-10	2
6283185.307179586	1587.4874874874874	1	0.543798311837175	1.6631057334038142e-09	0
6283185.307179586	1977.077077077077	1	-1.0831719638917374	-1.4660691113859544e-09	0
6283185.307179586	2317.967967967968	2	0.38878091490411015	-6.535184395600809e-10	0
6283185.307179586	1970.1201201201202	3	-1.079219918268284	8.196795672686386e-10	2
6283185.307179586	1858.8088088088089	1	-0.5764062396122203	-1.6159402327544249e-09	0
6283185.307179586	2985.835835835836	2	-0.9966332612718076	5.806423564695745e-10	2
6283185.307179586	1434.4344344344345	3	-0.30629402851516785	1.2849589246611998e-09	0
6283185.307179586	1357.9079079079079	2	-0.21475667305554258	-1.1920720538695698e-09	0
6283185.307179586	1970.1201201201202	1	1.3137886025295793	-1.735831264236803e-10	2
6283185.307179586	1510.960960960961	2	0.7431886451692842	2.765435719358098e-10	2
6283185.307179586	2032.7327327327328	2	0.22262200680902366	1.1692908268329583e-09	0
6283185.307179586	1594.4444444444446	3	0.9331367294036901	1.8416616332424914e-09	0
6283185.307179586	1441.3913913913914	1	0.838722634511575	-1.5025202167141512e-09	0
6283185.307179586	2464.064064064064	2	-0.9079154372339421	-1.3806438722753592e-09	0
6283185.307179586	794.3943943943945	1	-1.4508457388388307	1.7258934049770262e-09	1
6283185.307179586	1246.5965965965966	3	1.092153591731833	-1.4079681533020929e-09	0
6283185.307179586	1531.8318318318318	1	0.329411782140552	1.8414614932247915e-10	2
6283185.307179586	2060.5605605605606	3	-0.9534669158659997	-9.43260146900208e-10	0
6283185.307179586	1323.1231231231232	3	0.08907010624626777	-6.939788835471195e-10	0
6283185.307179586	1580.5305305305305	2	-0.45088925161243076	1.4877985660331369e-09	0
6283185.307179586	2505.805805805806	3	0.5745645069566883	1.2313978245496827e-09	0
6283185.307179586	3591.091091091091	1	-0.03938174160505348	1.3009049207376337e-09	0
6283185.307179586	1183.983983983984	1	-1.2737358631019657	1.8218440198822216e-09	0
6283185.307179586	2707.5575575575576	2	-0.7942920439188638	-3.0611582423252496e-10	2
6283185.307179586	2756.256256256256	3	-0.14706282952623417	1.8411568504645993e-10	1
6283185.307179586	2004.904904904905	2	-0.34138814965035436	-1.426832285187829e-09	0
6283185.307179586	1608.3583583583584	2	1.0361903299808999	1.527764143785875e-09	0
6283185.307179586	2331.881881881882	1	-0.3680124127888573	1.5388672743970822e-09	0
6283185.307179586	1239.6396396396397	2	-1.1211354366456232	6.492121523053709e-10	2
6283185.307179586	2192.742742742743	1	1.438994315338606	-1.5401519273080077e-09	2
6283185.307179586	2331.881881881882	2	-0.4811008206224703	-1.7059422214435288e-09	0
6283185.307179586	335.2352352352352	1	-1.535493063733374	-1.0003922210268246e-09	2
6283185.307179586	1330.08008008008	2	1.4526291835403384	1.3099386891804153e-09	1
6283185.307179586	1712.7127127127128	1	-0.4380720768252455	5.837241765241938e-10	0
6283185.307179586	1664.014014014014	1	-1.0058678979810343	2.9079693420317853e-10	2
6283185.307179586	1399.6496496496497	1	-0.7542819392696649	-7.312593659305287e-10	1
6283185.307179586	1510.960960960961	3	0.5478314038832388	1.920983672459487e-09	0
6283185.307179586	627.4274274274275	2	-0.17766796929900486	-9.900034374802657e-10	0
6283185.307179586	1183.983983983984	3	0.8617174257575684	2.6952125211653774e-10	1
6283185.307179586	996.1461461461462	1	-1.4630583425522568	7.962346580294439e-10	2
6283185.307179586	1754.4544544544544	1	-0.4099563468672476	-5.942957107361302e-10	2
6283185.307179586	1789.2392392392394	1	0.7655809334979993	-2.2269806571167025e-10	2
6283185.307179586	2797.997997997998	3	1.2368988911837207	-1.4998859330343166e-09	0
6283185.307179586	1893.5935935935936	1	0.18479420003486302	-1.3860605337018394e-09	0
6283185.307179586	1170.0700700700702	2	0.9903761872732639	-3.078399003133253e-10	1
6283185.307179586	1281.3813813813815	2	-0.45495942569629366	1.754904750579108e-09	0
6283185.307179586	592.6426426426426	1	1.27688225292589	1.5297531458907563e-10	2
6283185.307179586	1023.973973973974	3	0.8062224920457011	-3.8203532488746065e-10	1
6283185.307179586	1830.980980980981	1	-0.7626684754074529	1.0975852345197316e-09	0
6283185.307179586	1510.960960960961	1	0.8401642485378025	-1.7598050179472017e-09	0
6283185.307179586	2151.001001001001	3	0.6806951774582193	7.447877226408209e-10	0
6283185.307179586	4078.0780780780783	2	0.7875741712000592	-9.220197307665922e-10	0
6283185.307179586	2248.3983983983985	1	-1.366275483067022	-7.387319973003873e-10	1
6283185.307179586	3069.319319319319	1	1.5051568147987693	-1.0628297076327686e-09	1
6283185.307179586	2004.904904904905	1	-0.480433203270926	7.259475324293529e-10	0
6283185.307179586	1921.4214214214214	2	0.4524106392982339	-1.8356886012715223e-09	0
6283185.307179586	2095.3453453453453	2	0.07520859976273098	1.468880145457742e-09	0
6283185.307179586	1218.7687687687687	2	1.3342031475182194	1.7805072243373254e-09	1
6283185.307179586	2491.891891891892	1	-1.1292850885204386	-1.2129913009463868e-09	0
6283185.307179586	1476.176176176176	3	0.37035364928532855	1.9771949572062062e-09	0
6283185.307179586	571.7717717717718	3	1.4090745475278084	-1.2516008483972168e-09	2
6283185.307179586	2123.1731731731734	1	-0.016402483408809898	-1.0846845481517197e-09	0
6283185.307179586	2164.914914914915	2	1.0669628251831877	-1.81377901708153e-10	2
6283185.307179586	703.9539539539539	2	-0.5924932378888546	-1.976010665500541e-09	0
6283185.307179586	1288.3383383383384	3	1.0748210948306554	-8.241287344943716e-10	1
6283185.307179586	1017.017017017017	1	1.050870023253336	4.1368567688165837e-10	2
6283185.307179586	3695.4454454454453	2	0.4660449326543352	1.5824909895786963e-09	0
6283185.307179586	474.3743743743744	3	0.3761725525561439	8.246588869707369e-10	0
6283185.307179586	3048.4484484484487	1	-0.7115750791865139	8.238717793625527e-10	0
6283185.307179586	488.2882882882883	1	-1.4538142903418403	-2.5713687269246847e-11	2
6283185.307179586	1183.983983983984	2	-0.5212890345678758	-1.0265052838196015e-09	0
6283185.307179586	1003.1031031031031	2	0.9017767374145595	-1.8652962239310103e-09	0
6283185.307179586	1879.6796796796798	1	1.401037098824868	-1.5272824509667087e-09	2
6283185.307179586	1573.5735735735736	1	-0.3900703352418191	-8.442126954794232e-10	0
6283185.307179586	599.5995995995996	1	0.13791856516668943	9.75413940923927e-10	0
6283185.307179586	1984.034034034034	2	1.1960688944035822	1.001714717383292e-09	1
6283185.307179586	1072.6726726726727	2	-0.06524210361389415	1.221348666703704e-09	0
6283185.307179586	1044.8448448448448	1	0.2832922100880835	-3.41603398557147e-10	2
6283185.307179586	1851.851851851852	1	0.20452317131340125	1.6057776358762321e-09	0
6283185.307179586	1900.5505505505505	1	-0.4458231167841744	6.264608528753482e-11	2
6283185.307179586	1107.4574574574574	2	-1.0312954348439445	2.8080955907159077e-10	2
6283185.307179586	1072.6726726726727	1	1.43587819050834	-7.725214188223583e-10	2
6283185.307179586	1003.1031031031031	2	0.07436033267811148	1.5005906193634191e-09	0
6283185.307179586	265.66566566566564	3	0.6280967012843197	-7.050950628920663e-10	0
6283185.307179586	2352.7527527527527	1	-0.5173700516031587	1.2586544814636457e-09	0
6283185.307179586	2491.891891891892	2	0.9194102094274337	4.554478780008097e-10	2
6283185.307179586	1691.8418418418419	3	0.6015529386144709	9.016777994218184e-10	0
6283185.307179586	2575.3753753753754	1	0.1739164701686906	-1.436721507189286e-09	0
6283185.307179586	2637.987987987988	2	0.5592008464233573	2.7743502245502446e-10	2
6283185.307179586	2436.2362362362364	3	-1.331657015470881	1.8223381714971705e-09	1
6283185.307179586	752.6526526526527	3	0.7032394534442599	-2.9512178390644376e-10	0
6283185.307179586	335.2352352352352	2	0.7190343242799186	-1.5590052774672142e-09	0
6283185.307179586	2978.878878878879	3	-0.27489271416166194	-1.7078385107875646e-09	0
6283185.307179586	1608.3583583583584	1	-0.9396268255039918	-1.166781249838031e-09	0
6283185.307179586	1677.927927927928	3	1.431629866642921	1.5616856784975244e-09	2
6283185.307179586	2241.4414414414414	3	0.361015887539591	1.4114589149603365e-09	0
6283185.307179586	1343.993993993994	2	-1.48680375324249	1.3084775286694766e-09	2
6283185.307179586	2394.4944944944946	2	0.1104913497503619	-1.2054159527928104e-09	0
6283185.307179586	1963.1631631631633	3	0.9716359844221567	-6.085130279163069e-10	1
6283185.307179586	2171.871871871872	1	1.5227455351518504	-8.556705779732662e-10	2
6283185.307179586	1323.1231231231232	3	0.5596420322552378	6.471530598214202e-10	1
6283185.307179586	2575.3753753753754	1	-1.559536551542649	-1.5910099631275477e-09	2
6283185.307179586	1657.0570570570571	3	0.08608103646771781	1.5222372818868645e-09	0
6283185.307179586	1350.950950950951	3	0.15177000370148064	8.850402110876668e-10	0
6283185.307179586	1775.3253253253254	3	0.02716190191889023	6.280393233869333e-10	0
6283185.307179586	2443.193193193193	1	-0.16580043292196378	1.796024401145598e-09	0
6283185.307179586	2784.084084084084	2	0.37149819737531065	1.5071704208800198e-09	0
6283185.307179586	801.3513513513514	1	1.4796316903058142	-1.2936483897345685e-09	2
6283185.307179586	2039.6896896896897	2	-0.40843290898802964	2.866203098289671e-10	1
6283185.307179586	2276.226226226226	2	-0.15175033416076933	1.348105230743273e-10	2
6283185.307179586	1872.7227227227227	3	-1.2112471229423654	3.862561456453373e-10	2
6283185.307179586	2846.6966966966966	3	0.7891662516470532	6.918302363630146e-11	2
6283185.307179586	1107.4574574574574	3	0.2641607652186593	6.49871296737629e-10	1
6283185.307179586	2784.084084084084	1	-1.4521313817837718	3.067684069757672e-10	2
6283185.307179586	467.4174174174174	2	1.018762507478057	-1.0668629394035826e-09	2
6283185.307179586	1531.8318318318318	3	-1.1634077788640989	3.4194812862024804e-10	2
6283185.307179586	3104.1041041041044	3	0.913671204551604	-4.4476378454436103e-10	2
6283185.307179586	1872.7227227227227	2	1.0425695254718907	-1.2622441159523304e-09	0
6283185.307179586	1044.8448448448448	1	-0.7680786051733972	1.6761948630402626e-09	0
6283185.307179586	3396.2962962962965	1	-0.40518461601798705	-9.373608451765577e-10	0
6283185.307179586	1851.851851851852	3	-0.23281746826263006	1.2919414551349462e-09	0
6283185.307179586	1691.8418418418419	1	1.1006230927925666	-1.6458041660888872e-09	0
6283185.307179586	3034.5345345345345	2	-0.7192514097030237	9.622803065072977e-10	0
6283185.307179586	2832.7827827827828	1	0.9351347065833395	-1.6202052899475336e-10	2
6283185.307179586	314.36436436436435	2	0.7296735035704409	8.787265618904873e-10	2
6283185.307179586	1851.851851851852	1	0.5256337789691536	5.43897346860238e-10	0
6283185.307179586	1309.2092092092093	1	-0.05531320395678119	-5.0213132934219385e-11	0
6283185.307179586	2707.5575575575576	2	0.11717529059052878	-1.5032566649829952e-09	0
6283185.307179586	1830.980980980981	2	1.1376410294326251	1.5960916860703266e-09	0
6283185.307179586	1942.2922922922924	1	0.6994267085807095	-3.7551049160710687e-10	2
6283185.307179586	1615.3153153153153	1	1.222577689817376	-3.552697477437353e-10	2
6283185.307179586	1664.014014014014	2	-0.5647877548243425	-8.359663416486801e-10	0
6283185.307179586	2867.5675675675675	3	-1.362862782998056	3.369320309273879e-10	2
6283185.307179586	2039.6896896896897	2	-1.264746272317713	-1.2415073170773737e-09	2
6283185.307179586	2909.3093093093094	1	-0.9981242173041176	-1.8208139831379928e-09	0
6283185.307179586	530.03003003003	3	1.3872196779069594	2.6138569267637564e-10	2
6283185.307179586	2248.3983983983985	1	0.5985950739566133	1.4199798362139224e-09	0
6283185.307179586	1754.4544544544544	3	0.6818845817733683	-1.5155698431495424e-09	0
6283185.307179586	1559.6596596596596	1	-0.012897295934416242	-6.839248417573699e-10	0
6283185.307179586	1330.08008008008	3	-0.5489885814033311	1.3762895922984546e-09	0
6283185.307179586	2603.2032032032034	1	-1.4838644838400956	1.278046885460856e-09	1
6283185.307179586	905.7057057057058	1	0.8620055385851093	-1.2943550300640094e-09	1
6283185.307179586	1712.7127127127128	3	-1.5698340137714581	1.264049999345287e-09	2
6283185.307179586	1274.4244244244244	2	0.2967423631249204	5.109293011320668e-10	1
6283185.307179586	2109.259259259259	1	-0.836091169040668	-2.447519966379534e-10	2
6283185.307179586	1733.5835835835837	1	-1.2206059011903048	2.6492071118458634e-10	1
6283185.307179586	1177.027027027027	3	0.23628513004645213	1.5180842294499942e-09	0
6283185.307179586	1302.2522522522522	3	1.444203393652828	-3.9969767409490586e-10	1
6283185.307179586	1817.0670670670672	3	1.2177558518928588	8.58054997471104e-10	2
6283185.307179586	2018.818818818819	1	-0.8724098236125369	-9.811652982929302e-10	0
6283185.307179586	2213.613613613614	3	-0.7196607797777023	-1.4593367697037692e-09	0
6283185.307179586	1830.980980980981	2	-0.04375151916324804	-1.99046507620654e-09	0
6283185.307179586	1670.970970970971	2	-1.5386577163007784	-1.871366953077221e-09	2
6283185.307179586	2081.4314314314315	2	-1.018120534062789	2.698761603039944e-10	2
6283185.307179586	1733.5835835835837	1	0.5927933661906284	1.4422584650193771e-09	0
6283185.307179586	2060.5605605605606	2	-0.3648450992613903	1.2480289856651481e-09	0
6283185.307179586	1156.1561561561562	2	-0.04319961402906736	1.990787127303748e-09	0
6283185.307179586	2004.904904904905	1	0.26429751400934975	-1.3633460483012285e-09	0
6283185.307179586	2227.5275275275276	2	0.40038854543298275	3.1694966192904305e-10	1
6283185.307179586	1990.9909909909911	3	1.3741342162582533	-7.324380089634782e-10	2
6283185.307179586	2018.818818818819	3	-1.2141884034128403	2.2859681476560782e-10	2
6283185.307179586	557.8578578578579	3	1.244355135992326	-1.3920060728115225e-09	0
6283185.307179586	1225.7257257257259	2	-1.513336053134016	-1.1852617283004443e-09	1
6283185.307179586	1698.7987987987988	1	0.3040245594320583	1.97165545677035e-09	0
6283185.307179586	1858.8088088088089	3	-0.16896707598818006	-1.7651593196957981e-09	0
6283185.307179586	1997.947947947948	2	-1.42909391979905	-2.689186276747182e-11	2
6283185.307179586	2262.3123123123123	2	0.5184305141902885	1.666467703057858e-09	0
6283185.307179586	1949.2492492492493	2	-0.7581312791507298	-3.4787925682130233e-10	2
6283185.307179586	1517.917917917918	1	-0.9923485244409559	-1.5649331130152802e-09	0
6283185.307179586	2039.6896896896897	3	-0.998846417153986	-6.046523754200259e-10	2
6283185.307179586	1824.0240240240241	2	0.9021333294803746	8.859482917398461e-10	0
6283185.307179586	1490.0900900900901	2	0.6350252639364218	1.5422424731952993e-10	1
6283185.307179586	850.0500500500501	3	-0.831224927055919	-1.801611572441651e-09	0
6283185.307179586	1977.077077077077	3	1.4999690625556252	5.238036803231042e-10	2
6283185.307179586	1705.755755755756	2	0.023147690697195467	4.556885984908132e-10	0
6283185.307179586	1545.7457457457458	3	-0.12450004599051634	-7.040357230401112e-10	0
6283185.307179586	1928.3783783783783	1	-0.8160623052481153	-5.82866039592263e-10	2
6283185.307179586	1796.1961961961963	2	0.6385492696680073	1.7671674099397896e-09	0
6283185.307179586	1337.0370370370372	2	-0.7749927926745128	1.5928082838223646e-09	0
6283185.307179586	1399.6496496496497	3	1.0506318592946924	-1.2430604502104027e-09	0
6283185.307179586	2888.4384384384384	1	-0.22811879788993417	1.5015521108464636e-09	0
6283185.307179586	1921.4214214214214	2	-1.3439650251118773	-2.990590872803787e-10	1
6283185.307179586	961.3613613613613	2	-0.7367120356548108	1.3694812662404862e-10	2
6283185.307179586	2380.5805805805808	2	1.1910109271316287	1.745140696545811e-09	0
6283185.307179586	2025.7757757757759	1	0.5311430709417873	1.9888266125643352e-09	0
6283185.307179586	2721.4714714714714	1	0.08279126152730121	8.973043299034071e-10	0
6283185.307179586	2297.097097097097	1	-0.7218543640845303	8.151421827495293e-10	0
6283185.307179586	1135.2852852852852	1	1.3380875941186892	1.2868542678657373e-10	2
6283185.307179586	1406.6066066066066	1	0.7893830074517796	-1.2729236882445504e-09	0
6283185.307179586	2700.6006006006005	2	-0.611614653032362	-5.879182693791583e-10	0
6283185.307179586	2784.084084084084	3	-0.3473202421490511	7.960899802769837e-10	0
6283185.307179586	1010.0600600600601	2	1.4369808216543953	-1.9373336662307154e-09	2
6283185.307179586	1566.6166166166167	3	-0.9016654817626426	-5.837036736376237e-10	1
6283185.307179586	2109.259259259259	1	1.0011403072298806	1.7829973524746706e-10	2
6283185.307179586	2749.2992992992995	3	-0.801549290168265	-1.3145661568372722e-09	0
6283185.307179586	2123.1731731731734	2	0.7586094525453246	-1.2256892617510145e-10	1
6283185.307179586	1747.4974974974975	3	-1.562564096425076	-1.593512774502724e-09	2
6283185.307179586	1003.1031031031031	3	-0.7610796193759843	5.011247519452313e-10	2
6283185.307179586	1810.11011011011	2	-1.5447981594089752	6.169424274800968e-11	2
6283185.307179586	2116.2162162162163	3	0.3432568160730083	-1.6887877723701414e-09	0
6283185.307179586	1392.6926926926926	1	-0.37974309066694323	-9.469991875609046e-10	0
6283185.307179586	1684.884884884885	1	-1.5447360283696567	8.709384809319597e-10	1
6283185.307179586	1010.0600600600601	2	0.6288300751420306	-1.8995684457165993e-09	0
6283185.307179586	1761.4114114114116	3	-1.4963389044815543	-1.9652096664954604e-09	2
6283185.307179586	2109.259259259259	2	1.0321181198241605	2.875923578361745e-10	2
6283185.307179586	1761.4114114114116	1	0.10845998905476084	-1.862162148815089e-09	0
6283185.307179586	1726.6266266266266	3	1.1604708603887692	-1.5118656570663545e-09	0
6283185.307179586	2366.6666666666665	3	0.6162038763491333	1.1741806026755529e-09	0
6283185.307179586	898.7487487487488	1	-1.2976955557742604	1.4789846964131853e-09	2
6283185.307179586	1065.7157157157158	3	-0.006928316735586915	1.6907250490156601e-09	0
6283185.307179586	2909.3093093093094	1	-1.350134701563612	-1.294488686796145e-09	2
6283185.307179586	279.57957957957956	3	-0.2905795456442606	3.138081351918495e-11	0
6283185.307179586	2450.1501501501502	1	0.12633676934606153	-1.1751696504174515e-09	0
6283185.307179586	1670.970970970971	1	0.47208012017246004	-1.4501437013978745e-10	2
6283185.307179586	822.2222222222223	2	1.0377823823702967	7.788404520030054e-10	2
6283185.307179586	1246.5965965965966	1	0.7980242851063286	1.6803115612370092e-09	0
6283185.307179586	1100.5005005005005	1	0.2236395207746924	-1.0886191240071583e-09	0
6283185.307179586	1190.940940940941	1	0.5391272424278433	-1.3203965487111137e-09	0
6283185.307179586	2637.987987987988	2	-1.280429120799161	1.0373221654736791e-09	1
6283185.307179586	1970.1201201201202	1	0.06599162067376851	8.682858496615967e-10	0
6283185.307179586	2596.2462462462463	2	-1.3950661628233336	-4.853210103732372e-10	1
6283185.307179586	1232.6826826826828	1	-0.7719007518269695	1.86457341766064e-09	0
6283185.307179586	2185.7857857857857	3	-1.2776496958603865	1.9175510298053695e-09	0
6283185.307179586	989.1891891891892	1	1.400909449921563	-1.4747974462446388e-09	2
6283185.307179586	1023.973973973974	1	-1.450178447395332	1.8427767772210547e-09	1
6283185.307179586	3702.4024024024025	2	-0.33198222928530563	1.9222575537654634e-10	2
6283185.307179586	1691.8418418418419	3	-0.339047448110396	-6.972179758341506e-10	0
6283185.307179586	1044.8448448448448	1	0.15414833529043714	8.20912175787273e-10	0
6283185.307179586	2144.0440440440443	2	1.2312415540600403	1.2329629789798037e-09	1
6283185.307179586	1956.2062062062062	3	0.45312955895752927	-1.1240428389927492e-09	0
6283185.307179586	1142.2422422422424	3	-1.232258526508665	-2.9033790645746156e-10	2
6283185.307179586	2025.7757757757759	1	1.008845086668888	4.939759989569695e-10	1
6283185.307179586	2227.5275275275276	2	0.202781598638347	1.1083381854101745e-09	0
6283185.307179586	2123.1731731731734	2	-0.9296313897163337	-1.9908566306872895e-09	0
6283185.307179586	4335.485485485486	1	-0.5420809541682865	4.229514020718431e-10	0
6283185.307179586	1594.4444444444446	2	-1.1247556731087394	3.709035191773511e-10	1
6283185.307179586	3834.5845845845847	2	0.6046951385157739	3.268653837540829e-11	1
6283185.307179586	1093.5435435435436	2	0.18468169518787092	5.611127991163689e-10	1
6283185.307179586	1023.973973973974	3	1.2713176851659838	1.6787937495772695e-09	2
6283185.307179586	1044.8448448448448	1	-1.339975826926194	-7.123531485828916e-10	1
6283185.307179586	2804.954954954955	3	1.0303654084238167	1.9723361792637098e-09	0
6283185.307179586	1114.4144144144145	3	-1.359452755415318	5.956057965197559e-10	2
6283185.307179586	1879.6796796796798	3	0.16699763329420558	-6.531648110884164e-10	0
6283185.307179586	2178.828828828829	2	-0.1241199790301577	-1.98379339294917e-09	0
6283185.307179586	1664.014014014014	3	-0.5045398995602735	3.3142667034151373e-10	1
6283185.307179586	2255.3553553553556	1	-0.7502770752003453	1.030989027041711e-09	0
6283185.307179586	3027.577577577578	3	1.142848366147799	1.6169457474987276e-09	0
6283185.307179586	1267.4674674674675	2	-0.2928519676618093	7.464953352176666e-11	1
6283185.307179586	1803.1531531531532	1	-0.22109912727518832	-7.282531524056681e-10	0
6283185.307179586	1956.2062062062062	2	1.0371562615591383	-1.6515705473260858e-09	0
6283185.307179586	2951.051051051051	2	0.04825748882453951	-1.6765604550769939e-09	0
6283185.307179586	2394.4944944944946	2	-1.488111437387314	1.8624383196269204e-09	2
6283185.307179586	1531.8318318318318	3	0.5278048133211031	-1.0846480039861684e-09	0
6283185.307179586	2102.3023023023025	2	0.679227313631166	-9.226287897783997e-10	0
6283185.307179586	1830.980980980981	3	-0.6981751210032657	8.680670724149747e-10	0
6283185.307179586	1100.5005005005005	2	0.3188122935167117	1.4323316278083682e-09	0
6283185.307179586	1058.7587587587586	2	0.7382900602088056	-1.7678371214022173e-09	0
6283185.307179586	1636.1861861861862	1	-0.9365838317858032	1.9697236643488006e-09	0
6283185.307179586	1810.11011011011	2	-0.10672728402331888	-5.509021319300241e-10	0
6283185.307179586	1921.4214214214214	1	1.1996654770563393	6.511079987123586e-10	2
6283185.307179586	1392.6926926926926	1	-0.056905369404036454	1.1066992093166817e-09	0
6283185.307179586	2985.835835835836	1	1.1487715283134916	-1.4677483016287663e-09	0
6283185.307179586	1594.4444444444446	3	-0.07747783575650025	1.053511522899387e-09	0
6283185.307179586	3131.931931931932	2	0.3402001571912867	1.941461760533739e-09	0
6283185.307179586	2109.259259259259	3	-0.0885688937453677	1.1859067370050409e-09	0
6283185.307179586	1177.027027027027	3	-1.53605962453311	-3.497144931366157e-10	2
6283185.307179586	1865.7657657657658	1	-1.4886788403138955	-1.4429859021343648e-09	1
6283185.307179586	2387.5375375375374	2	-0.8395230813258955	1.402924089596973e-09	0
6283185.307179586	2366.6666666666665	1	0.24982801184073478	1.7014057458733549e-10	2
6283185.307179586	822.2222222222223	2	-0.7571005656645117	1.2984039631276694e-09	0
6283185.307179586	2951.051051051051	2	-0.7307495461106026	1.0329820422047332e-09	0
6283185.307179586	2157.957957957958	3	-0.37263951206863855	-9.253938800708569e-10	0
6283185.307179586	1990.9909909909911	2	-1.5686750999076373	-1.3036948836207235e-09	2
6283185.307179586	3097.1471471471473	1	-1.547292197159024	-1.2954547838876958e-10	1
6283185.307179586	1079.6296296296296	1	-0.5598485751423168	-7.983295197480348e-10	1
6283185.307179586	1156.1561561561562	1	-0.2832241183602453	1.1911591276121789e-13	2
6283185.307179586	1810.11011011011	3	0.8125816922401881	5.848487288306107e-11	2
6283185.307179586	1844.8948948948948	3	1.5435245462646536	8.97516728931325e-10	2
6283185.307179586	731.7817817817818	2	0.7157541418035511	-1.0549064567613013e-09	0
6283185.307179586	1093.5435435435436	1	0.8495676025304948	-1.71092910096422e-09	0
6283185.307179586	1239.6396396396397	3	0.45265412433329244	2.351385250406084e-10	1
6283185.307179586	1253.5535535535537	2	-0.3175492008545002	-5.019252600519835e-10	2
6283185.307179586	2554.5045045045044	1	-1.2182740677092825	-4.189584978158233e-10	2
6283185.307179586	2039.6896896896897	3	-1.4085456794126525	-1.1397273554760975e-10	2
6283185.307179586	3048.4484484484487	3	-0.053458154741067965	-1.9678954157853527e-09	0
6283185.307179586	1712.7127127127128	1	0.23552877793065408	-1.0390083314986713e-09	0
6283185.307179586	731.7817817817818	1	-1.253191638944766	-1.1772361252539301e-09	1
6283185.307179586	2352.7527527527527	3	-0.024321796477560165	-1.7402490678745096e-09	0
6283185.307179586	1636.1861861861862	1	-1.4334962832806049	1.2397440109777291e-09	1
6283185.307179586	648.2982982982983	1	-1.3330298543969143	-1.725807896772345e-09	2
6283185.307179586	1851.851851851852	2	-0.4278466224734212	-1.476140642951907e-09	0
6283185.307179586	1636.1861861861862	1	-0.16720108525844823	4.5018341366876634e-11	2
6283185.307179586	2373.6236236236236	1	-1.5021483223892689	1.6078369540519343e-09	1
6283185.307179586	2881.4814814814818	1	1.26603593099242	-1.4043849872212865e-09	0
6283185.307179586	1483.1331331331332	3	0.7088109172043473	-1.7714075828181617e-09	0
6283185.307179586	2060.5605605605606	3	1.1658494550154335	-1.7706233646722322e-09	0
6283185.307179586	1364.864864864865	3	1.131367692546816	9.557599594880425e-10	1
6283185.307179586	1615.3153153153153	1	0.6265307114221055	-1.979544394917216e-09	0
6283185.307179586	3361.511511511512	2	0.0745665833988689	-1.941043329702416e-09	0
6283185.307179586	2039.6896896896897	1	0.7516310492541773	-1.7485823936415686e-09	0
6283185.307179586	467.4174174174174	2	-0.44714062044652114	1.7420306388741762e-09	0
6283185.307179586	1566.6166166166167	2	0.24897685303405348	-6.602102728335879e-10	0
6283185.307179586	1817.0670670670672	1	0.4132707600385179	1.4346793825450929e-09	0
6283185.307179586	1218.7687687687687	3	-0.6506865200174234	1.0664437598966952e-09	0
6283185.307179586	2018.818818818819	3	0.8290689485576426	-3.9046268961619244e-10	2
6283185.307179586	968.3183183183183	1	-0.573890874944699	-1.1669165845992793e-09	1
6283185.307179586	2262.3123123123123	3	0.589865811694775	1.9947668629279462e-10	2
6283185.307179586	724.8248248248249	3	-1.052673298004513	4.2790368840393e-10	2
6283185.307179586	1907.5075075075076	3	1.4172480628076598	1.1862848655537869e-09	1
6283185.307179586	2269.2692692692694	3	1.0072603101906452	-1.6930958483798036e-10	1
6283185.307179586	1343.993993993994	3	0.9219783337254079	3.303643623290433e-10	2
6283185.307179586	1761.4114114114116	2	0.9556490422114488	1.4385977506111075e-10	1
6283185.307179586	1260.5105105105106	1	1.130313500818894	-1.7357747546379191e-09	0
6283185.307179586	1149.1991991991993	3	-0.18232617527478645	-9.351841005662381e-10	0
6283185.307179586	2443.193193193193	1	-1.3985064773473883	3.855959691067926e-10	1
6283185.307179586	919.6196196196197	1	0.9502405541381651	1.0739368223786832e-10	2
6283185.307179586	1531.8318318318318	3	1.126325610432977	1.432287840386564e-09	0
6283185.307179586	2248.3983983983985	2	-0.3626298372622714	6.968309574633114e-10	0
6283185.307179586	1030.930930930931	1	0.8892196632013443	1.268423864665811e-09	0
6283185.307179586	1413.5635635635635	1	-1.2414300701339185	9.291550600152495e-10	1
6283185.307179586	3076.2762762762763	1	0.986307592962214	4.594699596100891e-10	1
6283185.307179586	1399.6496496496497	1	-0.8730330867211413	-1.3976465006732925e-09	0
6283185.307179586	1427.4774774774776	3	-0.28617261867445487	-7.654242088635433e-10	0
6283185.307179586	3778.928928928929	3	-0.046713258456475115	8.190453491154661e-10	0
6283185.307179586	1309.2092092092093	3	-1.1980890484138456	1.1566608294646448e-09	1
6283185.307179586	1476.176176176176	1	1.0463441309217276	-3.882882003061362e-11	2
6283185.307179586	1010.0600600600601	3	-0.2441104999450885	1.9704660074195666e-09	0
6283185.307179586	2157.957957957958	3	-1.4007646799161884	-1.235764673683264e-09	2
6283185.307179586	891.7917917917919	3	-0.2561006844425813	7.390292364230535e-10	1
6283185.307179586	1476.176176176176	1	-0.20171732937119846	1.7924765354458743e-09	0
6283185.307179586	2018.818818818819	3	-1.0365586226915422	-1.7010964622899745e-09	0
6283185.307179586	1302.2522522522522	2	-1.570137785302957	-4.454499322620338e-10	0
6283185.307179586	1622.2722722722724	1	-0.08958759905095315	-7.51466817861754e-10	0
6283185.307179586	2011.8618618618618	3	0.6534719695062123	1.0160659752752358e-09	0
6283185.307179586	1879.6796796796798	2	-0.4836727849361053	1.1310894828013797e-09	0
6283185.307179586	3194.544544544545	3	-0.7218376582511694	-1.7925315407234394e-09	0
6283185.307179586	3243.2432432432433	1	0.7874519536643798	1.089106628977632e-09	0
6283185.307179586	2610.16016016016	3	-0.7521427561427361	-1.5404034845473152e-09	0
6283185.307179586	1977.077077077077	2	-0.030548978706909313	4.4770358385693996e-10	0
6283185.307179586	2721.4714714714714	1	-1.5219213575506878	-5.844264787282119e-10	1
6283185.307179586	1490.0900900900901	1	0.5025860661442083	-1.866649925471942e-09	0
6283185.307179586	905.7057057057058	3	-1.326658013357385	-1.4423522799540788e-09	1
6283185.307179586	2025.7757757757759	2	-0.26643540529413956	-1.6239181693102613e-09	0
6283185.307179586	1364.864864864865	2	0.9359436333198174	1.2581917723134745e-10	2
6283185.307179586	1281.3813813813815	2	1.0369851612165428	-1.409457989832467e-09	0
6283185.307179586	1990.9909909909911	2	-1.3320074075130683	1.8496095363018535e-09	1
6283185.307179586	1726.6266266266266	2	0.0337845768569891	1.5058146294119444e-09	0
6283185.307179586	1170.0700700700702	3	-0.6854433099105713	1.8762512698086447e-09	0
6283185.307179586	2693.643643643644	3	-0.7093379647960042	-1.1209891676254202e-09	0
6283185.307179586	1392.6926926926926	3	-0.8746203607127261	1.7405324607682562e-09	0
6283185.307179586	1677.927927927928	1	-0.6669450016126309	1.79050251009979e-09	0
6283185.307179586	1156.1561561561562	1	-1.1136783977243385	1.5640207059626656e-09	0
6283185.307179586	1343.993993993994	2	0.4544131144635304	-1.0163701995029314e-09	0
6283185.307179586	2359.70970970971	2	0.3945310182827624	-1.412359595115028e-09	0
6283185.307179586	1990.9909909909911	3	0.3134211125181039	-1.6503261105089583e-09	0
6283185.307179586	2234.4844844844847	1	-1.4123086547589707	-8.539625496595509e-10	1
6283185.307179586	1163.113113113113	1	0.24460735321535543	1.5681428772097076e-09	0
6283185.307179586	2763.2132132132133	2	-0.013240334005655052	-1.7744816842431225e-09	0
6283185.307179586	2784.084084084084	1	1.5431716757427503	-1.4791902276519671e-09	2
6283185.307179586	3194.544544544545	3	0.26084980856248197	1.109749303075654e-09	0
6283185.307179586	1830.980980980981	1	-0.6075148536192951	-1.505924946441481e-09	0
6283185.307179586	1274.4244244244244	3	-0.6418291554622928	-4.855588014311736e-10	0
6283185.307179586	898.7487487487488	3	0.504870581345596	-9.649617993221723e-10	0
6283185.307179586	1844.8948948948948	1	-0.14946375302725912	-2.11868912327255e-10	2
6283185.307179586	2853.6536536536537	3	1.4700532697067752	-3.672162133238782e-11	1
6283185.307179586	1531.8318318318318	2	0.11976578085173539	1.5663611535689807e-09	0
6283185.307179586	2067.5175175175173	2	0.21311514529978925	-1.7033694115007872e-09	0
6283185.307179586	2297.097097097097	1	0.11600316428860746	-1.971640161633989e-10	2
6283185.307179586	1949.2492492492493	2	0.4813228807072836	-8.499259082290931e-10	0
6283185.307179586	2547.5475475475478	2	-0.8135391512327634	1.6461743407306952e-09	0
6283185.307179586	1177.027027027027	3	-0.46168930830258037	-9.316597129260871e-11	2
6283185.307179586	2102.3023023023025	1	0.31439975453173963	1.3738237468947306e-09	0
6283185.307179586	1657.0570570570571	2	1.4338475412549494	1.1853936588288036e-09	2
6283185.307179586	662.2122122122122	2	1.27935506039063	-3.9683995327104523e-10	1
6283185.307179586	1719.6696696696697	1	0.4963615324121764	-1.3148011864524194e-09	0
6283185.307179586	2060.5605605605606	1	-0.5731699142544007	1.2419873546021502e-09	0
6283185.307179586	717.8678678678679	2	-1.1095503177191368	8.796338095035043e-10	2
6283185.307179586	1531.8318318318318	3	0.8817175280378082	2.3843850278006945e-10	1
6283185.307179586	2902.352352352352	2	0.5902608854101032	3.44898582801584e-10	2
6283185.307179586	2157.957957957958	3	0.14515881623347782	-1.4726540162223542e-10	2
6283185.307179586	1782.2822822822823	1	-1.1789657861310079	5.497125103388814e-10	2
6283185.307179586	1260.5105105105106	3	-0.3976676613630905	-9.247359391821425e-10	0
6283185.307179586	1385.7357357357357	3	0.7366575492993541	1.51473827326576e-09	0
6283185.307179586	1260.5105105105106	2	1.0941718464821544	3.838469946462914e-11	2
6283185.307179586	2624.0740740740744	3	-0.7038507355195955	-1.0568408063383133e-09	0
6283185.307179586	808.3083083083084	3	-0.9232276671210382	-1.4615720471785334e-09	0
6283185.307179586	2109.259259259259	2	-0.09354906811018604	-1.0518602911061576e-09	0
6283185.307179586	2241.4414414414414	3	-1.267271858375922	1.5347158136792336e-11	2
6283185.307179586	1886.6366366366367	2	0.4745369422736001	-1.0795327944655822e-10	2
6283185.307179586	2039.6896896896897	2	0.26445234013118024	-4.72431968969989e-10	0
6283185.307179586	1441.3913913913914	2	-0.2666084776409341	8.801667907252867e-11	2
6283185.307179586	3090.19019019019	1	-1.5392251933410592	1.7545455733972827e-09	2
6283185.307179586	3166.7167167167167	2	0.19101282016226984	-3.9746243762627485e-10	0
6283185.307179586	1156.1561561561562	3	-0.2727701320266245	4.5485181346467943e-10	1
6283185.307179586	1427.4774774774776	2	0.379635890287761	1.0815408611322052e-09	0
6283185.307179586	1281.3813813813815	2	1.0760132148565846	3.326459636691336e-10	1
6283185.307179586	975.2752752752752	2	-0.201333956984725	-1.7427478134632906e-09	0
6283185.307179586	1677.927927927928	2	0.6418230580265019	-1.2633180608112104e-09	0
6283185.307179586	2088.388388388388	3	-0.8138366537342717	1.010069459636092e-09	0
6283185.307179586	1524.8748748748749	2	-0.595503839790513	1.4756583020485307e-09	0
6283185.307179586	1594.4444444444446	2	1.1533490127925639	-8.283075236914113e-10	1
6283185.307179586	1177.027027027027	3	-1.1275243437621558	2.3430976249574986e-10	2
6283185.307179586	1837.937937937938	2	0.7547770075178901	-1.0717009734474164e-09	0
6283185.307179586	1789.2392392392394	1	0.7487452578358749	1.5839698573132008e-09	0
6283185.307179586	3131.931931931932	2	-0.06792445308507533	-1.6363110989086827e-09	0
6283185.307179586	954.4044044044044	1	-0.7595760816047429	-7.442669466536076e-11	2
6283185.307179586	3090.19019019019	2	1.21433732332599	8.610028630121891e-10	1
6283185.307179586	2811.911911911912	2	0.25943028816203695	5.150320701807182e-10	0
6283185.307179586	2631.031031031031	1	-1.2342482799650294	1.1769990555590686e-09	0
6283185.307179586	4885.085085085086	3	-0.6049454994515928	1.2456800066187587e-09	0
6283185.307179586	703.9539539539539	2	1.438908814292081	1.6809543308934586e-10	2
6283185.307179586	1427.4774774774776	1	0.5615417036154158	1.946833786164871e-09	0
6283185.307179586	1622.2722722722724	2	0.8977749935751738	1.543091475325309e-09	0
6283185.307179586	905.7057057057058	2	-1.0870840916631557	-1.6137986391569324e-09	0
6283185.307179586	1629.2292292292293	1	-0.9239788601362487	-1.711148990933904e-09	0
6283185.307179586	3507.607607607608	2	-1.4589317159545323	2.8969849002386627e-10	2
6283185.307179586	3340.640640640641	3	0.414308885365664	3.904091682158094e-10	1
6283185.307179586	2589.289289289289	2	-1.1194669527437981	-1.5856942026284357e-10	1
6283185.307179586	975.2752752752752	2	-0.03563954055360807	-8.832821788221216e-10	0
6283185.307179586	982.2322322322323	3	1.1424809781985985	-9.629067758926655e-10	0
6283185.307179586	829.1791791791792	1	-0.20346827410140533	-1.614729310031144e-09	0
6283185.307179586	2151.001001001001	3	1.2323062965010019	4.0930505258869624e-10	2
6283185.307179586	926.5765765765766	1	0.28935208272124835	9.645612626786814e-10	0
6283185.307179586	1782.2822822822823	1	1.2138646853162816	-1.024541094582911e-10	2
6283185.307179586	1476.176176176176	1	-0.3906345331356935	-1.9009499090106497e-09	0
6283185.307179586	1504.004004004004	3	0.19834956731324982	1.3579216263901973e-09	0
6283185.307179586	2241.4414414414414	1	0.02158366801352507	5.302667285985283e-10	0
6283185.307179586	1984.034034034034	2	-0.7947808531940935	-1.232860846115863e-10	2
6283185.307179586	2283.1831831831832	1	0.5915216987136542	-9.301056036517533e-10	0
6283185.307179586	1302.2522522522522	3	1.0328593876381382	-1.5916708834468835e-09	0
6283185.307179586	1051.801801801802	3	0.8041043603536266	-1.0234040637519303e-09	0
6283185.307179586	2658.858858858859	2	0.31947802089286514	1.2758970217144589e-09	0
6283185.307179586	1872.7227227227227	2	-0.4407817263542242	-8.525685628337732e-10	0
6283185.307179586	1121.3713713713714	2	-1.011080018548544	5.269600308929596e-10	1
6283185.307179586	404.8048048048048	1	0.6731922165228577	-9.944365578322457e-10	0
6283185.307179586	2130.13013013013	3	0.5506011121008898	-1.5045428904917958e-10	1
6283185.307179586	4328.528528528529	1	-0.8861144861243602	-3.1399668459911867e-10	2
6283185.307179586	2157.957957957958	1	1.2208873470872916	1.2735795129202472e-10	2
6283185.307179586	1733.5835835835837	3	-1.43571836187349	-2.109889810560798e-10	2
6283185.307179586	2164.914914914915	3	-0.9957177242902386	1.105997630181668e-09	0
6283185.307179586	1462.2622622622623	1	-0.5376140996179082	-2.425783961409848e-10	2
6283185.307179586	1531.8318318318318	1	1.445861600798903	-6.539940392687177e-10	2
6283185.307179586	390.8908908908909	1	-0.4068474029896165	-6.407680314943321e-10	0
6283185.307179586	1274.4244244244244	3	0.06396709155367897	-7.1522902848763e-10	0
6283185.307179586	1677.927927927928	2	0.4781653685874012	-4.2425689075707803e-10	2
6283185.307179586	1907.5075075075076	2	-1.402838810287728	-5.681214972455297e-10	2
6283185.307179586	2116.2162162162163	3	-0.11208589785315959	-1.9095630906826334e-09	0
6283185.307179586	1559.6596596596596	2	1.0286381004338319	-1.949219513156614e-09	0
6283185.307179586	1114.4144144144145	1	0.9141268611272388	1.40452039372329e-09	0
6283185.307179586	2686.6866866866867	2	-0.07989409017571081	4.137653554008629e-10	0
6283185.307179586	1691.8418418418419	1	-0.8794608859418783	-8.405240379743467e-10	1
6283185.307179586	1462.2622622622623	1	-1.2776343946695978	1.5227818348291558e-09	1
6283185.307179586	2457.1071071071074	3	-1.5029814652559117	-1.4192361802952515e-09	2
6283185.307179586	1963.1631631631633	1	0.03543663011107179	5.663958196846126e-11	0
6283185.307179586	1093.5435435435436	3	-0.4025971176193843	-5.456456120212822e-10	0
6283185.307179586	1643.143143143143	1	0.3547789363154674	1.3892496409562501e-09	0
6283185.307179586	2241.4414414414414	2	0.3807279175760465	-3.2396325019029785e-10	2
6283185.307179586	2241.4414414414414	1	0.3091889927333671	9.661776605329988e-10	0
6283185.307179586	773.5235235235235	3	1.364038161708466	-1.108474546733358e-09	2
6283185.307179586	2491.891891891892	2	-0.9714272145770209	-1.7101623160808057e-09	0
6283185.307179586	3124.974974974975	3	-0.31189160873810495	8.813119188880525e-10	0
6283185.307179586	1058.7587587587586	1	0.9213649808279873	4.961892267290452e-11	2
6283185.307179586	1775.3253253253254	3	1.126230145933056	1.0961509967420177e-09	2
6283185.307179586	1712.7127127127128	2	-0.681455243696866	-1.6524783130927375e-09	0
6283185.307179586	2610.16016016016	3	0.617539391877548	2.1080951563975062e-10	2
6283185.307179586	1337.0370370370372	3	0.804352371321615	1.202305645030567e-09	0
6283185.307179586	2846.6966966966966	1	0.5092665880548601	-1.4312743966268934e-09	0
6283185.307179586	2032.7327327327328	3	-1.1850539401052678	-1.0770172607580505e-09	0
6283185.307179586	1413.5635635635635	3	1.3026616430404943	3.766290838714189e-10	1
6283185.307179586	1121.3713713713714	1	1.1614852416594723	-1.3275201661698503e-09	2
6283185.307179586	2359.70970970971	2	1.4132524718860275	-1.5270037278423137e-09	1
6283185.307179586	1497.047047047047	1	0.4127855005640775	1.0708635354008806e-09	0
6283185.307179586	2060.5605605605606	2	0.7176971071443812	-1.4741726487354076e-09	0
6283185.307179586	1260.5105105105106	1	-0.5358368897992734	1.6248589790067134e-09	0
6283185.307179586	1337.0370370370372	3	0.4915456116242263	-1.5244876435336688e-09	0
6283185.307179586	1343.993993993994	2	0.6362252956117853	-1.312402082042521e-09	0
6283185.307179586	1427.4774774774776	2	0.8401553977280036	1.3801205837930794e-09	0
6283185.307179586	1420.5205205205204	1	0.41958853775793803	2.261321054086604e-10	2
6283185.307179586	1357.9079079079079	3	-0.8111958987456425	-1.6346477737200142e-09	0
6283185.307179586	1601.4014014014015	1	-1.4752274208217464	-8.188958571471421e-10	1
6283185.307179586	1775.3253253253254	3	0.23061726173217134	-1.3949176178368236e-09	0
6283185.307179586	3187.5875875875877	3	-0.5102888727786272	1.782245818812225e-10	2
6283185.307179586	2269.2692692692694	1	0.44020491386134086	-2.8873210870597187e-10	2
6283185.307179586	1691.8418418418419	3	0.6726529233652094	-1.7787178688785561e-09	0
6283185.307179586	1552.7027027027027	2	-0.7036179356724829	-1.7414545868359289e-09	0
6283185.307179586	843.0930930930931	1	-0.3520024265253896	-6.692732488991956e-10	2
6283185.307179586	2290.1401401401404	2	-0.43638584835117644	1.6508657243953492e-09	0
6283185.307179586	3737.187187187187	2	1.064767960743239	1.6401943022596345e-09	0
6283185.307179586	1657.0570570570571	2	-0.3031751303445749	1.1046244013316632e-10	2
6283185.307179586	2324.924924924925	1	0.19705307846344788	1.5607054421199047e-09	0
6283185.307179586	717.8678678678679	3	1.0880149436038211	1.0240661628679039e-09	2
6283185.307179586	1573.5735735735736	3	0.8826210196478024	-1.3311121508905416e-10	2
6283185.307179586	843.0930930930931	2	0.9342912833688324	-1.8473733777290209e-09	0
6283185.307179586	1434.4344344344345	2	0.931316469799579	-7.272447863906734e-10	2
6283185.307179586	2164.914914914915	2	-1.1015044756257626	9.047097352805888e-11	1
6283185.307179586	1170.0700700700702	2	-1.1179864804534863	4.788487990389715e-10	2
6283185.307179586	2867.5675675675675	2	0.6931962908046643	-4.995719785681457e-10	1
6283185.307179586	2227.5275275275276	1	0.6128542151904801	5.044196334740597e-10	0
6283185.307179586	3785.885885885886	2	1.3543438201657234	2.0138819811763896e-11	1
6283185.307179586	2025.7757757757759	3	0.28875957712093814	1.120710224778165e-09	0
6283185.307179586	1309.2092092092093	3	-0.4665879614007784	1.0555349626943818e-09	0
6283185.307179586	1712.7127127127128	3	0.19038036614416254	-1.8496026040644643e-10	2
6283185.307179586	1330.08008008008	2	-1.253605609187436	-1.2499927233872834e-09	1
6283185.307179586	933.5335335335336	2	-0.07635264296225275	-1.4473555887971428e-09	0
6283185.307179586	1566.6166166166167	2	-1.0563115554408948	7.390436560443695e-10	1
6283185.307179586	1768.3683683683685	3	0.858749078385141	1.2934609972853555e-09	0
6283185.307179586	1719.6696696696697	2	-0.31049540142263155	2.3810222926929268e-11	1
6283185.307179586	2714.5145145145148	1	-0.8633167802166658	-1.3077448137194693e-09	0
6283185.307179586	1469.2192192192192	1	-1.2558091964594682	1.614892266093319e-09	0
6283185.307179586	1371.821821821822	2	-0.18545814536970928	-1.435715999297962e-09	0
6283185.307179586	1065.7157157157158	2	-0.5913961613500992	2.6517774316613385e-10	1
6283185.307179586	571.7717717717718	2	0.05680608997103875	1.6575095084371544e-09	0
6283185.307179586	954.4044044044044	2	1.2377393063710986	1.196825824818746e-09	2
6283185.307179586	2324.924924924925	1	-0.7296140377216712	-7.638817654090397e-10	0
6283185.307179586	1517.917917917918	1	-1.2524878970507212	1.7400144505438558e-09	0
6283185.307179586	829.1791791791792	3	1.4641223867297053	1.5054752938472426e-09	1
6283185.307179586	1295.2952952952953	3	-1.3651553348177428	-2.4698688865803986e-10	2
6283185.307179586	843.0930930930931	1	0.6736329632134934	1.2688401460758154e-09	0
6283185.307179586	2290.1401401401404	2	-0.4452068476520097	6.316963588516422e-10	0
6283185.307179586	1086.5865865865867	1	-1.061704813417061	-4.5995873604951764e-10	1
6283185.307179586	1538.788788788789	3	-0.030920766849826364	-1.249713155993168e-09	0
6283185.307179586	557.8578578578579	1	0.5935280160053322	2.331678444275411e-10	0
6283185.307179586	1476.176176176176	1	0.1329355411424571	-1.3402250596226708e-09	0
6283185.307179586	3145.845845845846	1	-0.9468661195567382	1.2862840920658836e-09	0
6283185.307179586	1239.6396396396397	1	-0.24605732295898863	-8.199620462122411e-10	1
6283185.307179586	1413.5635635635635	3	-1.4693085046117205	-1.7116559028593163e-09	2
6283185.307179586	2512.762762762763	1	-0.01037326284071205	1.4841497841190566e-09	0
6283185.307179586	2046.6466466466468	3	-1.3735138842799235	1.1220331638511173e-09	2
6283185.307179586	3312.812812812813	3	-1.5135546327615268	-5.124167842438529e-10	2
6283185.307179586	1997.947947947948	1	-1.0932101417148097	1.5102552176166994e-09	0
6283185.307179586	3278.028028028028	1	1.340181931449583	6.521569848190704e-11	2
6283185.307179586	1886.6366366366367	2	-0.8402356081595216	-1.001213304822374e-09	0
6283185.307179586	1886.6366366366367	1	1.505767248962837	-7.696714014467973e-10	2
6283185.307179586	1330.08008008008	3	-0.11549120252222767	-1.9188969330311837e-09	0
6283185.307179586	2276.226226226226	3	-1.3477523241905411	-2.0203374315589865e-10	2
6283185.307179586	690.04004004004	2	-0.07605792099542796	-1.1873390415067616e-10	0
6283185.307179586	1330.08008008008	3	1.339395548803064	1.1586114940009264e-15	2
6283185.307179586	2575.3753753753754	3	-0.09501344547920487	-2.4950306638797445e-10	0
6283185.307179586	2081.4314314314315	2	0.38510990317954574	7.361079368404411e-10	0
6283185.307179586	2011.8618618618618	1	-0.9347696719354355	1.6757059273734853e-09	0
6283185.307179586	683.0830830830831	2	-0.5842863801531235	-9.793046902768548e-10	0
6283185.307179586	2686.6866866866867	1	0.13033976615905263	-4.299113512995558e-10	1
6283185.307179586	1170.0700700700702	1	0.3788112232599954	-1.6133589142554391e-10	2
6283185.307179586	1879.6796796796798	1	-1.2930086128807816	-4.170435988911019e-11	1
6283185.307179586	1705.755755755756	1	-1.315494486626689	-1.427500073297852e-09	2
6283185.307179586	996.1461461461462	2	1.2929638188223254	-1.4357068594463034e-10	2
6283185.307179586	335.2352352352352	1	-0.8281323698935543	-1.0432141476281901e-09	0
6283185.307179586	2672.772772772773	2	0.34562618491207897	-1.099450960354067e-09	0
6283185.307179586	710.910910910911	3	-0.09872790515809027	-3.910604692140764e-10	0
6283185.307179586	2206.6566566566567	3	0.43627203556458527	6.5303876851388e-10	0
6283185.307179586	1990.9909909909911	3	0.9922324328910315	-4.204964175494693e-10	2
6283185.307179586	2589.289289289289	3	0.8246085025612895	-1.8591165948984796e-09	0
6283185.307179586	1893.5935935935936	3	-0.7108871886191304	1.3274201138350784e-09	0
6283185.307179586	1949.2492492492493	3	0.5131743094672134	3.924203183440286e-10	2
6283185.307179586	1114.4144144144145	2	0.6553332939118475	-1.3591407540068138e-09	0
6283185.307179586	1559.6596596596596	2	1.177526571468825	-8.31119935361858e-10	2
6283185.307179586	3271.071071071071	2	0.9369664228224632	1.6222777673411703e-09	0
6283185.307179586	738.7387387387388	3	1.1960513206075323	-1.0327026145619654e-09	0
6283185.307179586	1740.5405405405406	3	1.2933575835124524	7.955549633506907e-11	2
6283185.307179586	1364.864864864865	1	-0.006897644540659664	-1.4402228732771068e-09	0
6283185.307179586	4036.3363363363364	1	-0.8099686514955667	-4.143134975531537e-12	2
6283185.307179586	2394.4944944944946	3	-1.1883194890401603	4.3169018348262617e-10	2
6283185.307179586	2888.4384384384384	3	0.32290414474839313	-1.3598525487488968e-09	0
6283185.307179586	1754.4544544544544	1	-0.9261153402869877	-4.4160632086005384e-10	2
6283185.307179586	1274.4244244244244	2	-1.407914474256569	-1.3770947648167438e-09	2
6283185.307179586	1051.801801801802	3	-0.19155804122521958	1.5529533275534093e-09	0
6283185.307179586	1629.2292292292293	2	-1.4201033518547665	-1.9112747630978132e-10	2
6283185.307179586	1170.0700700700702	1	0.29448480119763754	4.762799236873094e-10	0
6283185.307179586	2471.021021021021	2	-1.2725356102343923	5.30856352791273e-10	2
6283185.307179586	1469.2192192192192	3	1.503162600668519	1.823083488239197e-09	1
6283185.307179586	1413.5635635635635	1	-1.3606012174646518	-1.0158785836840407e-09	2
6283185.307179586	1177.027027027027	3	-1.4230687439952046	-7.471944404501402e-11	2
6283185.307179586	1872.7227227227227	1	-0.677242816213332	1.2094462735439428e-09	0
6283185.307179586	808.3083083083084	2	0.1008892366321863	1.4563705133566034e-09	0
6283185.307179586	2464.064064064064	3	1.3489918543333537	-1.187668372630124e-09	2
6283185.307179586	1462.2622622622623	3	-0.20990201739998282	-1.7649127787974877e-09	0
6283185.307179586	2443.193193193193	1	0.5392100574726544	5.960934672622904e-10	0
6283185.307179586	3305.855855855856	1	0.8885346737526221	-1.9561956148600153e-10	2
6283185.307179586	1517.917917917918	1	1.159276623532262	1.529152279226798e-09	0
6283185.307179586	432.63263263263264	1	0.9807280781935126	8.275855970720729e-10	0
6283185.307179586	1476.176176176176	3	-0.05768618155944116	4.509477987491438e-10	0
6283185.307179586	2206.6566566566567	1	-1.3571574989805544	-1.8237920328104995e-09	2
6283185.307179586	1928.3783783783783	3	-0.401408036141792	5.927372224540238e-10	1
6283185.307179586	2359.70970970971	3	-0.46029357465113785	-1.4264123289438948e-09	0
6283185.307179586	1170.0700700700702	2	0.14874088143550157	-8.62549681549771e-10	0
6283185.307179586	1225.7257257257259	3	1.3631485008171973	1.538337486885764e-09	1
6283185.307179586	2053.603603603604	1	-0.46813815469555786	-1.8008958377066456e-09	0
6283185.307179586	2206.6566566566567	1	0.6747320362977689	1.2924027547996074e-10	2
6283185.307179586	3118.018018018018	3	1.4853721118163805	-1.8610412650880149e-09	2
6283185.307179586	801.3513513513514	1	-0.4675954015828341	1.5248218923137251e-09	0
6283185.307179586	1323.1231231231232	1	1.0656472096923921	3.343105038888656e-10	2
6283185.307179586	2971.921921921922	1	-0.0831529047598889	5.694795315628016e-10	0
6283185.307179586	1830.980980980981	3	-0.9245624481158582	-1.1500628900503016e-10	2
6283185.307179586	578.7287287287287	1	0.09199266626856639	1.4764944152806794e-09	0
6283185.307179586	1274.4244244244244	1	-0.42551080861254653	-1.7522753670576556e-09	0
6283185.307179586	2554.5045045045044	1	-0.01161406149319899	-1.7480142347832636e-09	0
6283185.307179586	1747.4974974974975	1	-1.3348741175895755	7.160326890558352e-10	1
6283185.307179586	1844.8948948948948	3	-0.3159962762271855	-3.3720917869852104e-10	1
6283185.307179586	3549.3493493493493	1	0.08000023964511449	8.955595837937369e-10	0
6283185.307179586	2213.613613613614	2	-1.3329045214085316	-9.836248565187394e-10	1
6283185.307179586	2415.3653653653655	2	-1.0657728190792268	1.2729378863797347e-09	0
6283185.307179586	1441.3913913913914	3	1.1846233873529233	1.2117989221909087e-09	2
6283185.307179586	1010.0600600600601	1	-0.9213330847304828	1.8031073508535515e-09	0
6283185.307179586	1524.8748748748749	2	0.08160894530805773	-2.7830830765654207e-10	0
6283185.307179586	954.4044044044044	2	-1.2025536598142679	5.190280782945878e-10	1
6283185.307179586	989.1891891891892	2	0.6384817842079018	1.0982031980838018e-09	0
6283185.307179586	1545.7457457457458	1	-1.2306280043520896	-6.920678000213001e-10	2
6283185.307179586	2665.8158158158158	1	-0.14797526398732685	1.502613677853165e-10	2
6283185.307179586	1058.7587587587586	2	0.09473767410267286	6.886839606012941e-10	0
6283185.307179586	2297.097097097097	1	-0.25265066249427415	1.63966513046288e-10	2
6283185.307179586	1942.2922922922924	3	0.4670728888673876	1.2725307642906272e-09	0
6283185.307179586	1712.7127127127128	1	0.8722014570519305	1.7510222050356898e-09	0
6283185.307179586	3048.4484484484487	3	0.8801724195312328	1.42471243796665e-09	0
6283185.307179586	2311.011011011011	1	1.4157392405112565	1.3619963074296566e-09	2
6283185.307179586	1260.5105105105106	2	-0.23875613377026528	1.8848647128962936e-09	0
6283185.307179586	933.5335335335336	3	-0.8003306782513014	3.373944591488868e-10	2
6283185.307179586	1768.3683683683685	2	0.532186013907038	-1.5546954476687916e-09	0
6283185.307179586	2916.2662662662665	2	-0.8358997852360939	3.8876906864318255e-10	1
6283185.307179586	2311.011011011011	3	-0.37246113930514113	-9.309434905980472e-10	0
6283185.307179586	2909.3093093093094	2	-1.336155173225671	5.267872687465555e-10	1
6283185.307179586	2269.2692692692694	1	0.757573409409309	-1.6897880372135213e-09	0
6283185.307179586	3646.746746746747	1	-1.132548134182734	-9.398719275736016e-10	0
6283185.307179586	1497.047047047047	1	-0.6021694698453869	-8.969328179537012e-10	0
6283185.307179586	495.24524524524526	2	-0.08523692544584849	-5.965565186832849e-10	0
6283185.307179586	2102.3023023023025	2	-0.4552092178328697	-9.652142503705293e-10	0
6283185.307179586	1531.8318318318318	1	-1.2629322149647937	-1.8221765596575398e-09	0
6283185.307179586	3646.746746746747	3	-1.1570389988354428	-6.358563196737319e-10	1
6283185.307179586	898.7487487487488	1	1.0319766109718187	-1.5844313864492332e-09	2
6283185.307179586	2039.6896896896897	1	0.5787314134536188	5.17440795885607e-10	0
6283185.307179586	2763.2132132132133	3	-1.0775242203227862	-5.360136996866797e-10	1
6283185.307179586	2317.967967967968	3	-1.5332690675721055	-3.467031905323426e-10	2
6283185.307179586	1858.8088088088089	3	0.1397571511495843	-4.1592375903186217e-10	0
6283185.307179586	1719.6696696696697	3	-0.4784667449967448	7.488997400350942e-10	0
6283185.307179586	2568.4184184184187	1	-0.21626554089145889	1.3497297768357545e-09	0
6283185.307179586	2304.054054054054	3	-0.23363326845110532	-7.746093974335074e-10	0
6283185.307179586	1434.4344344344345	1	-1.0888731626545611	8.00651855811502e-10	1
6283185.307179586	1851.851851851852	1	-0.9158981561810436	7.181787010043471e-12	2
6283185.307179586	1316.1661661661662	3	0.2251177722023272	-1.2441159969014218e-09	0
6283185.307179586	1643.143143143143	2	-0.1304055937273425	1.0123765836425186e-09	0
6283185.307179586	2276.226226226226	2	-0.6075774083135925	7.657987525674954e-11	2
6283185.307179586	829.1791791791792	2	0.6553922847001084	1.9161807091542123e-09	0
6283185.307179586	1879.6796796796798	3	-0.5461972510524558	1.7241918564571917e-09	0
6283185.307179586	2651.901901901902	1	-0.687493843082877	1.2514292587999984e-09	0
6283185.307179586	1559.6596596596596	2	1.5687529144560166	-1.6815277704827807e-09	2
6283185.307179586	1441.3913913913914	2	-1.228644598835484	-6.576499189689084e-10	2
6283185.307179586	1371.821821821822	1	1.3670281021138808	-1.7764981093169118e-09	2
6283185.307179586	1086.5865865865867	2	-1.217612627014507	1.7473397816348329e-09	0
6283185.307179586	1733.5835835835837	3	-0.5799124723962762	-1.7495597936126402e-09	0
6283185.307179586	1281.3813813813815	2	-1.3911430273536636	1.6998832421231978e-09	2
6283185.307179586	690.04004004004	3	1.3082315247269602	-7.031506069950381e-10	2
6283185.307179586	1065.7157157157158	2	-1.2980187601871553	-1.5785460780799682e-09	1
6283185.307179586	2338.838838838839	2	0.17413397842007994	-1.0477271221607968e-09	0
6283185.307179586	1942.2922922922924	3	0.597847465958977	-1.1430659876750259e-09	0
6283185.307179586	1573.5735735735736	1	-1.4707560947364595	1.1589300121803973e-09	2
6283185.307179586	2164.914914914915	2	-1.1265614696909858	1.1231228216772459e-09	0
6283185.307179586	1705.755755755756	2	-0.7555963491086946	4.231393369717495e-10	1
6283185.307179586	1984.034034034034	1	1.5307466618974988	5.555296289371795e-10	2
6283185.307179586	1629.2292292292293	2	-0.684306783063201	-1.2281776556494904e-09	0
6283185.307179586	2519.7197197197197	2	0.523444781782882	-7.687496864910857e-11	2
6283185.307179586	1719.6696696696697	3	-1.1834001936121348	5.801714354085337e-10	2
6283185.307179586	1107.4574574574574	3	0.008251429034659585	-1.4355596195209192e-09	0
6283185.307179586	2401.4514514514517	3	1.2859565623892726	-1.1991324390271672e-09	2
6283185.307179586	1343.993993993994	3	-1.4452309399724896	1.7914004164351155e-10	2
6283185.307179586	2331.881881881882	2	1.3933877992103798	-1.87391326230769e-09	1
6283185.307179586	1253.5535535535537	1	1.2242124089533006	1.204619658514753e-09	1
6283185.307179586	1796.1961961961963	3	-1.4444948508614035	-1.3548915728397001e-09	2
6283185.307179586	1643.143143143143	1	0.8390493564489718	-1.5813969266707144e-09	0
6283185.307179586	1886.6366366366367	3	-0.4352442949467952	-1.8056591561028524e-09	0
6283185.307179586	3173.673673673674	2	1.0551264695754603	-1.8914828585086025e-09	0
6283185.307179586	3118.018018018018	3	0.09519906332806727	-9.210491411736578e-10	0
6283185.307179586	1963.1631631631633	1	0.09272100156038943	-1.1395064926646223e-10	0
6283185.307179586	2665.8158158158158	3	-0.5198202790764994	6.588875810453023e-10	0
6283185.307179586	2018.818818818819	2	-0.8951900494046992	-1.8903098567972643e-09	0
6283185.307179586	2331.881881881882	3	1.1122092482869377	-4.1313883598517186e-10	2
6283185.307179586	2721.4714714714714	2	-0.6873888335968702	-1.198616580784361e-09	0
6283185.307179586	1427.4774774774776	2	1.22831034533688	2.34544565903875e-10	1
6283185.307179586	2464.064064064064	1	-1.4385576780323004	1.3988640051765487e-09	2
6283185.307179586	627.4274274274275	3	-0.4957848977256045	1.3540380528183042e-10	0
6283185.307179586	996.1461461461462	3	-1.2363300120147775	1.8366297213425974e-09	1
6283185.307179586	1858.8088088088089	2	0.3750230214953527	3.9906133073546696e-10	2
6283185.307179586	2422.322322322322	3	0.9991994319995579	-1.8113321467744208e-10	1
6283185.307179586	3257.157157157157	1	-1.3593044673256993	-1.1950483090901663e-09	2
6283185.307179586	690.04004004004	2	0.7463782433079187	-7.008834141966562e-10	1
6283185.307179586	1239.6396396396397	3	-0.5768931616080801	-1.3900430713474968e-09	0
6283185.307179586	1183.983983983984	1	0.11019979498516053	6.258826312500546e-10	0
6283185.307179586	3180.6306306306305	3	-1.3895703428801194	-6.63384843278803e-10	2
6283185.307179586	1448.3483483483483	3	-0.3081959372984746	1.3289104729061774e-09	0
6283185.307179586	2324.924924924925	2	-0.6619007069237647	-2.0092336936054253e-10	1
6283185.307179586	2735.3853853853852	3	0.9397714398659498	1.144829924141597e-09	0
6283185.307179586	2032.7327327327328	2	0.8995046579999557	-2.813082151991964e-10	2
6283185.307179586	2422.322322322322	1	-0.47918425430504064	1.661052910065191e-09	0
6283185.307179586	1914.4644644644645	2	-1.2527086468374082	1.0837476876868485e-09	2
6283185.307179586	2770.1701701701704	2	0.25376701521072276	1.5714534407329102e-09	0
6283185.307179586	1837.937937937938	1	-0.18722915314707578	1.316348609124396e-09	0
6283185.307179586	2157.957957957958	2	-0.4653948614429815	-8.140606069743082e-10	0
6283185.307179586	1566.6166166166167	2	0.10492437894531448	9.496523660916964e-10	0
6283185.307179586	1601.4014014014015	2	-1.0621563837702879	8.226148986072216e-10	2
6283185.307179586	912.6626626626627	3	-0.963566634595219	-1.8500228509479532e-09	0
6283185.307179586	2178.828828828829	3	-1.418379658802852	-1.5133310299021098e-09	2
