axial trapping frequency (MHz) 	 velocity(m/s) 	 ion collided with 	 angle(rads) 	 collision offset(m) 	 reorder? (1 is reorder 2 is ejection) 
6283185.307179586	919.6196196196197	2	-0.1693024003260113	-5.398548500771241e-11	2
6283185.307179586	808.3083083083084	3	-1.191869612952464	-1.076530090705109e-10	2
6283185.307179586	1601.4014014014015	1	1.0319876088595783	-1.8096749106870132e-09	0
6283185.307179586	1698.7987987987988	1	-0.9105727517132272	-3.429944803451446e-10	2
6283185.307179586	1114.4144144144145	1	-1.2447551191205974	1.6368229298845096e-09	0
6283185.307179586	1851.851851851852	2	-0.6138937946581384	-1.2077971464264278e-09	0
6283185.307179586	2345.795795795796	2	-0.9937896525978807	1.072686621146245e-09	0
6283185.307179586	1504.004004004004	1	0.8941973539129044	-1.1025273009666409e-09	0
6283185.307179586	926.5765765765766	1	1.3918835617191996	1.0536239671194445e-09	2
6283185.307179586	940.4904904904905	3	0.2790881422976841	-6.175631882161263e-10	0
6283185.307179586	1580.5305305305305	2	-0.14143798676711694	1.331579673387818e-09	0
6283185.307179586	2658.858858858859	1	1.2592962067932034	-1.4288521236237784e-09	0
6283185.307179586	2839.73973973974	2	-0.26976477369968177	-1.4476277594972184e-09	0
6283185.307179586	2902.352352352352	3	-0.8038915084211826	-1.7693523655283277e-09	0
6283185.307179586	794.3943943943945	2	-0.1948228943621273	-3.1707036421884547e-10	2
6283185.307179586	1643.143143143143	2	-0.012120446421043152	-1.887930230070305e-09	0
6283185.307179586	1817.0670670670672	2	-0.054627049571003505	1.3913848091147607e-09	0
6283185.307179586	752.6526526526527	2	0.003297708547260303	-7.451497978074194e-10	0
6283185.307179586	1629.2292292292293	2	0.4273674594991721	1.3441592420528166e-10	2
6283185.307179586	2596.2462462462463	2	0.9940863510304472	-2.3820465676112607e-10	1
6283185.307179586	1190.940940940941	1	-0.649238812604856	1.8265782367918442e-09	0
6283185.307179586	3438.038038038038	2	0.6729576367527099	-1.5155885030884299e-09	0
6283185.307179586	2102.3023023023025	1	1.2744491370817155	7.028398495303388e-10	2
6283185.307179586	2248.3983983983985	2	0.966849772032425	-7.100458020612592e-10	1
6283185.307179586	2018.818818818819	2	1.4856976665354509	1.05947453966349e-09	2
6283185.307179586	884.8348348348349	1	0.5693958336483722	-4.796297618161064e-10	2
6283185.307179586	1163.113113113113	1	1.1727042744890217	-1.190827508628901e-09	1
6283185.307179586	1337.0370370370372	1	0.2372804690313708	1.2339429929755886e-09	0
6283185.307179586	2130.13013013013	1	0.572679986668426	8.5887046371976e-10	0
6283185.307179586	2637.987987987988	2	0.5833224056137896	1.5230889056067154e-09	0
6283185.307179586	1657.0570570570571	1	1.4863890817213745	-1.9237655631046015e-09	2
6283185.307179586	850.0500500500501	1	-1.0052908059570287	-1.247453862626577e-09	2
6283185.307179586	1455.3053053053054	3	0.38517067786851467	1.3297245360221623e-09	0
6283185.307179586	2025.7757757757759	1	0.26859037540025144	-1.0958038240399132e-09	0
6283185.307179586	1177.027027027027	1	1.4926180228315493	-6.868091303389324e-10	2
6283185.307179586	2756.256256256256	3	0.5086421267382524	3.0015374544306945e-10	2
6283185.307179586	1559.6596596596596	2	-0.8632988464969757	1.7744877188283813e-09	0
6283185.307179586	2839.73973973974	2	0.802738887847994	-3.3654165136433543e-10	1
6283185.307179586	3243.2432432432433	3	-0.3862498060231039	-1.3610169002964104e-11	2
6283185.307179586	2791.041041041041	1	-0.7069831849369335	5.792096560538632e-10	0
6283185.307179586	3354.5545545545547	1	-0.04553307627746839	-4.1556296131619336e-10	0
6283185.307179586	1274.4244244244244	1	0.710865682348579	-1.458099429884133e-09	0
6283185.307179586	1330.08008008008	3	-0.40897153021693633	9.431342641999051e-10	0
6283185.307179586	2547.5475475475478	3	1.2719162998615232	4.673204491768218e-10	1
6283185.307179586	1288.3383383383384	2	-0.17598022878089492	9.45041225388548e-10	0
6283185.307179586	1385.7357357357357	2	-1.4827812561138964	-6.648318637567581e-10	1
6283185.307179586	2018.818818818819	1	0.2112332118573177	-3.158333090618233e-10	1
6283185.307179586	557.8578578578579	2	1.31352296734108	-1.145769458016413e-09	1
6283185.307179586	1949.2492492492493	1	1.1817226293266199	-9.90237913172769e-10	1
6283185.307179586	2102.3023023023025	1	-0.9464034933617035	-1.8115814050299975e-09	0
6283185.307179586	2157.957957957958	3	0.6236685199226089	-1.8258342791523028e-09	0
6283185.307179586	1017.017017017017	3	-1.3319170251749008	-1.8816583551691755e-09	1
6283185.307179586	996.1461461461462	2	-0.39147633158066375	1.1211735707449036e-09	0
6283185.307179586	3319.76976976977	2	1.1324717007902039	5.616479459326762e-10	2
6283185.307179586	2109.259259259259	1	-0.7039764322433848	-1.4392851977142465e-09	0
6283185.307179586	2178.828828828829	1	0.2072101880396342	1.7189824880265798e-09	0
6283185.307179586	1316.1661661661662	3	-0.5619155787977734	1.1871675772119052e-09	0
6283185.307179586	2317.967967967968	2	0.9831599416700656	-9.121662740623151e-10	0
6283185.307179586	1893.5935935935936	3	-0.7145263849472812	-3.848846240631212e-10	2
6283185.307179586	1302.2522522522522	1	1.0402817549414607	1.6760211795621775e-09	0
6283185.307179586	1587.4874874874874	3	-1.550442355881706	-1.7100182105028213e-09	2
6283185.307179586	1371.821821821822	2	0.06736538177665752	-1.980180360792485e-09	0
6283185.307179586	2283.1831831831832	2	0.8883116299025469	1.4466979080247646e-09	0
6283185.307179586	1142.2422422422424	3	1.5635558568780805	6.541199762318161e-11	1
6283185.307179586	1872.7227227227227	3	-1.2265570185619628	2.033573398334494e-10	2
6283185.307179586	1288.3383383383384	1	0.0207697221876868	-1.6921411954701214e-10	1
6283185.307179586	1504.004004004004	1	0.96381356257917	5.458744509352936e-10	2
6283185.307179586	1538.788788788789	3	-0.0529295118789328	9.993531692236175e-10	0
6283185.307179586	2804.954954954955	3	0.9398385976603358	-1.3521154402995527e-09	0
6283185.307179586	1517.917917917918	1	0.8865524316870954	1.5733085725532003e-10	2
6283185.307179586	1267.4674674674675	3	0.13261137758001373	-9.689239994952207e-10	0
6283185.307179586	1163.113113113113	3	-0.6738675218278722	1.7115244611809938e-09	0
6283185.307179586	1114.4144144144145	1	-1.287262809384293	-1.0835012348118731e-09	2
6283185.307179586	1796.1961961961963	2	-0.47301529181899804	1.8526968928817145e-09	0
6283185.307179586	2547.5475475475478	1	-0.3492271560774438	-9.510691631556726e-10	0
6283185.307179586	1455.3053053053054	2	-1.377635151120876	-1.5620319876903854e-09	2
6283185.307179586	822.2222222222223	3	1.334599605204009	2.8505675676869285e-10	1
6283185.307179586	2415.3653653653655	3	0.8866430255044024	6.366457141252241e-10	1
6283185.307179586	1747.4974974974975	2	-0.9075597926319956	-1.7389031418774181e-09	0
6283185.307179586	2283.1831831831832	1	0.1194320288192936	7.195724344633889e-10	0
6283185.307179586	1740.5405405405406	2	1.1177414321505212	-1.0851442367886449e-09	0
6283185.307179586	1810.11011011011	3	-0.06049184295134835	1.4679697185725582e-09	0
6283185.307179586	1497.047047047047	2	0.7325727300077296	-1.1422695936517283e-10	1
6283185.307179586	627.4274274274275	1	0.9907252773871327	-1.5209645080655713e-09	1
6283185.307179586	1594.4444444444446	1	0.9669520668220453	-1.669763764103299e-09	0
6283185.307179586	1337.0370370370372	1	-0.9251789053601471	1.2275102463843482e-09	0
6283185.307179586	1643.143143143143	3	0.12930112866851262	-1.8637901199672668e-09	0
6283185.307179586	2262.3123123123123	2	-1.5123435193488108	1.2007864498677099e-09	2
6283185.307179586	2401.4514514514517	1	1.4115433076291741	-1.4408045506793345e-09	2
6283185.307179586	1657.0570570570571	2	-0.5312527008954846	1.6160269778499434e-10	2
6283185.307179586	1907.5075075075076	1	0.7707431161043794	-1.6260406571054446e-09	0
6283185.307179586	627.4274274274275	2	0.23346692657164114	1.731332004742331e-09	0
6283185.307179586	2958.008008008008	1	-1.2417209925844321	-8.543218218687768e-10	2
6283185.307179586	1413.5635635635635	1	-1.5096658117119037	-1.7668898880280676e-09	1
6283185.307179586	2074.474474474475	2	-0.7640033795763144	1.323461563029131e-09	0
6283185.307179586	2450.1501501501502	3	0.022788064213497217	1.0052293532337055e-09	0
6283185.307179586	1378.7787787787788	1	0.4706105814527968	1.4646613465668896e-09	0
6283185.307179586	2512.762762762763	3	-0.9110155623747106	-6.262640596364375e-10	1
6283185.307179586	3104.1041041041044	2	-1.2558525923453465	1.0093492225332579e-09	2
6283185.307179586	3006.706706706707	3	1.0390803875424992	-1.7904333761822074e-09	0
6283185.307179586	3709.3593593593596	2	-0.6749939693572717	-5.169158570998585e-11	2
6283185.307179586	363.06306306306305	1	-0.2814402535592111	-1.8489312717325747e-09	1
6283185.307179586	1796.1961961961963	2	0.17355536095912183	-6.18076082330927e-11	1
6283185.307179586	2867.5675675675675	2	1.5411766762177588	-4.698312682090134e-10	1
6283185.307179586	2693.643643643644	1	0.10195791002912546	-4.781159816764737e-10	0
6283185.307179586	1566.6166166166167	1	-0.3246650787202958	-6.603852912446869e-10	0
6283185.307179586	1977.077077077077	1	0.6301812822552408	-1.7526035562424252e-09	0
6283185.307179586	2867.5675675675675	1	-1.0941537509979642	-1.1549813738774486e-10	2
6283185.307179586	2617.1171171171172	1	-0.8001695644983543	-1.4887893515563465e-09	0
6283185.307179586	1636.1861861861862	2	-0.5745890362754088	2.4705266168003086e-10	1
6283185.307179586	1128.3283283283283	2	-0.3924055047566004	1.077926680234123e-09	0
6283185.307179586	1657.0570570570571	2	1.122590019451673	1.237833213440205e-09	0
6283185.307179586	1719.6696696696697	3	-0.41099807681742684	1.5992022531083048e-09	0
6283185.307179586	2380.5805805805808	3	-0.0262863168726164	-1.7340525009176659e-09	0
6283185.307179586	2401.4514514514517	3	0.9279979340054547	-1.1025155907155638e-10	1
6283185.307179586	1183.983983983984	3	-0.27809695797732426	5.548234517539077e-10	1
6283185.307179586	1413.5635635635635	3	0.9267732851273949	1.311709918450207e-10	2
6283185.307179586	2102.3023023023025	2	-0.5231000687073488	-3.63034151971073e-10	1
6283185.307179586	502.2022022022022	1	0.42041239531457775	-8.928505885089151e-10	2
6283185.307179586	1629.2292292292293	1	-0.8778599727272406	1.5435960302852824e-09	0
6283185.307179586	1949.2492492492493	1	1.3850603831789683	1.8173417434659978e-09	1
6283185.307179586	2359.70970970971	3	-0.16753490222684153	1.9446641384232478e-09	0
6283185.307179586	467.4174174174174	2	-0.23489708649224528	-6.287972820937999e-10	1
6283185.307179586	1677.927927927928	2	0.287178235458571	-1.8216723847022093e-09	0
6283185.307179586	1483.1331331331332	1	-0.2320004243213618	-1.6096868870491221e-09	0
6283185.307179586	1552.7027027027027	3	1.1760981541185713	-1.3002174942953364e-09	0
6283185.307179586	2707.5575575575576	2	0.5822133011237516	1.2562434343391971e-09	0
6283185.307179586	2213.613613613614	3	-1.5157616817987665	-1.2873236440804809e-09	2
6283185.307179586	2178.828828828829	3	1.1044283818327405	1.5082890523705177e-09	0
6283185.307179586	383.93393393393393	2	-1.1003563430604517	5.59027642512883e-10	2
6283185.307179586	1163.113113113113	2	0.1684008616648054	-3.9209397262889697e-10	2
6283185.307179586	1636.1861861861862	3	-0.005533151213006793	-1.5166574531469532e-09	0
6283185.307179586	2171.871871871872	3	-1.2820583719330383	1.3970869099572805e-09	1
6283185.307179586	2157.957957957958	1	1.460661416277683	1.4887597221746274e-09	2
6283185.307179586	2450.1501501501502	1	-0.39653645060520426	-3.5165806331137527e-10	2
6283185.307179586	1427.4774774774776	3	-0.6113674135224102	1.6504493337680512e-10	2
6283185.307179586	1984.034034034034	3	-0.41301310917857914	1.3969627464340043e-09	0
6283185.307179586	2352.7527527527527	1	-0.02485611103851837	-6.786417687593044e-10	0
6283185.307179586	815.2652652652653	2	1.4285322386517123	-1.5526695516471772e-09	1
6283185.307179586	3048.4484484484487	1	0.07759727809910189	-1.871471716659786e-09	0
6283185.307179586	1476.176176176176	3	0.5528973035634741	1.1135573110921322e-09	0
6283185.307179586	1670.970970970971	2	-0.33732730843346626	1.579749605985952e-09	0
6283185.307179586	1476.176176176176	3	-0.24476766271247552	1.3371368748210734e-10	2
6283185.307179586	3055.4054054054054	3	1.0224005099576305	8.620784008666817e-10	0
6283185.307179586	1420.5205205205204	1	0.7806370392415802	1.3954908617254642e-09	0
6283185.307179586	2457.1071071071074	3	0.08319182437581141	-1.5746642806426909e-09	0
6283185.307179586	3069.319319319319	2	-0.7498785769219944	-1.248999466642167e-09	0
6283185.307179586	1726.6266266266266	1	0.40252829077986596	-8.808904848286688e-10	0
6283185.307179586	1956.2062062062062	3	-0.548806126228919	-1.543167443565984e-09	0
6283185.307179586	1559.6596596596596	3	-0.035273211350842715	3.727340310769339e-10	1
6283185.307179586	1079.6296296296296	1	1.517170458191032	9.843169187891185e-10	2
6283185.307179586	2276.226226226226	1	-1.2505963539172316	-4.2607413361462847e-10	2
6283185.307179586	3723.2732732732734	3	-1.3059329493864333	-3.010281765610019e-10	2
6283185.307179586	1058.7587587587586	1	-1.0112520936045768	1.5239905592228558e-09	0
6283185.307179586	1664.014014014014	2	-1.529070565286646	4.697144465864409e-10	2
6283185.307179586	696.996996996997	1	-0.26583041792113904	-1.459110375838461e-09	0
6283185.307179586	996.1461461461462	2	0.35379385731884283	2.2971668989024745e-10	1
6283185.307179586	1128.3283283283283	3	-1.0143260322718683	-1.465853472420704e-11	2
6283185.307179586	2985.835835835836	2	-0.5208760848283305	-1.8292565255233285e-09	0
6283185.307179586	1851.851851851852	1	0.20075349948506016	1.623555109011784e-09	0
6283185.307179586	2644.944944944945	2	0.29151737870722516	-1.8497889337890078e-09	0
6283185.307179586	1343.993993993994	3	0.5966312863331846	-1.6523540485395978e-09	0
6283185.307179586	836.1361361361362	2	0.24031640986911573	-5.141406391140193e-10	1
6283185.307179586	1218.7687687687687	3	-1.5264370504290083	1.6835804330386506e-09	2
6283185.307179586	2269.2692692692694	1	-0.7686771409888897	-1.4954800428117224e-09	0
6283185.307179586	2290.1401401401404	3	0.6012281213635164	1.5205624716017302e-09	0
6283185.307179586	2206.6566566566567	3	0.8033992261258667	1.1520038125449638e-09	0
6283185.307179586	1643.143143143143	3	-1.3712255927981707	1.4654898607553576e-09	2
6283185.307179586	3104.1041041041044	1	0.8530578692439486	-1.8134259884604235e-09	0
6283185.307179586	1733.5835835835837	1	0.5756526647125888	3.9114061431530363e-10	1
6283185.307179586	2533.6336336336335	2	-0.9078644690294878	-1.8617143187541055e-09	0
6283185.307179586	1197.897897897898	3	0.8479772567726687	-1.0415178804085211e-09	0
6283185.307179586	1879.6796796796798	3	-1.0678732394001083	1.2428247586934949e-09	0
6283185.307179586	1309.2092092092093	2	-0.7305166917212795	1.0432345133457007e-09	0
6283185.307179586	1413.5635635635635	2	-0.8396791362269581	1.2431470400449025e-09	0
6283185.307179586	919.6196196196197	1	0.6835340605514988	-1.559067286467185e-10	2
6283185.307179586	1810.11011011011	3	0.31321731334661074	-1.7545050876410807e-09	0
6283185.307179586	1879.6796796796798	2	-0.1929525915248047	1.170263025665606e-09	0
6283185.307179586	1163.113113113113	2	1.2670178648248362	-1.2368139114168332e-09	1
6283185.307179586	1211.8118118118118	1	-1.3932131813973865	-1.5729326161559605e-10	1
6283185.307179586	606.5565565565565	2	0.36397986630520296	-3.792658748479969e-10	2
6283185.307179586	2081.4314314314315	2	-0.9422943344400325	-1.9377450776297262e-09	0
6283185.307179586	1330.08008008008	2	-1.113194094644703	1.3392819889088068e-09	0
6283185.307179586	2958.008008008008	3	0.8562994505113175	1.3330405069536495e-09	0
6283185.307179586	2401.4514514514517	3	-0.5803292953650123	-8.527110521957263e-10	0
6283185.307179586	1601.4014014014015	1	0.43327001064223314	-4.1691184402531117e-10	1
6283185.307179586	2290.1401401401404	3	-0.39842390996337107	5.110925243099743e-10	0
6283185.307179586	1413.5635635635635	2	-0.39041446245317224	-1.8838239284357694e-09	0
6283185.307179586	1406.6066066066066	3	1.1776129538646605	-1.3809074568483184e-09	0
6283185.307179586	1462.2622622622623	3	1.2700460640051343	-1.9432175451443037e-09	0
6283185.307179586	2018.818818818819	1	-1.333360349188014	1.4162280066912844e-09	2
6283185.307179586	1211.8118118118118	3	0.4977853663011591	8.995050716467384e-10	0
6283185.307179586	2095.3453453453453	3	-0.0005905452603387484	-1.830235216218831e-09	0
6283185.307179586	2644.944944944945	1	-0.3965920542191268	-1.665041236250927e-09	0
6283185.307179586	4425.925925925926	1	0.21222502601387805	-2.6516961619579366e-10	2
6283185.307179586	1754.4544544544544	2	-1.3184639747485496	-6.442744387867668e-10	1
6283185.307179586	2116.2162162162163	1	1.4358683285257987	-2.3058555332848664e-10	2
6283185.307179586	3368.4684684684685	1	-0.046842246980388635	6.349412436719259e-10	0
6283185.307179586	2380.5805805805808	2	1.4287997635544043	4.540877243993355e-10	1
6283185.307179586	1893.5935935935936	2	-0.622592738089604	1.6735775945404284e-09	0
6283185.307179586	474.3743743743744	2	-0.8198690976630113	-1.2094064081671708e-09	0
6283185.307179586	2095.3453453453453	2	-0.12718250658254715	-4.948598578259093e-10	0
6283185.307179586	4864.214214214215	2	-0.8681758353874546	3.778258396812292e-10	2
6283185.307179586	1177.027027027027	1	0.6226264023012269	1.8581169242161765e-10	2
6283185.307179586	1643.143143143143	2	0.426141222732076	1.8842685310333066e-09	0
6283185.307179586	1615.3153153153153	2	-0.26699759546484536	-1.9426877697906934e-09	0
6283185.307179586	1030.930930930931	1	-0.18358665156295273	-1.7711466070185386e-09	0
6283185.307179586	2422.322322322322	3	0.9455513834716425	-7.066961708770517e-10	0
6283185.307179586	1517.917917917918	3	-1.1821185727430996	1.4073269301587216e-09	0
6283185.307179586	1197.897897897898	2	-0.8633967830031881	-1.5558317723673502e-10	1
6283185.307179586	3118.018018018018	3	1.4751881794502544	-1.6895022106843225e-09	2
6283185.307179586	836.1361361361362	2	0.8171741899386737	-1.0785750239853226e-09	0
6283185.307179586	1907.5075075075076	1	0.8576850778813379	2.545822187095777e-10	2
6283185.307179586	1559.6596596596596	3	1.0910370370906368	-1.8617018438942915e-09	0
6283185.307179586	1225.7257257257259	1	0.09671660162365758	-1.1999438962112753e-09	0
6283185.307179586	2971.921921921922	1	0.5060453758729371	-1.9333099418162896e-09	0
6283185.307179586	1281.3813813813815	1	0.7817433695464282	-5.673398238854514e-10	2
6283185.307179586	1469.2192192192192	1	0.29442405914030245	-9.19659420190739e-10	0
6283185.307179586	1615.3153153153153	1	1.2441117233963195	-1.8454724048417034e-09	0
6283185.307179586	1197.897897897898	1	1.441327155832596	1.2586194662898876e-09	2
6283185.307179586	1149.1991991991993	1	-1.4414674073598475	-1.162188896294059e-09	2
6283185.307179586	1942.2922922922924	3	1.140692312152067	-4.01875279373551e-10	2
6283185.307179586	1622.2722722722724	1	1.0697623473031364	-7.303595813311046e-10	2
6283185.307179586	1949.2492492492493	1	-0.004627228043055931	-1.7246612430791466e-10	2
6283185.307179586	1719.6696696696697	2	-0.37807684016651555	1.7134310999674867e-09	0
6283185.307179586	822.2222222222223	2	-0.9738397248386298	-6.884171576286592e-10	1
6283185.307179586	752.6526526526527	3	-0.32850474676703456	-1.0214195044603653e-09	0
6283185.307179586	2672.772772772773	3	-1.474137671225963	-1.4636690851116017e-09	2
6283185.307179586	1378.7787787787788	2	1.2417128316803674	-1.3450373473691654e-10	1
6283185.307179586	1030.930930930931	2	-0.16386767992459395	1.868971142575419e-09	0
6283185.307179586	1719.6696696696697	2	-0.7521868501717703	-1.1029492621342137e-09	0
6283185.307179586	2248.3983983983985	1	0.6196303957357325	-1.3038821368363744e-09	0
6283185.307179586	2234.4844844844847	1	0.690436390208176	3.4887830320292896e-10	2
6283185.307179586	3403.253253253253	2	-1.4192133606460602	1.1669475423739738e-09	2
6283185.307179586	822.2222222222223	3	0.7860308570419869	-8.538114856151267e-10	0
6283185.307179586	2213.613613613614	3	0.6368960291237085	7.928321217745431e-11	2
6283185.307179586	815.2652652652653	3	0.6528837293684133	-1.868699850476693e-09	0
6283185.307179586	2067.5175175175173	1	0.8267226552139109	-1.526439266232659e-09	0
6283185.307179586	1413.5635635635635	3	-0.12523175726371472	-2.6475960991681556e-10	2
6283185.307179586	1977.077077077077	3	-0.24138990399258153	-1.4751295697045836e-09	0
6283185.307179586	1323.1231231231232	2	-0.7178144903772036	1.7935520840450485e-09	0
6283185.307179586	1664.014014014014	3	0.4615263147716324	-1.6154022932481148e-09	0
6283185.307179586	815.2652652652653	2	0.08201242984483748	-8.524687587709981e-10	0
6283185.307179586	2338.838838838839	3	-0.8257707662656072	1.99216247689983e-09	0
6283185.307179586	2763.2132132132133	2	0.9648774279651784	1.2544349660989043e-09	0
6283185.307179586	1684.884884884885	2	1.199211090348617	3.909056717458625e-10	1
6283185.307179586	1636.1861861861862	2	0.3003886509811937	2.19712906015867e-10	1
6283185.307179586	2095.3453453453453	2	0.17222857077785902	8.334068176996122e-10	0
6283185.307179586	530.03003003003	1	-0.5982113571530734	1.418278080455001e-10	2
6283185.307179586	1545.7457457457458	3	-1.2853999170203592	-1.5772516552159007e-09	1
6283185.307179586	1684.884884884885	2	-1.2864632919405918	-1.5907024999257186e-09	1
6283185.307179586	1691.8418418418419	3	0.41671777189953896	1.0179168131069191e-09	0
6283185.307179586	1343.993993993994	3	0.5247007861536899	1.2882587418903633e-09	0
6283185.307179586	2345.795795795796	2	-0.5915337578296908	-2.5647517829973724e-10	1
6283185.307179586	1114.4144144144145	2	0.19054418956616725	1.3512056219929584e-09	0
6283185.307179586	3159.75975975976	1	1.5399767038638954	1.2766159687379492e-09	2
6283185.307179586	3201.5015015015015	3	-0.8168928070694069	-1.3687719443785875e-09	0
6283185.307179586	634.3843843843844	2	1.0829642034744005	-1.9789743795674535e-09	0
6283185.307179586	1274.4244244244244	1	-1.368735773222406	7.29476171045895e-13	2
6283185.307179586	1086.5865865865867	3	-0.26368112571279023	7.144014209176548e-10	2
6283185.307179586	2123.1731731731734	3	0.36564664541440384	1.7271558933050656e-09	0
6283185.307179586	2151.001001001001	2	-0.4867448409894046	-1.703496210183314e-10	2
6283185.307179586	1657.0570570570571	3	-1.4001609540867104	-6.012464825262307e-10	2
6283185.307179586	2881.4814814814818	3	-0.27642186479479136	6.755176575579491e-10	0
6283185.307179586	2025.7757757757759	2	-0.3520923832667757	1.7956223050490748e-09	0
6283185.307179586	2491.891891891892	1	1.1510854035801112	6.162472155624509e-10	2
6283185.307179586	3625.875875875876	2	-1.1179661414917665	5.596727308009929e-10	2
6283185.307179586	1566.6166166166167	3	1.5075615852618007	-1.9142355358542264e-09	2
6283185.307179586	1531.8318318318318	3	-0.5437174871565555	-1.1323068189928564e-09	0
6283185.307179586	843.0930930930931	2	-0.2138387937062829	-1.994168914324043e-09	0
6283185.307179586	884.8348348348349	1	-1.0900966611248042	7.490159634935694e-10	2
6283185.307179586	1483.1331331331332	1	-0.4546376650069499	-1.0690673052764816e-09	0
6283185.307179586	3417.1671671671675	1	1.101795774098154	6.741878431628235e-10	1
6283185.307179586	912.6626626626627	2	-1.5359417217726714	1.6432467197491463e-09	2
6283185.307179586	2074.474474474475	2	-1.2559438650201669	-1.3904303247276663e-09	0
6283185.307179586	3584.1341341341345	1	-1.2837590258005953	-1.6799501902622365e-09	0
6283185.307179586	1956.2062062062062	3	-1.337559383708412	-2.9995706669146e-10	2
6283185.307179586	1246.5965965965966	2	0.15736977966539856	-1.2083786441515426e-09	0
6283185.307179586	1037.887887887888	3	-1.0925979888044544	1.9658280635510277e-09	0
6283185.307179586	1942.2922922922924	1	0.21171685406030982	-7.872854754146045e-10	0
6283185.307179586	481.33133133133134	3	0.9045902071022724	-1.691929553685151e-10	2
6283185.307179586	1837.937937937938	1	0.3556146133765725	3.8144744182408414e-10	1
6283185.307179586	2644.944944944945	3	0.5465694895655506	1.9980396342926576e-10	1
6283185.307179586	759.6096096096096	1	0.11791886572941701	-6.653997230592212e-10	2
6283185.307179586	1163.113113113113	1	-1.0526953024491892	6.259280923859563e-10	2
6283185.307179586	1128.3283283283283	3	0.3488477580796594	1.7364489967461869e-09	0
6283185.307179586	1114.4144144144145	2	-1.3350224728841331	-1.3525617874679667e-09	1
6283185.307179586	2658.858858858859	3	0.6492427683670519	4.0117495284861864e-10	2
6283185.307179586	1726.6266266266266	1	1.2431061949876652	-1.7293323889839428e-09	0
6283185.307179586	1747.4974974974975	1	1.3058991452645112	-2.2840561689820275e-10	2
6283185.307179586	1323.1231231231232	3	-0.3772663514568977	1.6055168345322655e-09	0
6283185.307179586	2846.6966966966966	3	-0.318686440310856	-1.698871993663508e-09	0
6283185.307179586	2422.322322322322	2	-0.4238961248744799	1.6289035025503243e-09	0
6283185.307179586	2213.613613613614	2	-0.8189396236767486	8.333288723657578e-10	0
6283185.307179586	1476.176176176176	1	0.46806908167842165	3.3107033097887623e-10	2
6283185.307179586	717.8678678678679	1	1.3314161917897898	-6.810929879979672e-10	2
6283185.307179586	1935.3353353353355	1	-1.0748956893066715	-1.834978954667792e-09	0
6283185.307179586	1677.927927927928	1	-1.438916046358772	1.4252462429976748e-10	1
6283185.307179586	1837.937937937938	3	-1.5060747660016125	-1.649997327477772e-09	2
6283185.307179586	3222.3723723723724	3	1.3629781204635414	-1.090790866873857e-09	2
6283185.307179586	1010.0600600600601	1	-0.8617462406920062	1.422940937639782e-09	0
6283185.307179586	571.7717717717718	2	1.1132716311751998	-1.2780501980259943e-09	1
6283185.307179586	592.6426426426426	3	-0.4177356810986701	2.3420779693372986e-10	1
6283185.307179586	2686.6866866866867	3	1.1004738455869925	-2.752748763113341e-10	2
6283185.307179586	1427.4774774774776	2	0.038945470528845894	8.815862036748194e-10	0
6283185.307179586	2067.5175175175173	2	-0.4581562052000694	1.0188962896997757e-09	0
6283185.307179586	1559.6596596596596	2	-1.0146376390505805	1.2966478363280075e-09	0
6283185.307179586	1942.2922922922924	3	-1.3488877942036117	-1.8382511878522525e-10	2
6283185.307179586	2311.011011011011	3	-0.6926787541210988	-1.0805433097561537e-09	0
6283185.307179586	3695.4454454454453	1	-1.1471203606026146	1.81563408405221e-09	0
6283185.307179586	2846.6966966966966	1	-1.177593189297387	1.4717305285027666e-09	0
6283185.307179586	1942.2922922922924	1	1.2344006315739469	-2.465501278041584e-10	2
6283185.307179586	1142.2422422422424	2	0.47420793904309955	-1.5612375065806715e-09	0
6283185.307179586	1552.7027027027027	2	-1.2144569496925661	-1.702010481004062e-09	0
6283185.307179586	2109.259259259259	1	0.03888429888746492	-1.811544963388499e-09	0
6283185.307179586	1218.7687687687687	2	1.1477309077794695	-6.997742366715497e-10	2
6283185.307179586	1670.970970970971	3	0.6970857144202207	-1.2171145516466696e-09	0
6283185.307179586	1476.176176176176	2	-1.1241407219917903	1.593855815960735e-09	0
6283185.307179586	1629.2292292292293	1	0.23104156539086107	4.319303590522563e-10	0
6283185.307179586	1559.6596596596596	2	-1.3682785309223606	3.41493682974427e-10	1
6283185.307179586	3215.4154154154153	2	1.1975164708133588	-8.763462956279595e-11	2
6283185.307179586	2060.5605605605606	3	-0.11041742317878289	-1.947569221958549e-09	0
6283185.307179586	1573.5735735735736	1	0.06381409649161895	5.034475889759382e-10	0
6283185.307179586	4634.6346346346345	3	-1.4640609868599215	9.999772228632829e-11	2
6283185.307179586	877.877877877878	2	0.026751036334144107	8.857587893527699e-10	0
6283185.307179586	1545.7457457457458	1	0.2899113827242821	-1.5425814473749511e-09	0
6283185.307179586	2491.891891891892	1	-0.6749486151299224	1.8451589599865209e-09	0
6283185.307179586	884.8348348348349	3	0.8848729473779793	-9.964828976048313e-10	0
6283185.307179586	2185.7857857857857	3	1.2409697877192087	-9.935459181274254e-10	2
6283185.307179586	3278.028028028028	3	-0.8144394232084174	-1.568713131701955e-09	0
6283185.307179586	2130.13013013013	3	-1.3915337800984386	-1.1646740987089813e-09	2
6283185.307179586	1977.077077077077	3	-1.4616845584734928	-1.9987393454644863e-09	2
6283185.307179586	3055.4054054054054	3	0.33498425394109477	1.7193345182806046e-09	0
6283185.307179586	1622.2722722722724	2	-1.2676479451691092	-1.5354585097584188e-09	1
6283185.307179586	1413.5635635635635	1	0.7261705420376381	1.2371029798136261e-09	0
6283185.307179586	1364.864864864865	1	-0.16254239070719056	-4.548998256231812e-10	2
6283185.307179586	1100.5005005005005	3	0.4537158096540792	1.821061366138902e-09	0
6283185.307179586	2707.5575575575576	1	0.6389060963217408	6.644785046723066e-10	0
6283185.307179586	1803.1531531531532	2	-0.011311909144315235	7.099090086506174e-10	0
6283185.307179586	1065.7157157157158	2	-1.5119630729053046	8.415667719295157e-10	1
6283185.307179586	1051.801801801802	2	-1.5089310214551563	1.9714585740409516e-09	2
6283185.307179586	1824.0240240240241	2	0.5022986534597877	1.0763188523109027e-09	0
6283185.307179586	230.88088088088088	1	1.0069365632580953	3.7178052060105257e-10	0
6283185.307179586	1921.4214214214214	3	0.3985556414336011	8.686943317941823e-10	0
6283185.307179586	1163.113113113113	3	-1.468223513202438	1.088890994444302e-09	2
6283185.307179586	766.5665665665666	1	-1.2594370295129491	-4.724755363595969e-10	2
6283185.307179586	2415.3653653653655	3	-0.04261763762783488	1.65442931292114e-09	0
6283185.307179586	2575.3753753753754	2	1.2119041081353186	5.864329593302504e-10	2
6283185.307179586	1552.7027027027027	3	1.2614273413968755	1.8519904316967799e-09	0
6283185.307179586	1531.8318318318318	1	0.16287417431297935	5.697009680403973e-11	2
6283185.307179586	2088.388388388388	3	-0.9347815643104362	1.1668717157236155e-09	0
6283185.307179586	2512.762762762763	2	0.3031946143948845	-1.3194403063997697e-09	0
6283185.307179586	1149.1991991991993	2	-0.4943005616062206	-1.7097454155885747e-09	0
6283185.307179586	2046.6466466466468	1	0.13532727590053906	-3.456191649269701e-10	1
6283185.307179586	2498.848848848849	2	0.7836565017628696	1.092220084185108e-09	0
6283185.307179586	2526.676676676677	1	1.1697227380361621	7.724000355119022e-11	2
6283185.307179586	1907.5075075075076	2	-1.4004920978386388	1.8173538682039314e-09	1
6283185.307179586	1538.788788788789	3	0.11934167553942632	-9.430632587554469e-10	0
6283185.307179586	3368.4684684684685	1	-0.013680877444064432	-1.7564862069078685e-09	0
6283185.307179586	1392.6926926926926	2	-1.3262730708045773	1.6161870954911306e-09	2
6283185.307179586	1170.0700700700702	2	0.9068960324658453	-1.8586206102687402e-09	0
6283185.307179586	2130.13013013013	3	-0.9228815323467728	6.649290382903334e-10	2
6283185.307179586	1775.3253253253254	3	0.5159246007026099	9.09108758966441e-10	0
6283185.307179586	1392.6926926926926	3	-0.557201639618039	5.663290970448424e-10	1
6283185.307179586	2978.878878878879	2	-1.2118193368812205	1.149921952450386e-09	0
6283185.307179586	1260.5105105105106	1	-1.2060643121344454	3.0602225719004666e-10	2
6283185.307179586	1218.7687687687687	1	-0.3655115734858716	-1.6522755301745772e-09	0
6283185.307179586	1017.017017017017	3	-0.6753449238045862	-1.332507863065535e-10	2
6283185.307179586	2338.838838838839	2	-0.057259931944865894	9.803988452183858e-10	0
6283185.307179586	1761.4114114114116	3	-1.315848364567586	-5.972675535163185e-10	2
6283185.307179586	1065.7157157157158	3	-0.6468119441787294	7.000655503834924e-10	2
6283185.307179586	2067.5175175175173	3	0.46723273880691885	-4.0658913864923333e-10	1
6283185.307179586	1483.1331331331332	3	-0.6960094613314004	1.9505807437729375e-09	0
6283185.307179586	3959.80980980981	3	-0.15478413292817406	1.7587310234668833e-09	0
6283185.307179586	321.3213213213213	1	1.4769951969992041	9.192357305371765e-10	2
6283185.307179586	905.7057057057058	1	-0.6112163531026715	1.0189494491445525e-09	0
6283185.307179586	2081.4314314314315	1	1.0437189478619024	1.823428660141e-09	0
6283185.307179586	481.33133133133134	1	-1.1713605236026263	-2.554715355504023e-10	2
6283185.307179586	1782.2822822822823	2	-1.4564428687526845	-1.586903717686847e-09	1
6283185.307179586	690.04004004004	2	-0.8398562701423896	-3.174482943549961e-10	1
6283185.307179586	2283.1831831831832	3	0.20283890871168553	6.912883014715099e-11	1
6283185.307179586	2304.054054054054	2	-0.01271268568107975	1.2937970378465969e-09	0
6283185.307179586	1990.9909909909911	2	0.5486562251536595	1.3378683994447182e-09	0
6283185.307179586	216.96696696696696	3	0.12410476786885716	7.152091413021377e-10	0
6283185.307179586	1643.143143143143	3	0.3852747856111287	-1.4718709507143314e-09	0
6283185.307179586	843.0930930930931	3	-0.09284917457032416	-1.0070834618837733e-09	0
6283185.307179586	1775.3253253253254	3	-0.19434498237798437	-5.884269064006924e-10	0
6283185.307179586	1204.854854854855	3	-1.3345239783621599	6.437449890739463e-10	2
6283185.307179586	870.9209209209209	1	1.0475582204268243	-8.396985233130793e-10	1
6283185.307179586	1448.3483483483483	3	1.2919686472241998	1.132285063912798e-09	2
6283185.307179586	1893.5935935935936	3	-1.3102033071839063	1.2846984357309994e-09	2
6283185.307179586	3215.4154154154153	1	-1.223780297206266	3.2803695993725725e-11	2
6283185.307179586	2157.957957957958	3	0.400407474233085	1.9447762027409403e-09	0
6283185.307179586	2338.838838838839	2	-0.19904325862356465	1.303388783422066e-09	0
6283185.307179586	3396.2962962962965	1	0.20244907383955146	-1.6063963467216397e-09	0
6283185.307179586	2137.087087087087	1	1.3881358825501886	-9.659877390057607e-10	2
6283185.307179586	1517.917917917918	3	0.7120795365293167	1.7533482205469644e-09	0
6283185.307179586	2206.6566566566567	2	1.172159788828945	-8.784378587444014e-10	2
6283185.307179586	1608.3583583583584	1	0.22756733273035668	-2.7675036875316925e-10	1
6283185.307179586	2686.6866866866867	3	0.23194918591542502	-1.0405242084196927e-09	0
6283185.307179586	710.910910910911	3	-0.04812847493181294	-1.9108663775655417e-09	0
6283185.307179586	850.0500500500501	1	0.055639631906847065	-1.6641155508840347e-09	0
6283185.307179586	648.2982982982983	1	-0.12855639800021734	-1.1243856470081708e-09	1
6283185.307179586	2436.2362362362364	1	-1.5317056614017408	-8.490548857576218e-10	1
6283185.307179586	1963.1631631631633	3	0.8606963124282241	-4.648468917770765e-11	2
6283185.307179586	2909.3093093093094	3	-1.4698986691077096	-3.47080165761938e-10	2
6283185.307179586	1942.2922922922924	3	-1.4982834913957706	-1.0966947250845438e-09	2
6283185.307179586	1211.8118118118118	1	-1.1289340935436445	-1.2780047174937216e-10	2
6283185.307179586	1455.3053053053054	1	1.5086696586152781	1.8354119158297824e-09	2
6283185.307179586	1079.6296296296296	2	0.4059108914082332	-3.5903115189946053e-10	2
6283185.307179586	1608.3583583583584	1	-1.42137437778214	-2.2750679832573886e-10	2
6283185.307179586	836.1361361361362	1	-1.1400405704280152	-1.122348617370843e-09	2
6283185.307179586	328.27827827827826	2	0.7966771170976177	1.0173855528006526e-09	1
6283185.307179586	1858.8088088088089	3	-0.990283490247362	-5.62686834068006e-10	1
6283185.307179586	1601.4014014014015	1	0.8335080269896737	1.4330442190929622e-09	0
6283185.307179586	1761.4114114114116	1	0.6332260012134348	-6.59616492727622e-10	0
6283185.307179586	1698.7987987987988	3	-1.52227668820527	-5.367766427763763e-10	2
6283185.307179586	1023.973973973974	1	1.0851273812787916	5.456180571618152e-10	2
6283185.307179586	446.54654654654655	3	-0.9323120276203459	1.9812231131941074e-09	1
6283185.307179586	2025.7757757757759	3	0.2902011966461342	6.380742315225914e-10	0
6283185.307179586	1524.8748748748749	3	1.4163651924957787	6.766208494275397e-10	1
6283185.307179586	1483.1331331331332	2	0.21148756966523052	-1.4125004025326603e-09	0
6283185.307179586	390.8908908908909	1	-1.1604001332295883	-1.7379275079379834e-09	2
6283185.307179586	1984.034034034034	1	1.1325704491920034	-1.7510205500113123e-09	0
6283185.307179586	2637.987987987988	1	0.028493838374184177	-2.0983970075642015e-10	1
6283185.307179586	2735.3853853853852	2	-1.3919973998670265	-1.8192209069748022e-09	1
6283185.307179586	314.36436436436435	2	0.09521166421880145	1.020972520411848e-09	0
6283185.307179586	2053.603603603604	2	-1.0462547424900737	5.630664979859268e-10	1
6283185.307179586	2422.322322322322	1	0.6205654397930602	1.0747012763819028e-09	0
6283185.307179586	1705.755755755756	3	1.513841850683665	2.588981716751143e-10	1
6283185.307179586	1636.1861861861862	2	0.4685722115647031	-1.9719571674984754e-09	0
6283185.307179586	2081.4314314314315	3	0.3910597971402958	-1.607378142103459e-09	0
6283185.307179586	891.7917917917919	3	0.6822833641815533	-1.7954112930937174e-09	0
6283185.307179586	1163.113113113113	3	1.2255059811818958	1.7362377962807328e-09	1
6283185.307179586	1977.077077077077	2	-0.6901964085527746	-4.04907437071628e-10	2
6283185.307179586	1239.6396396396397	3	1.1546057666995342	-1.4156884580599805e-09	0
6283185.307179586	2408.4084084084084	2	-1.2413193900585306	2.3944568956845994e-10	2
6283185.307179586	2178.828828828829	3	0.9151953903674324	-1.3222350378097635e-09	0
6283185.307179586	453.5035035035035	3	-0.24646371076098017	1.8301771016337333e-09	0
6283185.307179586	1156.1561561561562	1	1.1517442722731057	-9.770721042410715e-10	2
6283185.307179586	1754.4544544544544	1	0.9238831929136291	-1.070572165867751e-09	0
6283185.307179586	1302.2522522522522	3	0.22807556578245602	4.752070259160958e-10	2
6283185.307179586	3716.3163163163163	1	-0.3185973664302839	1.1900296332910767e-09	0
6283185.307179586	2324.924924924925	2	0.19518276526721	1.707259709726058e-09	0
6283185.307179586	1803.1531531531532	1	0.7791722461105484	-5.242740238821048e-10	2
6283185.307179586	3465.865865865866	3	1.2734502238850771	-4.095202864141002e-10	2
6283185.307179586	2603.2032032032034	1	-0.27248582397060583	8.919093863160445e-10	0
6283185.307179586	2477.977977977978	3	-0.7437019685537669	6.693022645544142e-10	0
6283185.307179586	2770.1701701701704	2	-1.2997839301414524	1.4491316003387218e-09	1
6283185.307179586	1448.3483483483483	1	1.18075890056428	-1.844790907303411e-09	0
6283185.307179586	2930.1801801801803	2	0.03914563982623154	-9.108302717564372e-10	0
6283185.307179586	3006.706706706707	2	1.2850147013221709	-7.062119556811877e-11	1
6283185.307179586	2895.3953953953956	2	0.17695003648402263	-1.3156702274082316e-09	0
6283185.307179586	1309.2092092092093	1	1.10102552599392	-1.8456775994482123e-09	0
6283185.307179586	1538.788788788789	1	0.17899915578413195	-1.947834611218121e-09	0
6283185.307179586	648.2982982982983	1	1.4672393780177346	-4.763827733032441e-10	2
6283185.307179586	1378.7787787787788	3	0.7808816290766272	-6.114888613837034e-11	1
6283185.307179586	550.900900900901	2	1.16854828328918	-1.433916224685786e-09	2
6283185.307179586	1608.3583583583584	2	-0.7863520238873514	1.743962584178972e-09	0
6283185.307179586	2533.6336336336335	3	0.4443749900899183	-1.7769743892825668e-09	0
6283185.307179586	2596.2462462462463	3	-0.7289528429063947	-1.0237470775235591e-11	2
6283185.307179586	2526.676676676677	3	0.06498001468737313	-1.7599709663244362e-10	2
6283185.307179586	877.877877877878	2	-0.4765100218668572	-1.8936251998447046e-09	0
6283185.307179586	397.84784784784785	1	0.12350853405716578	2.389553316261054e-10	0
6283185.307179586	1698.7987987987988	3	1.3646131321085586	-1.9457798709972464e-09	2
6283185.307179586	2352.7527527527527	1	1.4901297995475313	-1.8898006941786536e-09	2
6283185.307179586	1768.3683683683685	2	-1.2768193225321467	5.123787096076704e-10	2
6283185.307179586	2199.6996996997	2	0.916606992684986	9.679429284333235e-10	0
6283185.307179586	1211.8118118118118	3	0.897710110405121	9.303824998883705e-10	2
6283185.307179586	2227.5275275275276	1	0.2002188882903071	-1.6926906291411648e-10	2
6283185.307179586	244.7947947947948	1	0.05202819915300205	1.1596026026723761e-09	0
6283185.307179586	1552.7027027027027	2	-1.1283446997775344	-3.997940416641411e-10	2
6283185.307179586	1858.8088088088089	1	-0.8273577887517272	3.8781028946423964e-10	2
6283185.307179586	2311.011011011011	3	1.1012227120084566	1.9529646780787184e-10	1
6283185.307179586	2867.5675675675675	1	-0.036901737587532235	1.5547196521589274e-09	0
6283185.307179586	1879.6796796796798	2	-0.1147818929920108	-1.7952064020536872e-09	0
6283185.307179586	2039.6896896896897	2	0.7769824351030676	5.930962832785973e-10	1
6283185.307179586	752.6526526526527	3	-1.047307284948832	1.7202311920802109e-09	0
6283185.307179586	1921.4214214214214	3	-1.1955222644231118	-3.2953369247143627e-10	2
6283185.307179586	502.2022022022022	1	-1.078473981982818	1.909607039084535e-09	0
6283185.307179586	3639.7897897897897	2	0.8423747514897957	1.3981543717694957e-09	0
6283185.307179586	2157.957957957958	2	0.3786076321600107	-1.0036766709740489e-09	0
6283185.307179586	2116.2162162162163	1	0.477529099542064	1.2850279132331736e-09	0
6283185.307179586	1246.5965965965966	1	1.274977571037243	-1.7097122418528886e-09	2
6283185.307179586	1545.7457457457458	1	-0.2029725932844073	-1.6725880335733297e-09	0
6283185.307179586	2116.2162162162163	3	0.3146575052372167	-1.7468857156904855e-09	0
6283185.307179586	1524.8748748748749	3	-1.44994972372542	2.318375526227353e-11	2
6283185.307179586	1657.0570570570571	3	0.4087671844914089	7.698191832052271e-10	0
6283185.307179586	2992.792792792793	2	-0.594755487738738	-1.6148658245286912e-09	0
6283185.307179586	1003.1031031031031	2	0.9362786789599875	-3.2906279348979096e-11	2
6283185.307179586	2387.5375375375374	3	-1.069093340318632	9.898655074589203e-10	0
6283185.307179586	1295.2952952952953	2	-0.1617488190712355	3.5389254467300596e-10	1
6283185.307179586	1970.1201201201202	1	-0.9084179382201621	-1.754610123568425e-09	0
6283185.307179586	745.6956956956957	3	1.5154354199389641	-6.52765207606984e-10	1
6283185.307179586	2784.084084084084	2	0.852954068115948	1.3115683527058345e-10	2
6283185.307179586	1622.2722722722724	2	0.17115541367674258	1.8001272292599458e-09	0
6283185.307179586	1044.8448448448448	2	-0.7063191654648343	1.801246119950024e-09	0
6283185.307179586	996.1461461461462	2	-0.543777192492028	-1.5161863865539351e-09	0
6283185.307179586	3570.22022022022	1	-0.09663724668795282	-9.426389606142545e-10	0
6283185.307179586	2192.742742742743	1	0.5292560738450218	1.3631541823889425e-09	0
