axial trapping frequency (MHz) 	 velocity(m/s) 	 ion collided with 	 angle(rads) 	 collision offset(m) 	 reorder? (1 is reorder 2 is ejection) 
6283185.307179586	773.5235235235235	1	-1.5160603547993872	3.4795308546022325e-10	2
6283185.307179586	2825.825825825826	3	1.2831670961530337	-1.0671007979743493e-10	2
6283185.307179586	1211.8118118118118	3	0.7649164196188618	-3.9217468066115933e-10	2
6283185.307179586	2053.603603603604	3	1.4915157978867	-6.101562819639068e-10	2
6283185.307179586	1531.8318318318318	2	0.49034042304366965	-1.9228929781423627e-09	0
6283185.307179586	2248.3983983983985	1	-0.9748873785824457	1.0034598227645259e-10	1
6283185.307179586	474.3743743743744	2	0.10494156434697888	-2.999198845845369e-10	2
6283185.307179586	1357.9079079079079	2	0.04321852582795005	1.0077819666857246e-09	0
6283185.307179586	2032.7327327327328	3	0.23993007370229225	-6.013775167353154e-10	0
6283185.307179586	1190.940940940941	3	-1.2680492920909647	1.7696724852577097e-09	2
6283185.307179586	1267.4674674674675	1	0.6916145190515981	1.0455890088946582e-09	0
6283185.307179586	1253.5535535535537	3	0.16748412181866978	-3.3711112521876346e-10	2
6283185.307179586	1545.7457457457458	1	0.6014087129723995	-2.4716006229505093e-10	2
6283185.307179586	1517.917917917918	3	-0.461082468278428	1.0067379475124644e-09	0
6283185.307179586	1023.973973973974	3	0.7897478129030202	8.968863472527763e-10	0
6283185.307179586	557.8578578578579	2	0.43295822766769465	4.019353067702439e-10	1
6283185.307179586	571.7717717717718	2	-0.6445146036161216	8.582978283423138e-10	1
6283185.307179586	2930.1801801801803	3	0.5009487129731909	-9.348284262657122e-11	2
6283185.307179586	1399.6496496496497	2	0.4251226990991632	4.1157098320168267e-10	1
6283185.307179586	2255.3553553553556	1	0.25408274332357483	-1.963837927939579e-09	0
6283185.307179586	3584.1341341341345	2	0.8783395720885228	1.2957586570785829e-09	0
6283185.307179586	954.4044044044044	3	0.4350734716062492	1.7935744590000102e-09	0
6283185.307179586	1364.864864864865	1	1.214896725787546	-1.5397021970284346e-09	0
6283185.307179586	1253.5535535535537	3	0.0705471195972307	-8.379161150062693e-11	0
6283185.307179586	1921.4214214214214	3	-0.005470924586773673	4.760998976221271e-10	0
6283185.307179586	1330.08008008008	3	0.8720476154442252	4.9839989373182035e-11	2
6283185.307179586	2304.054054054054	2	-1.2059704881833615	-1.7264490166345993e-09	0
6283185.307179586	1928.3783783783783	1	-0.022144193762350772	-1.957935906876894e-09	0
6283185.307179586	3959.80980980981	1	-0.3443730233990989	-1.654857444427497e-09	0
6283185.307179586	2311.011011011011	2	1.317795028064614	9.4148355237281e-10	2
6283185.307179586	1997.947947947948	2	0.44363929246188016	3.542642479805743e-10	2
6283185.307179586	1921.4214214214214	3	1.4329042174660187	-9.284714691804689e-10	1
6283185.307179586	2046.6466466466468	2	-0.9337148563561775	-8.513052732005285e-10	0
6283185.307179586	2575.3753753753754	1	-1.0387026196590825	-5.784089474603236e-10	2
6283185.307179586	2791.041041041041	1	0.8495710792716222	1.284074061324114e-09	0
6283185.307179586	1469.2192192192192	2	0.13413025834341363	-3.694509915308202e-10	1
6283185.307179586	1636.1861861861862	1	1.2309490280428088	-2.964581945720806e-10	2
6283185.307179586	2269.2692692692694	2	0.238574540267535	8.448705684009284e-11	1
6283185.307179586	2575.3753753753754	1	-1.496053985379955	-4.586019831149994e-11	1
6283185.307179586	690.04004004004	2	1.5183092816587158	-1.5428087564760237e-09	1
6283185.307179586	3020.6206206206207	2	-0.1342467095509745	4.172800756975557e-10	0
6283185.307179586	3695.4454454454453	2	0.7851048641168727	-1.5510149696410363e-09	0
6283185.307179586	3605.005005005005	2	-1.3963898207786047	-1.6299858494092764e-09	1
6283185.307179586	1963.1631631631633	3	0.2772507532765154	6.969727711804323e-10	0
6283185.307179586	1170.0700700700702	1	-1.1583193599344	-1.746201637811019e-09	0
6283185.307179586	3368.4684684684685	3	-0.07553625369144079	1.0818843345178132e-10	2
6283185.307179586	474.3743743743744	3	0.8268764927450927	-2.760266425707409e-10	2
6283185.307179586	1121.3713713713714	1	-1.1612024609679403	-1.4313328327619237e-09	1
6283185.307179586	1629.2292292292293	3	0.963128887913494	8.641713584970899e-10	1
6283185.307179586	1837.937937937938	2	0.3457276973020531	-1.904593376605872e-09	0
6283185.307179586	1086.5865865865867	2	-0.9515384067424558	1.5338610213505038e-10	2
6283185.307179586	1684.884884884885	1	0.5917652299168523	1.0755687404096525e-09	0
6283185.307179586	2297.097097097097	3	-1.3439606126982864	1.650667756074576e-09	2
6283185.307179586	3605.005005005005	2	-0.19965277824341365	-1.8184310531736205e-10	1
6283185.307179586	1747.4974974974975	1	-0.8167655217883115	1.1812915891781311e-10	2
6283185.307179586	1566.6166166166167	3	0.1612615090752212	-1.3633929255113083e-09	0
6283185.307179586	989.1891891891892	3	0.40359002641418296	1.6848904998484974e-09	0
6283185.307179586	2269.2692692692694	2	-0.1553450890253858	1.3568657640178472e-09	0
6283185.307179586	2137.087087087087	1	-0.345284436541071	1.3842280985385606e-09	0
6283185.307179586	2130.13013013013	2	-1.2303367192773433	7.699568381047167e-10	1
6283185.307179586	1691.8418418418419	2	-1.3892893545457894	7.669161925587875e-10	2
6283185.307179586	2457.1071071071074	3	1.5363511118953732	-1.1428400269690498e-09	1
6283185.307179586	1907.5075075075076	1	-0.1291453517678538	1.268411011123554e-09	0
6283185.307179586	2032.7327327327328	2	1.2149741891673784	1.5396624703430033e-10	1
6283185.307179586	2540.5905905905906	2	0.10357982643172758	-1.8401059054863245e-09	0
6283185.307179586	1058.7587587587586	1	0.18857818278565608	9.997020589317792e-10	0
6283185.307179586	1587.4874874874874	1	-1.566043772218865	-1.8371442069315808e-09	2
6283185.307179586	1622.2722722722724	2	-0.8205330524420167	1.5090670382401837e-09	0
6283185.307179586	1455.3053053053054	1	-0.20209350902697132	3.238036928891828e-10	2
6283185.307179586	1469.2192192192192	2	-0.884019851713903	-1.9647540421926346e-09	0
6283185.307179586	1629.2292292292293	2	-0.22719653020371866	-1.3526204982241842e-09	0
6283185.307179586	2797.997997997998	2	0.04302108535545379	-1.6285076709795818e-09	0
6283185.307179586	1490.0900900900901	2	-0.010762300556665938	-1.0867360094893203e-09	0
6283185.307179586	2415.3653653653655	1	-0.16124932235592948	1.8698240087190156e-09	0
6283185.307179586	2867.5675675675675	3	0.45595046781311854	-5.929722932987067e-10	0
6283185.307179586	2658.858858858859	2	0.8096198798408225	1.1878512002069165e-09	0
6283185.307179586	1670.970970970971	2	-1.2916439049393467	2.1704563033373756e-10	2
6283185.307179586	2157.957957957958	2	-0.4551769499477756	-4.252121027262602e-10	2
6283185.307179586	926.5765765765766	2	1.4912519691327768	-1.489035105647821e-09	1
6283185.307179586	3973.7237237237237	1	-0.8946136330202621	-6.943393232009249e-11	1
6283185.307179586	2039.6896896896897	3	0.7233117303297583	1.0826772402332219e-09	0
6283185.307179586	1476.176176176176	3	-0.12490542902888113	-7.442738445058922e-10	0
6283185.307179586	1775.3253253253254	1	0.30283956550464985	-1.5978553109986532e-09	0
6283185.307179586	1608.3583583583584	3	0.06930311316068138	-1.9229239006514252e-09	0
6283185.307179586	2283.1831831831832	2	0.9591095172679736	9.070244047066806e-10	0
6283185.307179586	794.3943943943945	2	0.7812510406231232	4.0396453800688213e-10	1
6283185.307179586	780.4804804804805	1	0.42254190622580334	-1.9624185460066411e-10	2
6283185.307179586	1782.2822822822823	3	1.2831509694296002	7.145964112816212e-10	2
6283185.307179586	989.1891891891892	2	0.7886074392940112	-3.87998109288064e-10	1
6283185.307179586	2046.6466466466468	3	-0.41271240560083644	4.532597979621844e-10	1
6283185.307179586	2151.001001001001	2	0.2648808630000381	6.478913017865132e-10	0
6283185.307179586	1789.2392392392394	2	-0.9892602848078216	5.76850589756924e-10	1
6283185.307179586	2930.1801801801803	1	0.9294734567473446	-7.947466778993249e-11	2
6283185.307179586	2484.934934934935	1	-0.7337528940994152	-8.892772211092921e-10	0
6283185.307179586	1761.4114114114116	1	1.0666087029596847	1.2852779834121196e-09	0
6283185.307179586	2234.4844844844847	3	0.7898500567372415	1.9441969025844748e-09	0
6283185.307179586	4377.227227227228	2	-1.1775095531486426	1.3767126181116757e-09	0
6283185.307179586	1093.5435435435436	2	-0.31543586226709475	-9.871503827250616e-10	0
6283185.307179586	1337.0370370370372	1	-0.02186705284713364	-1.1228551552515535e-09	0
6283185.307179586	1531.8318318318318	1	1.2635211630598246	-1.8016669974730318e-09	0
6283185.307179586	2095.3453453453453	1	0.09053839551595577	-1.4970287139546562e-09	0
6283185.307179586	2297.097097097097	3	1.133586536867989	-1.5246889028315283e-10	2
6283185.307179586	1350.950950950951	3	0.5699926541659894	-1.1420810246228515e-09	0
6283185.307179586	3472.822822822823	1	-1.407492568831124	-2.9176853586587065e-10	1
6283185.307179586	3243.2432432432433	3	-1.279570309907664	-1.9516610025136577e-10	2
6283185.307179586	1121.3713713713714	1	-0.3218718798231006	5.475761421520552e-10	0
6283185.307179586	1295.2952952952953	1	-1.560195016766595	-1.0609632166942094e-09	1
6283185.307179586	1601.4014014014015	1	-0.6724224987674011	-1.3638838373267857e-09	0
6283185.307179586	2199.6996996997	3	-1.0041688177735977	-8.79745319164274e-10	0
6283185.307179586	870.9209209209209	2	0.6457499647174934	-1.4370682909577688e-10	1
6283185.307179586	1107.4574574574574	1	0.7635988673833318	7.894687496026851e-10	0
6283185.307179586	2443.193193193193	2	0.5718668669742333	-1.2798544189156602e-09	0
6283185.307179586	2297.097097097097	2	-1.3908160761490223	3.044781709114605e-10	2
6283185.307179586	2401.4514514514517	1	1.276801362429791	-8.62685182998567e-10	1
6283185.307179586	1684.884884884885	1	0.44944652121258777	1.4628790717539761e-09	0
6283185.307179586	1851.851851851852	3	0.7141752892584767	-1.8716107710808594e-09	0
6283185.307179586	2164.914914914915	2	-0.4574430281302526	-4.6344679810208196e-11	1
6283185.307179586	1664.014014014014	3	0.5290069642463773	-1.8776144229786914e-09	0
6283185.307179586	1858.8088088088089	1	1.5055669528312725	1.924252956724513e-09	2
6283185.307179586	4509.40940940941	1	-1.435725682774758	1.6624731987890445e-11	2
6283185.307179586	620.4704704704704	3	-0.022647344480837273	-7.153388397200202e-10	0
6283185.307179586	1559.6596596596596	3	0.17816159547821897	-7.924246750960595e-10	0
6283185.307179586	1497.047047047047	2	0.7589242088254098	-3.010726304662445e-10	1
6283185.307179586	2317.967967967968	2	-1.4756415749616323	-1.1293044451551047e-09	2
6283185.307179586	1677.927927927928	3	-0.5670734408947946	5.382122528863014e-10	1
6283185.307179586	2324.924924924925	3	0.04793910186595962	-8.481080711445656e-10	0
6283185.307179586	1559.6596596596596	2	-1.5055937823519578	4.793069256104166e-10	2
6283185.307179586	1643.143143143143	1	0.051915679680904825	-4.304426297837654e-10	0
6283185.307179586	2971.921921921922	1	1.103972241550728	1.7374015325663334e-09	0
6283185.307179586	1517.917917917918	3	1.2140557724456	-1.0807166603924397e-09	2
6283185.307179586	1594.4444444444446	1	-1.1509137624590189	1.858739377382013e-09	0
6283185.307179586	1260.5105105105106	1	-0.5866614178705006	-7.952986791632349e-10	0
6283185.307179586	1837.937937937938	1	-1.2527463453218486	-3.335054885368889e-10	1
6283185.307179586	1684.884884884885	3	-0.4818410591527842	-1.250773679480012e-09	0
6283185.307179586	1733.5835835835837	1	0.5353768082303239	-6.032784446875464e-10	0
6283185.307179586	3549.3493493493493	2	-0.46331070490498716	4.0357406575851376e-10	1
6283185.307179586	2130.13013013013	1	-1.07584210321609	2.060448929612337e-10	1
6283185.307179586	2004.904904904905	2	0.6776437370252801	1.7070696760422044e-09	0
6283185.307179586	3124.974974974975	2	-0.9342416972556461	-2.6903831243288465e-10	2
6283185.307179586	1357.9079079079079	3	-0.30390840958948373	2.033218622493875e-10	1
6283185.307179586	1747.4974974974975	3	-0.6650698825538119	1.3094610748390667e-09	0
6283185.307179586	1302.2522522522522	2	-0.1316371463762842	-8.285558331142326e-10	0
6283185.307179586	1914.4644644644645	2	-0.611516105896643	1.7690820481286562e-09	0
6283185.307179586	745.6956956956957	3	0.9258356226979361	-1.9258620302652813e-09	0
6283185.307179586	592.6426426426426	2	-0.4188391382452099	2.508583940475045e-10	1
6283185.307179586	1135.2852852852852	1	-0.518084344003813	3.641792518331903e-10	2
6283185.307179586	3006.706706706707	1	-0.5560868920180086	-8.412779724335505e-10	0
6283185.307179586	954.4044044044044	3	-0.7835028780618316	7.936826228662584e-11	2
6283185.307179586	3695.4454454454453	1	-0.5433305394160148	3.162685825319201e-10	2
6283185.307179586	1392.6926926926926	3	-1.0504022511444355	-1.1661481033600372e-09	0
6283185.307179586	585.6856856856857	1	-0.7929577154060266	1.5422414319159982e-09	0
6283185.307179586	3264.1141141141143	1	0.9671356144401675	9.197212279051069e-10	0
6283185.307179586	1058.7587587587586	2	1.2569559664115486	-8.437355748734615e-10	1
6283185.307179586	1420.5205205205204	1	-1.2085350648243771	-1.663565209513446e-10	2
6283185.307179586	1051.801801801802	1	0.20463892225726998	-1.0261731373307762e-09	0
6283185.307179586	1615.3153153153153	2	0.9316549049684726	-1.8611246784981478e-09	0
6283185.307179586	1789.2392392392394	3	0.043818472248991824	-1.7896651965076821e-09	0
6283185.307179586	2471.021021021021	3	-0.5783318620742024	-1.16013252226315e-09	0
6283185.307179586	3048.4484484484487	2	1.4436977207928532	-1.0313159759890742e-09	1
6283185.307179586	1580.5305305305305	1	0.18194209941326567	-1.8423094255948825e-11	2
6283185.307179586	1545.7457457457458	1	-1.2049617919616051	-1.8725204995434656e-09	0
6283185.307179586	230.88088088088088	1	-0.7438576425324394	-1.966566990857001e-09	2
6283185.307179586	773.5235235235235	2	-1.0774177885986416	2.060068528739609e-10	2
6283185.307179586	2123.1731731731734	1	-1.5093744586725755	-1.7863128806382408e-09	1
6283185.307179586	1441.3913913913914	1	0.12016580490075279	-1.6536898810375e-09	0
6283185.307179586	2283.1831831831832	2	-0.039651257998675415	-1.8781526706854857e-09	0
6283185.307179586	669.1691691691692	3	0.4831896493071697	-3.4757674693213264e-10	2
6283185.307179586	919.6196196196197	1	0.6580180539726075	9.076661770541703e-10	0
6283185.307179586	1559.6596596596596	3	-0.2949335527370729	1.1945385813474228e-09	0
6283185.307179586	1427.4774774774776	3	1.3540195941278745	-3.952394290873707e-10	2
6283185.307179586	1531.8318318318318	2	1.3577487639877712	-1.1457006429113451e-09	1
6283185.307179586	1622.2722722722724	1	0.7408741787198752	-1.7593813147427517e-09	0
6283185.307179586	2394.4944944944946	1	-0.9270147231442328	-1.0190965524937101e-09	0
6283185.307179586	933.5335335335336	3	0.7735340530112418	9.677597189255341e-10	0
6283185.307179586	1420.5205205205204	2	0.32760964209313737	1.902437730758997e-09	0
6283185.307179586	1698.7987987987988	2	0.7250669711028337	-6.422471656673979e-10	0
6283185.307179586	1851.851851851852	1	0.17861245047833108	3.350600771782175e-10	2
6283185.307179586	2387.5375375375374	2	1.028033040777789	1.3430114255154418e-09	0
6283185.307179586	1587.4874874874874	2	-0.8617476884602356	-7.023790147629768e-10	1
6283185.307179586	2964.964964964965	2	0.3869411196837771	9.831145496097893e-10	0
6283185.307179586	1288.3383383383384	1	1.4946623951911242	3.0176459812338095e-10	2
6283185.307179586	1615.3153153153153	2	0.8764822265925178	4.829476378167566e-10	2
6283185.307179586	2130.13013013013	1	0.2591555259109273	-1.5545104349778458e-09	0
6283185.307179586	1886.6366366366367	3	0.30016661361630925	1.3952549238828426e-09	0
6283185.307179586	759.6096096096096	3	0.48138553573652976	1.9535828093974437e-09	0
6283185.307179586	1281.3813813813815	3	-0.3093618614355944	-1.1908422020915376e-09	0
6283185.307179586	2088.388388388388	3	0.3058326644446756	-1.1693559137699443e-09	0
6283185.307179586	1935.3353353353355	2	0.38318987974740226	8.592457353243938e-10	0
6283185.307179586	2756.256256256256	3	-0.17187148799777097	5.36466671902523e-10	0
6283185.307179586	1698.7987987987988	2	-1.3147759743459653	-8.916107955095547e-10	1
6283185.307179586	1657.0570570570571	1	1.0917965960543063	2.8634728554509977e-10	1
6283185.307179586	2561.4614614614616	2	-0.4211211067740137	-2.1251703872030967e-10	1
6283185.307179586	536.986986986987	2	0.6295741841958238	1.6264145695152873e-09	0
6283185.307179586	787.4374374374374	3	1.2489870002688979	1.6661647208043474e-09	2
6283185.307179586	1740.5405405405406	3	0.6252475256141379	1.957510901735928e-09	0
6283185.307179586	2498.848848848849	3	-0.9993004275392074	-1.516419128408416e-09	0
6283185.307179586	1517.917917917918	2	1.1201201585931009	-1.4494622522597679e-09	0
6283185.307179586	1608.3583583583584	3	-0.22385329868553927	-3.9557477132596293e-10	2
6283185.307179586	1065.7157157157158	1	0.931260997832903	-1.3573098806931116e-09	0
6283185.307179586	1622.2722722722724	3	-0.4319432677602264	1.7277816472259002e-09	0
6283185.307179586	1267.4674674674675	1	-0.10519879913456442	-1.0315384103078285e-09	0
6283185.307179586	1392.6926926926926	1	0.6499335538251656	-1.3774123469619451e-09	0
6283185.307179586	2714.5145145145148	1	-0.7817662284079884	1.8995900223913665e-09	0
6283185.307179586	2046.6466466466468	2	-1.1583375362320991	-5.642921446816702e-10	1
6283185.307179586	2324.924924924925	1	0.2352394938786715	1.1566997392501319e-09	0
6283185.307179586	1350.950950950951	3	0.40565096548142887	-2.7352035433181646e-11	2
6283185.307179586	2429.2792792792793	1	1.4464462338285555	7.469244826205332e-10	2
6283185.307179586	2971.921921921922	2	-1.5209631709022828	1.4783490601797301e-09	1
6283185.307179586	2345.795795795796	3	-0.19605724943355662	-9.53315748137618e-10	0
6283185.307179586	2164.914914914915	3	-0.3937051027622138	-1.5657404734809491e-09	0
6283185.307179586	2770.1701701701704	2	-0.4720199006619721	1.894112300500709e-09	0
6283185.307179586	1643.143143143143	3	0.8504683743097163	-1.3563651282995946e-09	0
6283185.307179586	2721.4714714714714	3	-0.8813646993491625	1.3494894475913608e-09	0
6283185.307179586	2164.914914914915	1	-0.9277191288375758	9.339777815108753e-10	0
6283185.307179586	2846.6966966966966	2	1.0570491157398956	1.7428898353423425e-09	0
6283185.307179586	1156.1561561561562	1	-0.6038448606927393	1.7712792626213475e-09	0
6283185.307179586	2025.7757757757759	2	-0.04717062980771192	1.18784033866223e-09	0
6283185.307179586	961.3613613613613	1	-0.6773877291018786	1.1686793649793582e-09	0
6283185.307179586	1093.5435435435436	1	-1.188115321590574	7.870974149261444e-10	2
6283185.307179586	557.8578578578579	2	1.2678598227611144	8.091154362968313e-10	1
6283185.307179586	2443.193193193193	1	1.3520635617035177	5.420288317533541e-10	2
6283185.307179586	1789.2392392392394	1	-0.2650173655717667	-1.8179402404557218e-09	0
6283185.307179586	940.4904904904905	2	-1.453084884485757	3.274003313912565e-10	2
6283185.307179586	1406.6066066066066	3	1.066769620770995	9.462604375158082e-10	2
6283185.307179586	1281.3813813813815	2	-0.6372155580203391	1.1401055643581175e-09	0
6283185.307179586	1608.3583583583584	1	-1.1404568044261658	-1.7551455137232257e-09	0
6283185.307179586	1629.2292292292293	2	0.5259496433748119	2.068040833302665e-10	1
6283185.307179586	1010.0600600600601	1	-0.6688416572328088	-1.7050996877796498e-09	0
6283185.307179586	1893.5935935935936	2	0.15711343678624368	4.2480833172124096e-10	1
6283185.307179586	1657.0570570570571	1	-0.4865051738980357	5.848350126137349e-10	0
6283185.307179586	933.5335335335336	2	0.361324390883379	-8.955375959456969e-10	0
6283185.307179586	2102.3023023023025	2	0.3720146015648653	7.189582571230702e-10	0
6283185.307179586	1121.3713713713714	3	-1.1857395679730878	-7.184821024739945e-10	2
6283185.307179586	1510.960960960961	3	-1.3171495333750753	7.155073992927682e-10	2
6283185.307179586	2686.6866866866867	1	-0.9342276729827083	1.7670852428729007e-09	0
6283185.307179586	1017.017017017017	1	0.4718529900140762	-1.5739367747816916e-09	0
6283185.307179586	1810.11011011011	1	1.4399140819573568	-3.516670035540898e-10	2
6283185.307179586	2512.762762762763	1	-1.2565211438896375	1.0122933380958716e-09	2
6283185.307179586	1837.937937937938	3	1.2360678690405416	6.71535485347707e-10	2
6283185.307179586	1378.7787787787788	3	0.35664300095089896	-1.8348605522909778e-09	0
6283185.307179586	1949.2492492492493	1	-1.3596790811724646	-1.7602268097741134e-09	2
6283185.307179586	766.5665665665666	3	-0.8034050323038177	-1.5451803601839563e-09	0
6283185.307179586	2206.6566566566567	1	-0.5145423470290609	-7.361531584192461e-10	0
6283185.307179586	1928.3783783783783	3	-0.8796614312976466	-1.472106909230456e-09	0
6283185.307179586	1490.0900900900901	1	0.8719398038235839	9.338225107803512e-10	0
6283185.307179586	1928.3783783783783	3	-0.5300044737603489	-1.5710482483662897e-09	0
6283185.307179586	2227.5275275275276	2	0.02993316598402007	-1.9126787954855717e-09	0
6283185.307179586	1879.6796796796798	1	-0.3676125628614484	-1.2367311168135755e-09	0
6283185.307179586	759.6096096096096	1	0.08881659351970783	3.373141463174267e-10	2
6283185.307179586	1260.5105105105106	3	0.8957451211774226	1.8479249724067998e-09	0
6283185.307179586	2276.226226226226	1	1.0429995210239729	1.86326310216943e-09	0
6283185.307179586	3041.4914914914916	3	0.3970021539020474	5.428679239953722e-10	0
6283185.307179586	1371.821821821822	1	1.104301008804816	4.2047888659272477e-10	2
6283185.307179586	2151.001001001001	1	-1.1445126499337126	-7.142792714709457e-10	2
6283185.307179586	2067.5175175175173	3	0.7012699129567945	4.0411930868658326e-10	2
6283185.307179586	2443.193193193193	2	-1.2602927563677293	9.256416618793639e-10	2
6283185.307179586	1803.1531531531532	1	1.5219909634355022	-1.8414494085121504e-09	2
6283185.307179586	1128.3283283283283	1	-0.6896284115999385	-1.2817480998323523e-10	2
6283185.307179586	1830.980980980981	2	-0.6408442060983907	1.4049008318382221e-09	0
6283185.307179586	1705.755755755756	1	0.5491799729375901	8.82887315140455e-10	0
6283185.307179586	2011.8618618618618	2	-0.06816688516280078	-2.1028051489769734e-10	0
6283185.307179586	1775.3253253253254	3	-1.2552874541960062	-4.933223008262529e-10	2
6283185.307179586	2443.193193193193	3	-0.8648078352617155	1.6449573784618229e-09	0
6283185.307179586	2484.934934934935	2	1.5498295785421914	-7.534676400328561e-10	2
6283185.307179586	1719.6696696696697	3	0.5784148585305284	3.1913915221407126e-10	2
6283185.307179586	1844.8948948948948	1	1.4833220103918663	1.8513883411054266e-09	2
6283185.307179586	2338.838838838839	1	-1.334486413883435	9.12742540148852e-10	2
6283185.307179586	731.7817817817818	2	-1.4372859053642555	-4.355926689618063e-10	1
6283185.307179586	1789.2392392392394	2	-1.4222118170209317	1.0286681117422132e-09	2
6283185.307179586	634.3843843843844	2	0.5839756915826735	-1.9195205988700384e-10	2
6283185.307179586	2123.1731731731734	2	0.3645221284063831	-7.996226865242933e-10	0
6283185.307179586	2985.835835835836	3	0.17191207119648033	-3.9503595722308924e-10	0
6283185.307179586	1316.1661661661662	1	0.44772981624506647	-3.823054507082793e-10	2
6283185.307179586	926.5765765765766	2	1.5445935706609202	3.238892044931032e-11	2
6283185.307179586	1517.917917917918	3	-1.400669619720712	7.286754118672445e-10	2
6283185.307179586	1684.884884884885	1	-0.5696153471703758	-1.8280539992099781e-09	0
6283185.307179586	808.3083083083084	2	-1.1028179806467684	-1.0683821805026104e-09	1
6283185.307179586	2018.818818818819	3	0.26733474947322566	1.076924298761346e-09	0
6283185.307179586	1295.2952952952953	2	0.8482155355670842	1.7194241664458274e-09	0
6283185.307179586	1135.2852852852852	3	-1.069624337902105	1.2274630937070357e-09	0
6283185.307179586	2561.4614614614616	3	1.5057139842785423	1.6342517693261295e-09	1
6283185.307179586	2060.5605605605606	3	-0.184973122887937	-1.3269726447187322e-09	0
6283185.307179586	1462.2622622622623	2	-1.5219577501757198	-5.499013506643697e-10	1
6283185.307179586	1260.5105105105106	1	-0.6258064011511234	2.8303477801849815e-10	2
6283185.307179586	349.14914914914914	3	-0.6860475055015993	-1.46330264520652e-09	0
6283185.307179586	1997.947947947948	2	-1.1267240889561254	1.571985013435334e-09	0
6283185.307179586	710.910910910911	2	-0.7874805858716875	9.011015720030442e-10	2
6283185.307179586	2603.2032032032034	3	1.047133076850522	-8.310481411983499e-10	0
6283185.307179586	2262.3123123123123	2	-0.11254449006711642	-1.9548517931528573e-09	0
6283185.307179586	1886.6366366366367	1	1.2569050827214898	-5.641740831508107e-10	2
6283185.307179586	2171.871871871872	2	1.1385021993268536	1.2051532757597459e-09	0
6283185.307179586	2081.4314314314315	3	0.9694155567981753	-1.0709633709835162e-09	0
6283185.307179586	1330.08008008008	2	-0.723347855201478	-1.8412884024193323e-09	0
6283185.307179586	2874.5245245245246	2	1.0959571142003752	9.761099960638535e-10	0
6283185.307179586	1490.0900900900901	3	-0.031922870616221566	2.584687346242922e-10	0
6283185.307179586	2742.3423423423424	3	-0.6196834795915431	-1.0451295658017813e-09	0
6283185.307179586	1030.930930930931	2	-0.7347076811975766	5.412255086308931e-10	1
6283185.307179586	530.03003003003	1	0.8088764487990265	-1.929368792674687e-09	0
6283185.307179586	1552.7027027027027	2	-0.9958769440333782	-1.7058112375095737e-09	0
6283185.307179586	1072.6726726726727	2	0.9637434868814694	-2.310146345671584e-10	1
6283185.307179586	1900.5505505505505	2	1.2108393386523004	-1.4437682191959885e-09	0
6283185.307179586	1719.6696696696697	2	1.2297101335937723	-1.3919542534368278e-09	1
6283185.307179586	1719.6696696696697	1	0.7846436175039004	2.402374954484089e-10	2
6283185.307179586	1079.6296296296296	3	1.3963882550247289	-9.997913056134111e-10	1
6283185.307179586	1462.2622622622623	3	0.9271881242550779	-3.771856945383751e-10	2
6283185.307179586	3361.511511511512	3	1.062045329253705	1.4250329811538169e-09	0
6283185.307179586	898.7487487487488	3	-0.043116623526231024	-1.5132095987581883e-09	0
6283185.307179586	1949.2492492492493	1	1.2205356818914095	1.7205210995219323e-09	0
6283185.307179586	905.7057057057058	1	-0.12112904627457066	1.066890458480426e-09	0
6283185.307179586	2338.838838838839	2	1.4430936777006798	3.895780691422101e-10	1
6283185.307179586	2269.2692692692694	1	1.4874453997496087	3.6833936063190357e-10	2
6283185.307179586	1190.940940940941	2	-1.0256547937433398	-1.7631432781861496e-10	1
6283185.307179586	4196.346346346347	1	-0.3526674250722224	-5.02072546561991e-10	0
6283185.307179586	3180.6306306306305	3	-1.0088120873445137	-3.7818778153553316e-10	2
6283185.307179586	2686.6866866866867	1	-1.5327300385196556	4.705255477284337e-10	1
6283185.307179586	2735.3853853853852	1	-0.24216016376587501	-2.1395372069633646e-10	1
6283185.307179586	2770.1701701701704	1	-0.6161058850487767	-9.538855320941093e-10	0
6283185.307179586	2436.2362362362364	2	0.1022412025207482	-9.6064106873217e-10	0
6283185.307179586	1274.4244244244244	1	-1.2957667057022926	7.646060912807925e-10	1
6283185.307179586	2123.1731731731734	2	-0.28163653619026574	1.3695203196923287e-09	0
6283185.307179586	1803.1531531531532	2	-0.5586796203312066	-1.448042651527669e-09	0
6283185.307179586	1316.1661661661662	1	1.129860431905977	-1.875308411578128e-09	0
6283185.307179586	1517.917917917918	3	-0.9228914998022468	-5.267207399121005e-10	2
6283185.307179586	1413.5635635635635	2	-0.5422907671406156	-1.1491147434192586e-09	0
6283185.307179586	2540.5905905905906	1	0.6879802800309962	-1.1200469653470057e-09	0
6283185.307179586	787.4374374374374	1	0.47125252928714767	-1.969867235429848e-09	0
6283185.307179586	3062.3623623623625	1	0.09948058639557988	1.8122032042412352e-09	0
6283185.307179586	1629.2292292292293	2	1.1202300691334934	1.9651994625980716e-09	0
6283185.307179586	1350.950950950951	1	1.1157400009480671	-1.3515213550985462e-09	0
6283185.307179586	1538.788788788789	2	1.04109190631833	7.676361278697473e-10	1
6283185.307179586	2248.3983983983985	3	0.7978927438718246	3.881386112863172e-11	2
6283185.307179586	2234.4844844844847	3	-0.6670519297117791	2.0180379282489334e-10	2
6283185.307179586	1629.2292292292293	3	0.793119465295888	-1.5635605581396091e-09	0
6283185.307179586	1636.1861861861862	1	0.15786620519689887	-1.727478044447561e-09	0
6283185.307179586	2130.13013013013	2	0.5830845722015705	8.247044471293578e-10	0
6283185.307179586	1796.1961961961963	2	-1.091038280799612	-1.7004595937195737e-10	2
6283185.307179586	724.8248248248249	3	-0.23586374859243353	-1.4543084797074646e-09	0
6283185.307179586	1302.2522522522522	1	-0.031179643822912828	-1.3727264174224453e-09	0
6283185.307179586	1865.7657657657658	3	1.2302052848198772	-8.261066203207112e-10	2
6283185.307179586	1935.3353353353355	1	0.7141590077353475	1.2956724291922827e-09	0
6283185.307179586	1490.0900900900901	1	-0.14919961106838975	6.298254184098337e-11	2
6283185.307179586	1768.3683683683685	2	0.7182769459817884	9.047023864899683e-10	0
6283185.307179586	1371.821821821822	3	-0.5169225206765611	1.4217322936851151e-09	0
6283185.307179586	1128.3283283283283	3	1.1752118767805904	1.4658705551748016e-09	1
6283185.307179586	1524.8748748748749	2	-0.24637655128601854	5.2579562240608054e-11	2
6283185.307179586	1830.980980980981	1	0.0811527957700573	-1.5559815218267965e-09	0
6283185.307179586	1545.7457457457458	1	0.6734420533713332	1.7096892342639099e-09	0
6283185.307179586	2311.011011011011	1	-0.4534093218630204	3.3161555295706436e-10	2
6283185.307179586	1754.4544544544544	2	-1.4693669343626015	-6.033376092376735e-10	1
6283185.307179586	1650.1001001001002	2	0.5187284166058204	-1.0349344682487748e-09	0
6283185.307179586	2978.878878878879	2	-1.4745803317151924	-3.071877175049104e-10	1
6283185.307179586	2088.388388388388	2	-1.3990646550444188	1.140193217644201e-09	1
6283185.307179586	2554.5045045045044	1	-0.8251416311726849	1.7611647894788549e-09	0
6283185.307179586	1698.7987987987988	2	-0.3828813872222865	1.153641032397133e-09	0
6283185.307179586	717.8678678678679	1	0.5110728862738783	1.6218645586127313e-09	0
6283185.307179586	2895.3953953953956	3	0.11179876484750517	1.4234610011255433e-09	0
6283185.307179586	1364.864864864865	3	0.600741575183859	-1.9354193075757106e-09	0
6283185.307179586	3368.4684684684685	1	0.5023889005017632	1.1335475036210693e-09	0
6283185.307179586	1851.851851851852	1	0.7301142733844852	-1.5211118625511443e-09	0
6283185.307179586	1010.0600600600601	2	-1.4287883501861125	1.2077502075469731e-09	1
6283185.307179586	1803.1531531531532	1	-0.4330990872028335	-1.9117245160942918e-09	0
6283185.307179586	1990.9909909909911	1	-0.24358866729601814	1.1720065392521293e-09	0
6283185.307179586	1406.6066066066066	3	0.8973855565503981	-1.4457060571155008e-09	0
6283185.307179586	1796.1961961961963	2	-0.01449074327854527	1.5631614410001751e-09	0
6283185.307179586	1573.5735735735736	1	0.5490553987365878	3.2611737343534744e-10	2
6283185.307179586	1142.2422422422424	2	0.202041810241951	-7.306794198921699e-10	0
6283185.307179586	1309.2092092092093	3	-1.3118536570529362	4.110688903912338e-10	2
6283185.307179586	2311.011011011011	3	-0.3557423811163736	-3.916764220305154e-10	1
6283185.307179586	1017.017017017017	2	-1.1151327731631757	-1.4555664317974655e-09	0
6283185.307179586	1643.143143143143	2	0.7083672007522486	-6.738716759249184e-10	0
6283185.307179586	2471.021021021021	1	1.0173831788200314	1.9317068500871616e-09	0
6283185.307179586	933.5335335335336	1	0.23371408321083798	1.0301071479760365e-09	0
6283185.307179586	2477.977977977978	2	-1.2274945126263428	3.2795513890453745e-10	1
6283185.307179586	2811.911911911912	1	0.41881399038957645	5.359711944618605e-10	0
6283185.307179586	2130.13013013013	3	-0.1660933226363135	9.382323131747747e-10	0
6283185.307179586	3034.5345345345345	2	1.134922190721701	-1.3909212805246074e-09	0
6283185.307179586	2304.054054054054	1	1.2989865484769472	8.451891390288415e-11	2
6283185.307179586	870.9209209209209	1	0.38203508151774646	-1.940384077453281e-09	0
6283185.307179586	787.4374374374374	3	-0.758500378550897	1.7496845632311934e-10	2
6283185.307179586	536.986986986987	3	-0.07124958713583585	1.1496692254893584e-09	0
6283185.307179586	1643.143143143143	3	0.7498702097152137	4.160674108265801e-11	2
6283185.307179586	2262.3123123123123	2	0.9896949579810737	-2.0611942388619172e-10	2
6283185.307179586	870.9209209209209	2	-0.5642049407176468	1.089371687337109e-09	0
6283185.307179586	905.7057057057058	3	0.6392443794325744	-1.1881545397449863e-11	1
6283185.307179586	1364.864864864865	2	-0.8559383007344038	-1.8275964629462086e-10	1
6283185.307179586	335.2352352352352	1	1.3318644712270489	-1.1230770953324553e-09	2
6283185.307179586	2672.772772772773	3	1.490134886530416	1.0742855396568718e-09	2
6283185.307179586	3090.19019019019	2	-1.528583141263261	1.642774762760617e-09	2
6283185.307179586	1497.047047047047	1	0.11785576953376053	9.484826563542658e-10	0
6283185.307179586	2443.193193193193	3	1.328927975057434	-1.0045212910654633e-09	2
6283185.307179586	2825.825825825826	2	1.4430387849646449	6.220735366354625e-10	1
6283185.307179586	1274.4244244244244	2	-0.12409341882910407	-1.793233212527581e-09	0
6283185.307179586	2241.4414414414414	2	-1.3084737946068659	-6.692083725508544e-10	1
6283185.307179586	1309.2092092092093	2	1.4137746525256114	-5.472248718654479e-10	2
6283185.307179586	1337.0370370370372	3	0.005059494558576461	-1.868615817341824e-09	0
6283185.307179586	2074.474474474475	1	-0.10413688872377236	-1.8086350809233235e-12	1
6283185.307179586	2352.7527527527527	3	0.2222386889435244	1.16786126231687e-09	0
6283185.307179586	1330.08008008008	3	0.18987313483269896	1.918888618032563e-09	0
6283185.307179586	1879.6796796796798	2	-1.4361209026157908	1.3900735463414772e-09	2
6283185.307179586	1907.5075075075076	3	-0.19324931223354302	8.907487778438962e-10	0
6283185.307179586	1594.4444444444446	2	0.11858517581546701	-6.615560390914307e-10	0
6283185.307179586	439.5895895895896	3	-1.5456733159424776	1.344657381155717e-09	2
6283185.307179586	3813.713713713714	2	1.251585240140141	1.2988389219863156e-09	0
6283185.307179586	2018.818818818819	1	0.26383108896202434	-1.4496007767788735e-09	0
6283185.307179586	1302.2522522522522	3	0.4555342561690612	-1.8187211664769066e-09	0
6283185.307179586	1886.6366366366367	2	-0.9598353694504204	1.0629149187825324e-10	2
6283185.307179586	1858.8088088088089	2	1.0443987821975953	-7.612676139833177e-10	2
6283185.307179586	2484.934934934935	3	0.22556964988852113	1.986192070422142e-09	0
6283185.307179586	780.4804804804805	1	0.7090865824721098	-1.581087033649455e-09	0
6283185.307179586	2144.0440440440443	2	1.358967818791092	-1.9824892668960537e-09	1
6283185.307179586	1657.0570570570571	1	1.5034676742994053	-3.8516902366490456e-10	2
6283185.307179586	1065.7157157157158	1	1.349166582630553	1.6447166017010124e-09	2
6283185.307179586	3396.2962962962965	2	1.178968136541593	4.0795277555143673e-10	1
6283185.307179586	1970.1201201201202	2	-1.0089237917165585	-5.487134909512603e-10	2
6283185.307179586	1490.0900900900901	2	-1.0313425740500701	-1.59943574968254e-09	0
6283185.307179586	3076.2762762762763	1	-0.6890507330661715	-7.946501116901881e-10	0
6283185.307179586	2053.603603603604	2	1.4868828614975649	4.472014683389754e-10	1
6283185.307179586	481.33133133133134	1	0.285877558400943	7.763159993721348e-10	0
6283185.307179586	2004.904904904905	1	0.8658883513602755	1.8277164990242628e-09	0
6283185.307179586	1288.3383383383384	3	-0.8520440019506911	1.4735494531087767e-09	0
6283185.307179586	1371.821821821822	3	-1.5162304606028303	4.263167869333592e-10	2
6283185.307179586	2095.3453453453453	3	1.0256605607866751	-5.418731430449313e-10	1
6283185.307179586	815.2652652652653	2	-0.07158079071446433	5.716618108068982e-10	0
6283185.307179586	1302.2522522522522	2	0.44911123533564323	6.553333567083867e-10	0
6283185.307179586	1698.7987987987988	1	1.4626573297697933	-1.1272833788750757e-09	2
6283185.307179586	1698.7987987987988	1	0.4953050515056545	1.2818812625640175e-09	0
6283185.307179586	1420.5205205205204	3	-0.8376245909691157	-3.147779115290988e-10	2
6283185.307179586	1963.1631631631633	2	-1.5114556640075762	-1.1918107429634426e-09	2
6283185.307179586	1177.027027027027	1	-0.8593284054273183	-7.360477450627383e-10	2
6283185.307179586	836.1361361361362	3	-1.3717591243685971	-1.2514226462463671e-09	2
6283185.307179586	1190.940940940941	3	0.05378354802469021	-1.4878961204920352e-09	0
6283185.307179586	3681.5315315315315	1	-1.5224924648795926	1.373890089601511e-09	2
6283185.307179586	1851.851851851852	2	0.378577905920066	-2.7896905742479843e-11	2
6283185.307179586	1629.2292292292293	2	-1.2952435620165286	8.049747426134002e-10	1
6283185.307179586	1643.143143143143	3	0.49990782212451856	-1.6008782476674287e-10	2
6283185.307179586	1754.4544544544544	2	1.2468071093131576	-9.790503160452603e-10	1
6283185.307179586	1406.6066066066066	2	1.4583170915825652	9.092433579229955e-10	1
6283185.307179586	1594.4444444444446	1	-0.7219134002810125	-1.3307277200605854e-11	1
6283185.307179586	2777.127127127127	3	-0.8139411066487166	-7.586993873417139e-10	0
6283185.307179586	1197.897897897898	1	-1.2585760941214126	-9.518813574898335e-10	2
6283185.307179586	2916.2662662662665	2	-0.7506338660913922	1.0625226056498365e-10	1
6283185.307179586	1629.2292292292293	1	1.2970843500165983	-3.518095612485536e-10	2
6283185.307179586	300.4504504504505	2	0.986939148668224	-2.449146502511771e-10	2
6283185.307179586	989.1891891891892	2	-0.3922898397836554	-5.312555296665753e-10	2
6283185.307179586	1420.5205205205204	1	-0.6045100715251122	4.4259938351626727e-10	2
6283185.307179586	3104.1041041041044	1	-1.0585805320002226	-1.2425635490054202e-10	2
6283185.307179586	1427.4774774774776	3	1.0940650379970598	-8.440447389790889e-10	1
6283185.307179586	669.1691691691692	3	0.16082346336756603	5.028767192763655e-10	1
6283185.307179586	676.1261261261261	2	1.2812609877756582	1.6462926820450763e-09	2
6283185.307179586	2930.1801801801803	1	-0.5994753089448286	-5.335147706981726e-10	0
6283185.307179586	1997.947947947948	2	-1.3295141033913884	1.0413095626144103e-09	2
6283185.307179586	1323.1231231231232	1	-1.5219326902899655	3.4551360901640215e-10	1
6283185.307179586	2345.795795795796	3	0.018448764142257712	1.553587539890332e-10	0
6283185.307179586	1990.9909909909911	2	-0.35070093694885807	-1.8109031273362188e-09	0
6283185.307179586	1670.970970970971	2	0.29754601353705823	-3.1931620967190952e-12	1
6283185.307179586	3222.3723723723724	3	1.454781127973455	6.589117688843186e-12	1
6283185.307179586	1545.7457457457458	3	-1.233370326198792	-4.610052965334521e-10	2
6283185.307179586	2853.6536536536537	2	0.1615961615416981	-1.497912060958801e-09	0
6283185.307179586	2255.3553553553556	3	-0.8913188380008785	1.6169013196940372e-09	0
6283185.307179586	1942.2922922922924	2	0.22253856279216255	-1.240949298082776e-09	0
6283185.307179586	3271.071071071071	2	0.7752111316185943	-3.374133576931571e-10	1
6283185.307179586	2491.891891891892	3	-0.9741576001091129	-7.200408909153113e-10	0
6283185.307179586	2930.1801801801803	1	0.8683981010040562	-1.693559791295074e-09	0
6283185.307179586	2401.4514514514517	3	0.8378715940380896	7.436191322033093e-11	2
6283185.307179586	2157.957957957958	2	-0.8251747218851073	-7.173524664094772e-10	0
6283185.307179586	1691.8418418418419	3	0.5883010781883362	-1.2087595114642192e-10	1
6283185.307179586	2088.388388388388	3	0.8154272571079471	-2.3938513750205455e-10	2
6283185.307179586	2491.891891891892	2	1.4295713622233484	-1.6026282379661683e-09	2
6283185.307179586	2533.6336336336335	1	0.07582739723446874	-9.55130394823887e-10	0
6283185.307179586	870.9209209209209	1	0.8152541224697094	1.0680985956135746e-09	0
6283185.307179586	1782.2822822822823	2	-1.3002202036019532	-1.0954908350014585e-09	2
6283185.307179586	1149.1991991991993	1	0.36414472742373283	-1.08794989917751e-09	0
6283185.307179586	2018.818818818819	3	-0.48473969658829463	7.307992821210504e-10	0
6283185.307179586	2825.825825825826	1	-0.2098296665902213	-3.0564665397387724e-10	2
6283185.307179586	822.2222222222223	2	0.5900761500650331	1.2082084735789867e-09	0
6283185.307179586	2130.13013013013	1	0.37428700579855767	-1.4184340200843188e-09	0
6283185.307179586	1406.6066066066066	3	-0.009728408530213395	-1.5781140557317062e-09	0
6283185.307179586	1156.1561561561562	2	-0.38366594324983394	-1.581586795815218e-09	0
6283185.307179586	3020.6206206206207	2	1.3573915079514802	-1.0840309932405186e-09	1
6283185.307179586	1420.5205205205204	3	0.4658703610684758	5.6986940387153865e-12	1
6283185.307179586	502.2022022022022	2	0.3069686163583065	-1.9184102561782532e-09	0
6283185.307179586	2519.7197197197197	1	1.4202037809754486	1.44169726690451e-09	2
6283185.307179586	3243.2432432432433	2	-0.5198263837831503	1.2213269739537748e-09	0
6283185.307179586	1935.3353353353355	2	-0.9717879978824213	-1.6501931117127367e-09	0
6283185.307179586	2137.087087087087	3	1.2486798973209479	1.02531265621536e-09	2
6283185.307179586	592.6426426426426	1	1.5076439934798254	1.0021972459507061e-09	2
6283185.307179586	710.910910910911	2	-1.5317763195312895	8.246796059285444e-10	1
6283185.307179586	1907.5075075075076	2	-0.8882494533359087	1.1273275844697863e-09	0
6283185.307179586	1524.8748748748749	1	1.0483426555912474	-6.343493542347805e-10	2
6283185.307179586	2116.2162162162163	3	-0.7225840149051169	1.355224823913562e-09	0
6283185.307179586	1128.3283283283283	3	-0.3619815237223367	9.14667236328818e-10	0
6283185.307179586	2213.613613613614	2	0.40750511943203604	-1.190218123207667e-09	0
6283185.307179586	2067.5175175175173	2	-0.22793798722199732	8.580563406996836e-10	0
6283185.307179586	2575.3753753753754	2	1.448816561455184	7.425509831008002e-10	1
6283185.307179586	773.5235235235235	2	0.7815572537495599	-1.6660955598431073e-09	0
6283185.307179586	1893.5935935935936	2	0.41200670459545474	7.160744096507532e-10	0
6283185.307179586	1406.6066066066066	3	0.24051024708553914	1.1314826978167345e-09	0
6283185.307179586	1830.980980980981	1	-1.168809772403538	-7.031309121085383e-10	2
6283185.307179586	1879.6796796796798	1	0.8823648663614114	1.2827817035744601e-09	0
6283185.307179586	1747.4974974974975	3	0.523614496649039	3.068963619010093e-10	1
