axial trapping frequency (MHz) 	 velocity(m/s) 	 ion collided with 	 angle(rads) 	 collision offset(m) 	 reorder? (1 is reorder 2 is ejection) 
6283185.307179586	1399.6496496496497	3	1.1475565215654693	4.942607228026784e-10	1
6283185.307179586	1886.6366366366367	1	-0.6537347596490194	7.97894116445184e-10	0
6283185.307179586	1093.5435435435436	3	-0.37291859002874084	-9.649673058424577e-10	0
6283185.307179586	2095.3453453453453	3	0.9485907587015787	-7.676462969877225e-10	0
6283185.307179586	3952.852852852853	3	0.10463326133709527	-1.766238283027826e-11	2
6283185.307179586	1462.2622622622623	2	0.14316004151068706	1.8947433250987495e-09	0
6283185.307179586	1990.9909909909911	1	-1.1370823365392526	1.1228300971742943e-09	0
6283185.307179586	2025.7757757757759	2	1.368586417592554	4.2502791565434375e-11	1
6283185.307179586	710.910910910911	1	0.5927670682889685	4.022464309807603e-10	0
6283185.307179586	1761.4114114114116	2	-1.1673520897093919	-1.6419185129806629e-09	0
6283185.307179586	2304.054054054054	1	-1.5663814532672011	-1.788662694258969e-09	1
6283185.307179586	1288.3383383383384	1	-0.9164711614479346	-1.7252242690815853e-10	1
6283185.307179586	2116.2162162162163	1	-0.8647928467542956	-6.062764872969191e-10	2
6283185.307179586	1622.2722722722724	3	-1.2950315186761427	-5.391539238497135e-10	2
6283185.307179586	2498.848848848849	3	-1.331227038868948	-1.3691260394575312e-09	1
6283185.307179586	2234.4844844844847	1	-1.4413062954850666	1.176075747498664e-09	1
6283185.307179586	3048.4484484484487	3	-0.5354965717790698	1.6777682542809988e-09	0
6283185.307179586	1949.2492492492493	2	-0.1283979685716501	-1.949469799309403e-09	0
6283185.307179586	2116.2162162162163	1	-1.2218603393790972	1.3549490509766863e-09	0
6283185.307179586	1643.143143143143	2	0.4045099433797945	-2.539371429765459e-10	1
6283185.307179586	1698.7987987987988	3	1.3486221233163391	-1.848852865173541e-09	2
6283185.307179586	1079.6296296296296	3	-0.7852425018916077	-1.8757190180593776e-09	0
6283185.307179586	1949.2492492492493	3	-0.40860977659883546	1.3267332535613048e-09	0
6283185.307179586	1253.5535535535537	2	-1.2598263346139023	1.2174964210555343e-09	1
6283185.307179586	1357.9079079079079	1	-1.1401363893195438	-8.689022562060194e-10	2
6283185.307179586	2839.73973973974	2	0.28303633164183317	1.5409327025939433e-09	0
6283185.307179586	3312.812812812813	2	-1.1937574053647266	-1.0588686651166352e-09	0
6283185.307179586	2422.322322322322	1	0.0879224984783975	1.9168585270365115e-09	0
6283185.307179586	1768.3683683683685	3	0.24132558311183283	1.7386454922567207e-09	0
6283185.307179586	2297.097097097097	2	-0.6784269748612839	-7.574427592821343e-10	0
6283185.307179586	3375.4254254254256	3	-0.19832288793433017	1.3712371818854976e-09	0
6283185.307179586	1253.5535535535537	1	-1.2927469667549534	-1.6647242925632982e-09	1
6283185.307179586	3438.038038038038	1	-1.2491723482866086	1.4870768045854112e-09	0
6283185.307179586	926.5765765765766	2	1.4783715957650148	1.3715255797227298e-09	2
6283185.307179586	2429.2792792792793	1	-0.1310551238110511	-2.3028796129511736e-10	2
6283185.307179586	1698.7987987987988	1	0.8330513117891738	1.0965409930449826e-10	2
6283185.307179586	1858.8088088088089	3	-1.0669904484924446	-1.8143037625671582e-09	0
6283185.307179586	2067.5175175175173	3	0.589178875105782	1.6525782967748716e-09	0
6283185.307179586	1337.0370370370372	1	0.35889565288686853	2.523985457662957e-10	2
6283185.307179586	2297.097097097097	3	-1.5544930477047216	-4.990760641686155e-10	1
6283185.307179586	564.8148148148148	1	0.45910980893363984	3.6209827626851796e-10	0
6283185.307179586	2394.4944944944946	2	1.0259640029561194	4.1558786574098065e-10	1
6283185.307179586	2422.322322322322	2	-1.492828844935795	1.8849268319948252e-09	2
6283185.307179586	836.1361361361362	2	-1.1871140731198524	-4.1049951532834954e-10	2
6283185.307179586	1517.917917917918	1	1.4177882574867144	4.133593775042758e-10	2
6283185.307179586	1448.3483483483483	3	1.0525088178385404	-7.247495054442427e-10	2
6283185.307179586	870.9209209209209	1	0.9482349270270345	-1.5668574991105012e-09	0
6283185.307179586	1462.2622622622623	3	-1.1268946995362445	-1.3787302492030619e-09	0
6283185.307179586	1977.077077077077	3	1.440041766005724	7.046078742647103e-10	2
6283185.307179586	1232.6826826826828	2	0.44195408620922993	8.785478468024951e-10	0
6283185.307179586	1246.5965965965966	3	-0.8994677090523405	1.205659651736337e-09	0
6283185.307179586	439.5895895895896	1	-0.8009415530920194	6.892331990114078e-10	0
6283185.307179586	1156.1561561561562	1	-0.3423263159992891	7.713966638093686e-10	0
6283185.307179586	1629.2292292292293	1	0.48987585207644235	1.2373032103547322e-09	0
6283185.307179586	1183.983983983984	1	-0.31522113664645124	6.480151772004982e-10	0
6283185.307179586	2464.064064064064	3	-1.1130220109466895	-1.064009800071733e-09	0
6283185.307179586	1615.3153153153153	1	0.2442484667675775	1.0103138909146936e-09	0
6283185.307179586	1406.6066066066066	3	-1.0295507417899312	8.694274652012027e-10	2
6283185.307179586	1657.0570570570571	2	-0.05060924740125672	3.278378463244388e-10	0
6283185.307179586	731.7817817817818	3	0.3428741327047542	3.415712668186329e-10	2
6283185.307179586	857.007007007007	2	1.172744107762488	1.50624587733242e-09	2
6283185.307179586	1545.7457457457458	3	1.336800100360842	7.938239420693911e-10	1
6283185.307179586	3403.253253253253	3	0.8148520465277382	-9.056684880816626e-10	0
6283185.307179586	2025.7757757757759	3	-1.2143166653408732	-3.793699249474034e-11	2
6283185.307179586	968.3183183183183	1	-0.9682147670144138	5.542971822883831e-10	2
6283185.307179586	1775.3253253253254	2	-0.3294636838673153	-1.8557800331310915e-09	0
6283185.307179586	2464.064064064064	2	1.3105089877776082	1.1292831453862262e-09	1
6283185.307179586	1135.2852852852852	2	1.0857838198499925	-1.1179458313917993e-09	2
6283185.307179586	1371.821821821822	3	-1.4197018974952216	-1.7222664971187306e-09	2
6283185.307179586	1796.1961961961963	2	-1.4926981983472278	-1.9525089950209278e-09	2
6283185.307179586	1260.5105105105106	1	0.19585333245369352	5.369806422381902e-10	0
6283185.307179586	2561.4614614614616	2	-0.040361612017708826	-1.6730055456158183e-09	0
6283185.307179586	2144.0440440440443	1	1.4660099898087	6.954773836647349e-10	1
6283185.307179586	1413.5635635635635	2	-0.44579753270709066	-4.807079684985724e-11	2
6283185.307179586	1622.2722722722724	1	-0.8235830011108479	-1.325697453332908e-09	0
6283185.307179586	2575.3753753753754	1	0.002176180987262466	-5.312033683047456e-10	0
6283185.307179586	4439.83983983984	2	-1.2520912345101047	-4.284070016670705e-10	2
6283185.307179586	1698.7987987987988	1	-1.107943540423035	-1.87776614909954e-10	1
6283185.307179586	1490.0900900900901	2	-0.5543676153003292	-4.2544488015880416e-11	1
6283185.307179586	1691.8418418418419	1	-1.1185121258550348	-6.211880165447298e-10	2
6283185.307179586	2067.5175175175173	1	-1.4541636847599602	-5.135067873918652e-10	2
6283185.307179586	1086.5865865865867	2	-0.5658408832424227	-1.0985162346445873e-09	0
6283185.307179586	1093.5435435435436	1	0.24616753245654688	1.966748149068622e-09	0
6283185.307179586	1434.4344344344345	1	0.7488722505942103	-1.4494037028416594e-09	0
6283185.307179586	1963.1631631631633	1	-0.6612563667675236	-1.580597400105349e-09	0
6283185.307179586	1837.937937937938	2	-0.9582287340414491	1.4266959053340853e-09	0
6283185.307179586	2387.5375375375374	2	-1.330010114310378	-1.0093091758175438e-09	2
6283185.307179586	634.3843843843844	2	-0.29907960624898977	7.927878553083694e-10	0
6283185.307179586	1650.1001001001002	3	1.5504361358587384	9.545286742766107e-10	2
6283185.307179586	1232.6826826826828	3	-0.7214273647033891	1.705612951995445e-09	0
6283185.307179586	1121.3713713713714	3	-1.01392328804284	4.2412811054399566e-10	2
6283185.307179586	3403.253253253253	2	-0.13623614347202673	2.314120949009948e-10	2
6283185.307179586	2144.0440440440443	1	0.9192886233785158	-1.8828677900973257e-10	2
6283185.307179586	2178.828828828829	3	0.08286316010122463	1.475169981851051e-09	0
6283185.307179586	2227.5275275275276	2	1.089938885645739	-5.423118968190953e-10	1
6283185.307179586	1156.1561561561562	1	-0.208340638500202	-1.5714505572257868e-11	2
6283185.307179586	2373.6236236236236	1	-0.6845265747807068	7.518241944092013e-10	0
6283185.307179586	1893.5935935935936	1	0.8380092636902527	-9.363535715023744e-10	0
6283185.307179586	1566.6166166166167	2	0.47622987792225047	1.9606053446670025e-09	0
6283185.307179586	1657.0570570570571	2	0.23705434401346004	3.454228217068818e-11	2
6283185.307179586	1239.6396396396397	3	-1.179895922548931	-1.8514194278580623e-09	0
6283185.307179586	2714.5145145145148	3	0.19887557682461776	1.7358317609186273e-09	0
6283185.307179586	2804.954954954955	2	0.6333503942238004	-1.3619225253928895e-09	0
6283185.307179586	530.03003003003	2	0.9467437702567381	-1.7256120193216433e-09	0
6283185.307179586	1253.5535535535537	2	-0.551065181261682	-1.0881701104911694e-09	0
6283185.307179586	2262.3123123123123	2	-1.3845825323406313	-1.2920494876652576e-09	2
6283185.307179586	884.8348348348349	1	-0.06765623302470747	3.515223685530312e-10	0
6283185.307179586	1761.4114114114116	2	0.45423339812902563	1.4933349726137632e-09	0
6283185.307179586	1858.8088088088089	2	-0.9671208792717647	-5.96910387985417e-10	1
6283185.307179586	1218.7687687687687	3	-0.1946683951116519	-1.0698167669979583e-09	0
6283185.307179586	2985.835835835836	3	0.10125896142002189	5.029052105662534e-10	0
6283185.307179586	3111.061061061061	1	1.344952761870863	2.2055283524966456e-10	2
6283185.307179586	1211.8118118118118	2	1.2836039244116937	6.301549570644052e-10	2
6283185.307179586	1754.4544544544544	1	-1.5545386649492927	-1.6507348035221932e-09	1
6283185.307179586	1093.5435435435436	2	0.07802379847211705	-6.035207880636701e-10	0
6283185.307179586	2373.6236236236236	2	1.5410303764854598	7.861674414953231e-10	2
6283185.307179586	2797.997997997998	3	-1.0831276501987226	-1.7659137216799335e-09	0
6283185.307179586	2964.964964964965	3	-1.3587672969817217	-1.2561374783237517e-09	1
6283185.307179586	1677.927927927928	3	-0.0816471580901783	-1.2746037635053852e-09	0
6283185.307179586	2178.828828828829	3	-1.5385596709164449	-5.145744800829961e-10	2
6283185.307179586	891.7917917917919	2	-0.6852468617791788	-1.6067403970165104e-09	0
6283185.307179586	1879.6796796796798	1	0.3710708877943445	4.763745639978153e-10	0
6283185.307179586	1622.2722722722724	1	1.1923810636003727	3.908160940790057e-11	2
6283185.307179586	2164.914914914915	3	0.2444606408812262	1.761019228849459e-09	0
6283185.307179586	2366.6666666666665	3	0.5442786108085684	-6.842402332536048e-10	0
6283185.307179586	1135.2852852852852	2	-0.9573937719219522	1.0325701886807723e-09	0
6283185.307179586	488.2882882882883	1	1.3792702882541774	1.7167782009305842e-10	2
6283185.307179586	3264.1141141141143	2	0.4639534109406198	-1.842467978567267e-09	0
6283185.307179586	453.5035035035035	2	-0.9005356733714204	5.781101338165904e-10	2
6283185.307179586	2999.7497497497498	2	0.9808459844108208	1.0399786817417742e-09	0
6283185.307179586	829.1791791791792	1	-1.1675825896092973	-1.3043108751504824e-09	1
6283185.307179586	1712.7127127127128	1	-1.2872755421896314	-1.4977200482236306e-09	2
6283185.307179586	4732.0320320320325	2	-0.3560191155838788	1.603511361506878e-09	0
6283185.307179586	2874.5245245245246	2	-1.5701278845988917	-6.42487241417555e-10	2
6283185.307179586	1427.4774774774776	3	-0.5581220601573016	-1.044005732236904e-09	0
6283185.307179586	1239.6396396396397	2	-0.3896340166176897	5.752802517735842e-10	0
6283185.307179586	4050.2502502502502	1	-1.3902757692615497	1.4279637992695822e-09	2
6283185.307179586	1997.947947947948	3	-0.5292417905298503	-1.526080741853404e-09	0
6283185.307179586	1281.3813813813815	3	-0.7761716389906514	-6.643026426300903e-10	0
6283185.307179586	2491.891891891892	2	-1.084755591469499	-2.2826478055642123e-11	2
6283185.307179586	2366.6666666666665	2	0.3892646795532906	6.296654296265334e-10	0
6283185.307179586	3111.061061061061	3	0.15895783161438715	5.989419137609748e-10	0
6283185.307179586	2693.643643643644	2	-0.18174969086727155	-7.399140806057396e-10	0
6283185.307179586	2443.193193193193	2	1.081944970831568	2.2861310701517718e-10	1
6283185.307179586	1844.8948948948948	1	-1.5050335307342375	-1.2990422878828097e-09	1
6283185.307179586	1643.143143143143	3	1.3472952938993492	-6.720421142259206e-10	1
6283185.307179586	2304.054054054054	2	-1.009897551439669	1.2506346135676113e-09	0
6283185.307179586	1740.5405405405406	1	-0.7165213235332357	5.644855864423628e-10	0
6283185.307179586	1559.6596596596596	2	-0.3124112454152925	-3.651713930712851e-10	1
6283185.307179586	975.2752752752752	3	-0.666300767891795	-1.1189950516369528e-09	0
6283185.307179586	1893.5935935935936	2	-0.47214612359798247	-2.975411164991076e-10	2
6283185.307179586	717.8678678678679	1	-1.533485913176981	1.860443586415821e-09	1
6283185.307179586	1914.4644644644645	3	1.116926150382623	-1.7080207834861016e-09	0
6283185.307179586	954.4044044044044	1	0.1773721057655402	-1.5656875665094553e-10	1
6283185.307179586	2860.610610610611	2	-0.43817739346486717	1.945342996369745e-09	0
6283185.307179586	2811.911911911912	3	-0.012042152007890605	1.4633958417627684e-10	0
6283185.307179586	2123.1731731731734	2	-0.8845972803691833	3.546396531233999e-10	2
6283185.307179586	2345.795795795796	1	0.8790094072219272	-4.4552300367730074e-10	2
6283185.307179586	2290.1401401401404	1	-1.351826628437931	6.529785312636791e-12	2
6283185.307179586	1789.2392392392394	3	-0.3614557707319195	8.203681912057275e-10	0
6283185.307179586	2791.041041041041	3	0.6587719972234316	1.8043718122757083e-09	0
6283185.307179586	2359.70970970971	3	-0.422238567702784	-9.564616516713246e-10	0
6283185.307179586	1524.8748748748749	1	0.46007944122734434	6.620749717869794e-10	0
6283185.307179586	2151.001001001001	2	-0.23045858455458879	9.631102472917198e-10	0
6283185.307179586	2679.72972972973	1	-0.5859848791212523	-2.9161864131526723e-10	2
6283185.307179586	1267.4674674674675	2	0.3241973601581758	-1.0066716635005321e-09	0
6283185.307179586	1733.5835835835837	1	-0.9432555233039889	1.5147145246819571e-09	0
6283185.307179586	2651.901901901902	2	-0.7589269800382291	3.9990060353617274e-10	1
6283185.307179586	989.1891891891892	2	1.0308586940531992	-4.545838884927198e-10	2
6283185.307179586	1288.3383383383384	2	1.5488673400187367	-1.2725828465125621e-09	1
6283185.307179586	773.5235235235235	1	0.1432902459634844	-5.636843228891434e-11	2
6283185.307179586	1719.6696696696697	2	0.07152294950217497	1.1107243551134753e-09	0
6283185.307179586	1893.5935935935936	1	1.0114574230819113	-1.3469012715291642e-09	0
6283185.307179586	1858.8088088088089	3	-0.9678952782982326	-9.941774006612651e-10	0
6283185.307179586	3639.7897897897897	2	-0.056636220406309334	-8.459224620131398e-11	1
6283185.307179586	1747.4974974974975	3	1.0505887842041592	-9.043717128709928e-10	0
6283185.307179586	2477.977977977978	3	-0.6950009561107919	-2.4951352147055556e-10	2
6283185.307179586	2164.914914914915	1	0.8181704362035944	-1.8047591584621108e-09	0
6283185.307179586	1107.4574574574574	2	-1.3389634306500884	-1.87541223766605e-09	1
6283185.307179586	2394.4944944944946	2	1.0140056749246233	-5.092957457257485e-10	2
6283185.307179586	1406.6066066066066	2	0.19507510054886557	1.9688056166036397e-09	0
6283185.307179586	557.8578578578579	1	0.17678892964331228	5.786088754444392e-10	0
6283185.307179586	1594.4444444444446	2	-0.053030704507888826	-8.532837585964366e-10	0
6283185.307179586	1044.8448448448448	3	-1.1262731456591861	-6.982640293302294e-10	2
6283185.307179586	940.4904904904905	1	1.5117227935498532	-1.2981336321971379e-09	2
6283185.307179586	1267.4674674674675	3	0.6598938014154272	-1.6308696621159622e-09	0
6283185.307179586	1893.5935935935936	3	-0.6736181929868359	5.399154277384754e-10	1
6283185.307179586	1524.8748748748749	3	-1.3341319221205241	-1.4859907160483457e-09	2
6283185.307179586	947.4474474474474	2	-0.6325581063696514	-1.5246426688478043e-09	0
6283185.307179586	2283.1831831831832	2	0.38753711708382976	1.0951593814387941e-09	0
6283185.307179586	1079.6296296296296	3	-0.13574007840175595	1.118946922311931e-09	0
6283185.307179586	1935.3353353353355	1	1.5638391641874527	-1.406142257094063e-09	2
6283185.307179586	2415.3653653653655	1	-1.4541457981799761	1.3986853600538774e-09	1
6283185.307179586	1650.1001001001002	2	-1.4099529353114646	1.5117514613314408e-09	2
6283185.307179586	2582.3323323323325	3	-0.1507411181771301	4.4803214468003754e-10	1
6283185.307179586	2248.3983983983985	3	-0.5102551687530652	-1.1888290388900812e-09	0
6283185.307179586	703.9539539539539	1	-1.4325077413718368	-1.126114442208933e-09	1
6283185.307179586	641.3413413413414	3	-0.7597247719687451	-1.5176750289685836e-09	0
6283185.307179586	1434.4344344344345	2	-0.015650351432809906	7.265442199826375e-10	0
6283185.307179586	1907.5075075075076	1	-0.3608234681302198	-1.1436805262307696e-09	0
6283185.307179586	2624.0740740740744	1	0.31369774971361064	1.222083862952654e-09	0
6283185.307179586	1573.5735735735736	2	1.0523870360267606	1.3061634897161203e-10	1
6283185.307179586	1260.5105105105106	1	-0.2594484670333397	1.6368653215071105e-09	0
6283185.307179586	516.1161161161161	2	1.4718684429604423	6.324078232869053e-10	1
6283185.307179586	2109.259259259259	2	-1.5705617906599985	2.337394043210268e-10	0
6283185.307179586	1754.4544544544544	1	0.5718252675979172	-3.225245705465833e-10	2
6283185.307179586	975.2752752752752	1	-1.3424669232071031	-3.0914228016747807e-10	2
6283185.307179586	1177.027027027027	1	0.11996967780546175	1.9873180214962138e-09	0
6283185.307179586	1657.0570570570571	1	0.005193132016051649	1.763909958467565e-09	0
6283185.307179586	1023.973973973974	3	1.1522869508603915	-1.970389916397208e-09	0
6283185.307179586	1664.014014014014	3	-1.0685599470329006	-1.1122160336628463e-09	0
6283185.307179586	1601.4014014014015	3	0.7173722713781241	1.76812895289987e-09	0
6283185.307179586	3055.4054054054054	3	0.295043564391545	1.9004170438776647e-09	0
6283185.307179586	1636.1861861861862	1	1.3479603592979696	8.981216526435955e-10	2
6283185.307179586	1357.9079079079079	2	0.5915827459788563	-1.6631114718465936e-09	0
6283185.307179586	1316.1661661661662	1	0.3806450465465556	3.955131414490206e-10	1
6283185.307179586	2415.3653653653655	2	1.2722801138736815	-1.8543410752604791e-10	2
6283185.307179586	1796.1961961961963	3	-1.3475381881984538	1.4445709103056505e-09	1
6283185.307179586	1817.0670670670672	1	-0.3711597450718229	1.1184289901438422e-09	0
6283185.307179586	1350.950950950951	3	-1.3560729790914563	4.838483346547806e-10	2
6283185.307179586	3333.6836836836837	2	1.2720386632399472	1.261210582857005e-09	0
6283185.307179586	1608.3583583583584	1	-1.199023833445193	1.2404171131519447e-09	0
6283185.307179586	4300.7007007007005	2	0.9611674809979172	1.5531583480246645e-09	0
6283185.307179586	1142.2422422422424	1	-0.7567480412846859	1.6958964157943992e-09	0
6283185.307179586	2498.848848848849	2	0.827724389023468	-8.497835101815437e-10	0
6283185.307179586	717.8678678678679	3	1.3187934006092314	-3.4978991429983175e-11	1
6283185.307179586	2352.7527527527527	2	-1.1189582795741995	-1.5312555810328062e-09	0
6283185.307179586	2331.881881881882	1	1.1411894068415975	8.614555455865612e-10	1
6283185.307179586	279.57957957957956	3	-0.011488408368979686	-1.452499851886732e-09	0
6283185.307179586	1608.3583583583584	2	1.115383215926954	1.237283638021411e-09	0
6283185.307179586	1886.6366366366367	3	-0.5458992863339285	-4.055913252764403e-10	1
6283185.307179586	1497.047047047047	1	0.15319110620357268	6.208551957795289e-10	0
6283185.307179586	1142.2422422422424	1	-0.46368368344038835	1.786270751289243e-09	0
6283185.307179586	1204.854854854855	1	-0.5610648086745498	-1.6246389505302577e-09	0
6283185.307179586	2206.6566566566567	3	-1.3826812719754553	-1.1077113452815485e-09	2
6283185.307179586	363.06306306306305	3	-0.19508684048017022	1.9203719667599058e-09	2
6283185.307179586	759.6096096096096	1	0.8204757588194682	-1.9403068355784424e-09	0
6283185.307179586	1204.854854854855	3	1.473328546983323	2.521153863822409e-10	2
6283185.307179586	1142.2422422422424	1	-0.4413145668412646	-1.525648330079012e-09	0
6283185.307179586	1844.8948948948948	3	-1.105649483490899	1.2814728499934072e-09	0
6283185.307179586	613.5135135135135	2	1.4151834230056464	-6.551806063976411e-10	1
6283185.307179586	1274.4244244244244	1	-1.160271215871846	1.8484048943568314e-09	0
6283185.307179586	2151.001001001001	1	-1.2702758426647347	7.385785898521264e-10	2
6283185.307179586	2881.4814814814818	1	0.0031333859180699974	-3.4962960236117324e-10	0
6283185.307179586	808.3083083083084	3	1.2225965289467262	6.969864822673721e-10	1
6283185.307179586	1677.927927927928	1	0.18626672021914237	-5.381210989659007e-10	1
6283185.307179586	2394.4944944944946	3	0.3678827092165422	1.0852193508640235e-09	0
6283185.307179586	1218.7687687687687	1	-0.9226343267021543	-2.0522039451188242e-10	2
6283185.307179586	1232.6826826826828	3	0.11286956214122901	4.492243336582603e-10	1
6283185.307179586	3417.1671671671675	2	-0.16908134194214908	2.7974276050831324e-10	2
6283185.307179586	1858.8088088088089	3	1.5700673746336329	1.5901720832752426e-10	0
6283185.307179586	2025.7757757757759	2	-1.4614726994143619	1.4912290242223403e-09	1
6283185.307179586	3069.319319319319	3	-1.3646632878158096	-3.837768278508849e-10	2
6283185.307179586	105.65565565565566	1	0.8331979354536161	3.0648695043423643e-10	0
6283185.307179586	989.1891891891892	3	-0.1918820837871853	1.6583218283442745e-09	0
6283185.307179586	2658.858858858859	3	0.5645601653311485	-4.610557505396652e-10	0
6283185.307179586	1309.2092092092093	3	-0.38999871163430266	6.943543441205097e-10	1
6283185.307179586	1886.6366366366367	3	-0.6038977038821058	-1.355335140677767e-09	0
6283185.307179586	2324.924924924925	3	-1.543267289595828	-7.222338805766065e-10	2
6283185.307179586	2867.5675675675675	1	0.8470521519290757	-6.186386822679456e-10	1
6283185.307179586	523.0730730730731	3	0.5234277458563334	-5.667171286188589e-10	0
6283185.307179586	1086.5865865865867	1	-0.2623168446379369	8.309894270126219e-11	2
6283185.307179586	1879.6796796796798	3	-0.38782562690411604	5.342723236021156e-11	2
6283185.307179586	1086.5865865865867	3	0.9369077786592817	4.930943364822481e-10	2
6283185.307179586	2151.001001001001	1	1.1086599819348635	-1.6287565795940952e-09	0
6283185.307179586	1197.897897897898	1	0.7709867996212747	-6.805510130094335e-10	2
6283185.307179586	738.7387387387388	2	-0.18652944243319491	-1.142649774976977e-09	0
6283185.307179586	2825.825825825826	3	-1.343516907612615	1.9090990117451214e-09	0
6283185.307179586	2338.838838838839	1	-1.3811968210793146	1.456075671328637e-09	2
6283185.307179586	2352.7527527527527	1	-0.0502388625823007	1.2145126623717638e-10	0
6283185.307179586	1712.7127127127128	3	0.8436227177560798	-1.8793860491045018e-09	0
6283185.307179586	1448.3483483483483	2	0.9155290375327483	-1.7871701934435102e-09	0
6283185.307179586	1740.5405405405406	2	0.2537054185615215	1.9197347849103697e-09	0
6283185.307179586	1510.960960960961	3	-1.027414364514461	7.67577930323194e-10	1
6283185.307179586	1851.851851851852	1	-0.006868683733330494	-1.9543742135346777e-09	0
6283185.307179586	2130.13013013013	2	-0.3613371106272407	1.86965618722254e-09	0
6283185.307179586	968.3183183183183	2	-1.4315223053427348	4.931403074843189e-10	2
6283185.307179586	1970.1201201201202	2	1.162514705673042	5.58013403310436e-10	1
6283185.307179586	3438.038038038038	3	-1.132002285871986	-7.110673458440414e-10	1
6283185.307179586	1364.864864864865	1	-0.997968205874831	-1.9171160518213045e-09	0
6283185.307179586	1963.1631631631633	1	-0.24153086064498308	-1.325797874978693e-09	0
6283185.307179586	1065.7157157157158	3	1.3724792919640452	-1.8407112792289199e-09	2
6283185.307179586	1357.9079079079079	3	0.731302850608361	-8.792931974824594e-10	0
6283185.307179586	1636.1861861861862	1	-0.3011388927325742	1.2852387823478342e-09	0
6283185.307179586	2394.4944944944946	1	-1.2472708760635198	-1.9167276801512556e-09	0
6283185.307179586	2422.322322322322	1	0.06304989170148989	-2.598766393729709e-10	1
6283185.307179586	1740.5405405405406	2	0.5925747936394044	9.580625664344843e-10	0
6283185.307179586	2728.4284284284286	1	1.2789827830482432	1.0958956419160947e-10	1
6283185.307179586	2526.676676676677	3	-0.7021232420594629	-1.494806852931882e-09	0
6283185.307179586	2672.772772772773	1	0.3218925607549046	1.244781703737245e-09	0
6283185.307179586	1705.755755755756	3	0.32200019194618545	3.8078037371890994e-10	2
6283185.307179586	1691.8418418418419	2	-0.7904557721595741	-1.6262947975303204e-11	1
6283185.307179586	1135.2852852852852	1	-0.15700670407031003	-1.2677298324537244e-09	0
6283185.307179586	1156.1561561561562	2	1.1652607589117099	-5.213280807841404e-10	1
6283185.307179586	1865.7657657657658	2	-1.553211997098004	-1.469038950295353e-09	2
6283185.307179586	1879.6796796796798	1	-0.3138191046543357	-1.1100029683241406e-09	0
6283185.307179586	3097.1471471471473	3	0.9461791263991675	-8.927604070256385e-11	2
6283185.307179586	1768.3683683683685	2	1.0639006187972755	-2.2893371942617197e-10	1
6283185.307179586	2582.3323323323325	1	1.3812829783542226	1.3921155096987677e-09	1
6283185.307179586	1879.6796796796798	1	-0.16513059767603022	1.2433112181610886e-09	0
6283185.307179586	836.1361361361362	1	0.3331858776953769	6.391852746986873e-10	0
6283185.307179586	2032.7327327327328	2	-1.2686974021192388	-9.196696438444954e-10	2
6283185.307179586	2144.0440440440443	3	-1.4514036369589527	1.8199673127835576e-09	2
6283185.307179586	1086.5865865865867	1	-1.0242210604505089	7.566964918032806e-10	2
6283185.307179586	1705.755755755756	2	-0.21251829774188025	-8.249635350722891e-10	0
6283185.307179586	1330.08008008008	2	0.7208789329899066	-7.680228472765811e-10	0
6283185.307179586	1796.1961961961963	2	0.4344086624615491	-1.9721066730310367e-09	0
6283185.307179586	335.2352352352352	3	1.2929335719767567	1.2209697886927952e-09	1
6283185.307179586	898.7487487487488	1	1.2902065092903063	9.88638956755389e-10	2
6283185.307179586	3521.5215215215217	1	-0.7535202268054417	-1.0009210242097871e-09	0
6283185.307179586	2498.848848848849	3	-1.4202227294848564	5.129896169045006e-10	2
6283185.307179586	1420.5205205205204	3	0.4431120254346035	5.379922747706526e-12	2
6283185.307179586	3778.928928928929	3	-1.1974350934149949	6.403179376290171e-10	1
6283185.307179586	2039.6896896896897	2	-0.3360596479080933	4.74609020827172e-10	0
6283185.307179586	1142.2422422422424	2	-0.11018009775553628	-1.4868382269181384e-10	1
6283185.307179586	1427.4774774774776	2	0.9552655406048802	1.3281821352759714e-09	0
6283185.307179586	1413.5635635635635	2	0.7668585615398884	1.4997953954152351e-10	2
6283185.307179586	1886.6366366366367	2	-0.8841397047925427	8.44979672840674e-10	0
6283185.307179586	3187.5875875875877	3	0.39511875628342286	1.486142090213258e-09	0
6283185.307179586	1928.3783783783783	3	-0.33116089905046664	-3.9650546671382214e-10	1
6283185.307179586	1330.08008008008	3	-0.6521406950078392	-1.8617178281042715e-09	0
6283185.307179586	1413.5635635635635	3	-1.1022837118790596	-1.3208957447588043e-09	0
6283185.307179586	696.996996996997	2	-0.7534311539307044	-2.901658424993526e-10	1
6283185.307179586	2283.1831831831832	3	0.9455143462348712	9.089264196149229e-10	0
6283185.307179586	2464.064064064064	1	1.279377394789523	-1.6983946921443468e-09	0
6283185.307179586	1142.2422422422424	3	0.09214233030318009	-1.557614127474524e-09	0
6283185.307179586	2241.4414414414414	3	-0.4118724643546072	-1.5714520838502964e-09	0
6283185.307179586	1636.1861861861862	3	-1.4237466185318068	1.5983628275964553e-09	2
6283185.307179586	1761.4114114114116	2	-1.33880641288137	-1.8068199152327998e-09	1
6283185.307179586	2220.5705705705705	3	-0.2641652935759451	-6.834704853450271e-10	0
6283185.307179586	2825.825825825826	1	-0.6778791729832984	7.290241771839716e-10	0
6283185.307179586	1712.7127127127128	2	1.273842521314044	1.2376670253873863e-09	2
6283185.307179586	1650.1001001001002	1	0.3038379226135759	1.4675838291550266e-09	0
6283185.307179586	3194.544544544545	2	-0.7995394464465048	5.229734128706596e-10	1
6283185.307179586	2213.613613613614	3	-0.025893779551264595	1.707896323043822e-09	0
6283185.307179586	2380.5805805805808	1	0.8136422451380567	-9.383533587624996e-11	2
6283185.307179586	676.1261261261261	1	-0.29920566482714595	-3.7047440409473596e-11	2
6283185.307179586	1970.1201201201202	3	0.25657791275625175	-6.3855250023141e-10	0
6283185.307179586	2818.868868868869	3	-1.4945317907791642	1.9371437164527193e-09	2
6283185.307179586	1330.08008008008	1	-0.09076583586895048	-1.4169274947377586e-09	0
6283185.307179586	843.0930930930931	3	0.7309018395446234	1.875942226923503e-09	0
6283185.307179586	2693.643643643644	1	-0.7057144790529923	1.957451034228551e-09	0
6283185.307179586	516.1161161161161	3	-0.9014724975890426	1.2638880711331164e-09	2
6283185.307179586	2853.6536536536537	3	0.26927343124384273	-1.4918009015722956e-09	0
6283185.307179586	1183.983983983984	3	-0.02672874144626025	-5.561475560751976e-10	0
6283185.307179586	1879.6796796796798	2	-1.0475833123548097	3.1364204280191567e-10	2
6283185.307179586	2512.762762762763	3	1.173861666778501	1.4121672238489195e-09	0
6283185.307179586	1942.2922922922924	2	-0.8612236688632183	-1.8492599650648752e-09	0
6283185.307179586	2032.7327327327328	2	-1.3746505566840106	1.3625191128418567e-09	1
6283185.307179586	996.1461461461462	3	1.049189959566751	-9.939727150392407e-10	0
6283185.307179586	1977.077077077077	2	-0.908701558237697	-3.9459189338820615e-10	1
6283185.307179586	349.14914914914914	1	0.4345126486901556	9.179057820267546e-10	0
6283185.307179586	1392.6926926926926	3	1.1753845818648658	-1.7208112913593757e-09	0
6283185.307179586	1330.08008008008	3	0.4002946479437799	6.665724708991666e-10	1
6283185.307179586	1844.8948948948948	3	0.7944704673303478	1.820251407926877e-09	0
6283185.307179586	1670.970970970971	1	-0.049658927966127475	1.5862030892766033e-09	0
6283185.307179586	2171.871871871872	3	0.943043720007406	3.792633473748464e-10	2
6283185.307179586	2373.6236236236236	1	0.585908667480648	-4.26333180220813e-10	2
6283185.307179586	488.2882882882883	2	0.11269294522273876	-1.3044176072551852e-09	0
6283185.307179586	1288.3383383383384	1	-0.7327075924045685	1.8190251349673603e-09	0
6283185.307179586	1434.4344344344345	2	-1.1574828293194028	1.9191711835065845e-09	0
6283185.307179586	2944.094094094094	1	-0.0823581157229416	-1.0800739464571434e-09	0
6283185.307179586	2533.6336336336335	2	-1.4220921949455791	-1.7360318268915755e-10	2
6283185.307179586	2324.924924924925	2	0.8356866612045759	1.9040733874946627e-09	0
6283185.307179586	2081.4314314314315	2	0.20520842495722658	1.8058210111386555e-09	0
6283185.307179586	1142.2422422422424	3	-0.22971269414356454	-1.2977446497235314e-09	0
6283185.307179586	3166.7167167167167	3	0.16295677080734472	-1.0857370722070527e-09	0
6283185.307179586	1886.6366366366367	1	0.8446380625772223	1.3545894728824042e-09	0
6283185.307179586	2018.818818818819	2	1.482071235185829	-1.132604884176062e-09	2
6283185.307179586	2679.72972972973	3	-1.2348299180228455	-4.1229916013991915e-10	2
6283185.307179586	2686.6866866866867	3	0.41950363926481904	1.5500924671702945e-09	0
6283185.307179586	2276.226226226226	2	0.3432970029968323	2.1463544596381293e-10	2
6283185.307179586	634.3843843843844	3	-0.9167876060905182	1.752882594049779e-09	1
6283185.307179586	1615.3153153153153	3	-1.3371111982531487	-7.119261292011894e-10	2
6283185.307179586	1566.6166166166167	2	1.062558950398207	-1.9550672683017523e-10	1
6283185.307179586	1072.6726726726727	3	-1.4084586893989723	1.343690802070411e-10	2
6283185.307179586	989.1891891891892	1	0.1860751151353881	-1.077126808147213e-09	0
6283185.307179586	2631.031031031031	3	-0.49218044196640975	-9.715992977375705e-10	0
6283185.307179586	2331.881881881882	2	0.2769232972682871	-1.6780611638866585e-09	0
6283185.307179586	1177.027027027027	2	-0.683725234874323	5.786736705898505e-10	1
6283185.307179586	2067.5175175175173	3	0.59532376928808	-1.0299114065061749e-09	0
6283185.307179586	836.1361361361362	1	0.4938621292871157	1.8487371645087296e-09	0
6283185.307179586	1371.821821821822	2	-0.25744111681840076	1.979010382467472e-09	0
6283185.307179586	1197.897897897898	1	-0.8865023549098606	1.897257571613692e-09	0
6283185.307179586	1448.3483483483483	1	0.0453047030759528	4.754072126957807e-10	0
6283185.307179586	3403.253253253253	3	0.7825705390523607	1.520000117007202e-09	0
6283185.307179586	1552.7027027027027	2	0.8382810184422245	-1.0907076384180213e-09	0
6283185.307179586	2443.193193193193	1	0.3506258830087301	-1.423848498535993e-09	0
6283185.307179586	2004.904904904905	1	1.476085813945144	-1.7427741807972207e-09	2
6283185.307179586	696.996996996997	2	0.10575034267145411	5.038780208111474e-10	2
6283185.307179586	2011.8618618618618	1	-0.3768408291675116	-1.346281079898008e-09	0
6283185.307179586	2422.322322322322	2	1.2186819756654006	-1.3047613485733841e-09	0
6283185.307179586	564.8148148148148	1	1.3976807648964304	-1.3467302908820163e-09	2
6283185.307179586	2978.878878878879	2	-0.8925137025908619	-1.8800393352398965e-09	0
6283185.307179586	2345.795795795796	3	0.6360516668640748	1.2608747532752869e-09	0
6283185.307179586	2317.967967967968	1	1.2585300819651986	1.3605063190401024e-09	0
6283185.307179586	1135.2852852852852	2	-0.19363065824672288	-1.2895421374809605e-09	0
6283185.307179586	2220.5705705705705	3	0.21046011208159654	-1.368392791671002e-09	0
6283185.307179586	2387.5375375375374	1	0.2506522331494452	1.4257656418502543e-09	0
6283185.307179586	2144.0440440440443	3	-1.3992414651154563	-1.3109649876069157e-09	2
6283185.307179586	1719.6696696696697	1	0.9086361668004637	1.8593473774927081e-09	0
6283185.307179586	836.1361361361362	2	-0.4862226291545355	1.484517730178624e-09	0
6283185.307179586	2575.3753753753754	1	1.1200348593698513	1.6272913222335611e-09	0
6283185.307179586	2658.858858858859	1	-0.13732851439352145	1.7563886743863105e-09	0
6283185.307179586	905.7057057057058	1	-0.990803244239317	-2.6964175594863924e-10	1
6283185.307179586	1705.755755755756	3	-0.46976262155420345	3.2956947687658616e-10	1
6283185.307179586	481.33133133133134	3	-0.9828823398468584	5.321532587148332e-10	2
6283185.307179586	1622.2722722722724	1	-0.012748434025079414	8.369471081513463e-11	0
6283185.307179586	1406.6066066066066	2	0.4173285799172486	-1.8545891167067017e-09	0
6283185.307179586	1830.980980980981	3	1.4083723585548666	1.1873473334031082e-09	1
6283185.307179586	2457.1071071071074	2	-0.5749788742531077	-1.2771784600242824e-09	0
6283185.307179586	1149.1991991991993	3	-1.5036255086979942	1.9570478400100807e-09	2
6283185.307179586	509.1591591591592	2	-1.3838197594930495	6.823396449483053e-11	1
6283185.307179586	2185.7857857857857	3	0.9019563825763193	1.5313100555897364e-09	0
6283185.307179586	564.8148148148148	2	0.8503961825013042	-4.222724685591257e-10	1
6283185.307179586	3097.1471471471473	1	0.8673082015662801	1.91712266813904e-09	0
6283185.307179586	3034.5345345345345	2	-1.3371582713774905	4.24476543502794e-11	1
6283185.307179586	2276.226226226226	1	-0.26023357967224703	-9.749343873283555e-10	0
6283185.307179586	731.7817817817818	3	0.1949209690025251	-1.2742321824323708e-09	0
6283185.307179586	1441.3913913913914	1	-0.3203130508401333	-1.0438662045321605e-09	0
6283185.307179586	3180.6306306306305	2	0.4025184141389242	-3.32180589580061e-10	1
6283185.307179586	1844.8948948948948	3	1.5422187858931706	1.3309955101525368e-09	2
6283185.307179586	2860.610610610611	1	0.5863268535924306	-1.7916498813372243e-09	0
6283185.307179586	745.6956956956957	1	-0.5626961064937737	8.315359290588993e-10	0
6283185.307179586	2394.4944944944946	3	0.5313620608816882	5.180462397824781e-10	1
6283185.307179586	996.1461461461462	1	-0.7018766903911918	-3.36566865386466e-11	2
6283185.307179586	3041.4914914914916	2	-1.0775166591959109	-1.8349567414484197e-10	1
6283185.307179586	2631.031031031031	3	0.7579768941680163	1.4847162852680294e-09	0
6283185.307179586	3173.673673673674	3	0.3716999929379423	-5.118685465316964e-11	2
6283185.307179586	1789.2392392392394	1	-0.4130779699405982	-2.6183269869818785e-10	2
6283185.307179586	1587.4874874874874	1	0.5266742745398996	-1.4989677894150304e-09	0
6283185.307179586	571.7717717717718	3	-0.08493094049215588	1.793696019039119e-09	0
6283185.307179586	1288.3383383383384	2	1.2105597452808028	1.533649461098019e-09	0
6283185.307179586	2192.742742742743	3	0.08876222783582821	-6.596207480983267e-10	0
6283185.307179586	1837.937937937938	2	0.4437221475224695	-3.3080741182816765e-10	2
6283185.307179586	787.4374374374374	2	1.2266233585924562	9.601647226444229e-10	1
6283185.307179586	1691.8418418418419	2	-0.5991413103743267	-5.5147144703440614e-11	1
6283185.307179586	2443.193193193193	1	-1.3355344362771693	-1.4833510134920935e-09	2
6283185.307179586	843.0930930930931	1	-0.8358380517330033	-4.7654118212257e-10	2
6283185.307179586	2644.944944944945	2	-0.40137093157087733	1.201351480048305e-10	1
6283185.307179586	543.943943943944	1	0.18553060619549977	-1.35679468695707e-11	0
6283185.307179586	2227.5275275275276	3	-1.2098167067472922	7.970202420732174e-10	1
6283185.307179586	2081.4314314314315	2	0.2653514144276117	1.2527253628632064e-09	0
6283185.307179586	1483.1331331331332	1	-0.43540136685354947	1.1777824386788926e-09	0
6283185.307179586	1636.1861861861862	2	0.48736274649306477	-1.2674196886034303e-10	2
6283185.307179586	1469.2192192192192	1	-1.4181201871184062	-7.36763146325616e-10	2
6283185.307179586	1872.7227227227227	3	-1.4949725893170458	-9.09544210310838e-10	2
6283185.307179586	3806.7567567567567	2	0.6024221399267202	1.4366437568710548e-10	1
6283185.307179586	2331.881881881882	1	0.09915990874462155	-1.328773397618595e-09	0
6283185.307179586	2540.5905905905906	2	1.452987066521834	1.4363776931719818e-09	2
6283185.307179586	1517.917917917918	2	-0.7737599926723523	3.412192920569514e-10	1
6283185.307179586	1330.08008008008	1	-0.5504919396672279	-7.676231485013454e-10	1
6283185.307179586	2867.5675675675675	2	-0.7078115490655781	-4.312722171610517e-10	2
6283185.307179586	1538.788788788789	2	0.8329818671092499	-1.2560771921716917e-09	0
6283185.307179586	954.4044044044044	3	1.2298965355108389	-1.2520508134932877e-09	2
6283185.307179586	1601.4014014014015	2	-1.1337719421583192	-1.8149114343925754e-09	0
6283185.307179586	1107.4574574574574	1	1.2840768260561002	9.353787043356491e-10	1
6283185.307179586	1211.8118118118118	3	1.549684716149184	-1.4483885606035176e-09	1
6283185.307179586	877.877877877878	2	0.87743856845072	1.484363565697822e-09	0
6283185.307179586	808.3083083083084	1	0.9955005418618592	1.5270140935602217e-09	0
6283185.307179586	2046.6466466466468	3	-0.7841529496075107	1.4291208157028836e-09	0
6283185.307179586	2797.997997997998	1	0.9574927937948674	-3.168352450324616e-10	2
6283185.307179586	1497.047047047047	2	0.19344627495530364	6.77573018018751e-10	0
6283185.307179586	1754.4544544544544	1	-0.7183009187079784	5.598511219153759e-10	0
6283185.307179586	536.986986986987	1	0.7677633455527313	-1.842124159157681e-09	2
6283185.307179586	857.007007007007	3	-0.7023996533332448	6.37748178631155e-10	2
6283185.307179586	2728.4284284284286	2	-0.21906223685369497	8.019148683032335e-10	0
6283185.307179586	1504.004004004004	3	0.6034446019205713	-2.4321098918703355e-10	2
6283185.307179586	1288.3383383383384	1	-1.5176083142329682	1.8064435916322328e-09	2
6283185.307179586	2220.5705705705705	2	-0.6159385504576312	-5.788652735724435e-10	0
6283185.307179586	2742.3423423423424	3	-0.11762716369898563	8.978744602639603e-10	0
6283185.307179586	2617.1171171171172	1	1.536539654753252	-1.1288759074322884e-09	2
6283185.307179586	2004.904904904905	3	-0.6313446804172728	1.0018122196162286e-12	2
6283185.307179586	1281.3813813813815	3	-0.23726427973360842	-8.417882628744513e-10	0
6283185.307179586	2053.603603603604	1	1.3717478584676344	-1.2589088038853788e-09	2
6283185.307179586	2255.3553553553556	3	-0.29703077385099363	-1.5448653286461741e-09	0
6283185.307179586	1343.993993993994	1	-0.5212655411097891	-1.4545562738653903e-09	0
6283185.307179586	2116.2162162162163	3	-1.1557979747197857	1.4048092769411807e-09	0
6283185.307179586	1183.983983983984	1	-1.3144828263595996	-5.022656850721052e-10	1
6283185.307179586	1622.2722722722724	2	1.3827978231836164	-1.7950635511636755e-09	1
6283185.307179586	2561.4614614614616	3	0.8729138264991261	8.655791601492712e-11	2
6283185.307179586	912.6626626626627	3	-1.115419451578714	2.346233407656687e-10	2
6283185.307179586	1768.3683683683685	3	1.107948213118621	1.0275337014039447e-09	1
6283185.307179586	1858.8088088088089	3	-1.5318873318580544	7.545126513297534e-10	2
6283185.307179586	3194.544544544545	2	-0.43076247937288303	-4.806908820027359e-10	0
6283185.307179586	2624.0740740740744	3	1.5574621933961068	-1.1066474363852818e-09	2
6283185.307179586	989.1891891891892	1	0.10430505190971995	1.1081921831770608e-09	0
6283185.307179586	2095.3453453453453	1	-0.6400568427506801	-3.8500749433939103e-10	1
6283185.307179586	1524.8748748748749	1	-0.3663320420658487	-1.8514341592438442e-09	0
6283185.307179586	975.2752752752752	3	-0.45650955701247176	4.7825841816511276e-11	2
6283185.307179586	1364.864864864865	2	1.0869383968104116	-1.3136907764936786e-09	0
6283185.307179586	3006.706706706707	1	1.0842656268452218	9.578691104351624e-10	0
6283185.307179586	1163.113113113113	1	-1.5127702121459043	1.777030176162205e-09	1
6283185.307179586	2881.4814814814818	2	1.279726868575529	-1.9308261056580019e-10	1
6283185.307179586	1670.970970970971	1	0.8446590796741504	6.357180397335154e-10	0
6283185.307179586	1517.917917917918	3	-0.41697650641413375	-1.3327269840505066e-09	0
6283185.307179586	425.6756756756757	3	0.06503428245043552	1.245665335540184e-09	2
6283185.307179586	1517.917917917918	2	1.3229521834012488	5.056450105728988e-10	1
6283185.307179586	1302.2522522522522	1	-0.9651461023047974	7.859955892297749e-10	0
6283185.307179586	3034.5345345345345	3	-0.48984114714870364	8.799822489396905e-11	2
6283185.307179586	1483.1331331331332	1	-0.6058521207394862	1.973565518729331e-09	0
6283185.307179586	2561.4614614614616	2	1.5564595259877363	-9.073434057096503e-10	2
6283185.307179586	3688.4884884884887	3	0.32102075783452233	-1.8518026791359004e-09	0
6283185.307179586	1392.6926926926926	1	1.11398624998546	7.850404241598551e-10	1
6283185.307179586	1490.0900900900901	1	0.81541993799032	-1.7439555628315496e-09	0
6283185.307179586	1636.1861861861862	1	1.2758643066422515	1.038640499530622e-09	2
6283185.307179586	815.2652652652653	1	-1.038241399505416	1.0526920647439413e-09	0
6283185.307179586	870.9209209209209	1	-0.4564230963211502	-1.5135798846470245e-10	2
6283185.307179586	1204.854854854855	1	-0.43763796618816464	5.090897638034394e-10	0
6283185.307179586	843.0930930930931	2	0.6041214180970593	-1.6725236042119191e-09	0
6283185.307179586	1552.7027027027027	2	1.0362563919198182	-1.976536625239635e-09	0
6283185.307179586	2123.1731731731734	2	-0.8099115486749847	-5.825563904130408e-10	1
6283185.307179586	1803.1531531531532	2	1.1811087093039894	1.5509834672637146e-09	0
6283185.307179586	2185.7857857857857	2	1.0477571071544038	-8.84127220646016e-10	0
6283185.307179586	2631.031031031031	3	-0.1096728875290367	1.2984651150077182e-09	0
6283185.307179586	1956.2062062062062	2	0.0568698276847488	8.759323120181727e-10	0
6283185.307179586	2589.289289289289	1	1.1363200952148858	1.6394138710752172e-09	0
6283185.307179586	606.5565565565565	2	-1.4716728335579359	-9.642970746071833e-10	1
6283185.307179586	502.2022022022022	3	1.0906840366052184	1.0594779427267526e-09	1
6283185.307179586	1566.6166166166167	2	-0.4901968166085169	-6.898366713821305e-10	0
6283185.307179586	2331.881881881882	3	0.5968293143992565	1.885605662195083e-09	0
6283185.307179586	1768.3683683683685	3	-1.0459358059533486	1.1663092198538034e-09	0
6283185.307179586	2791.041041041041	1	0.5862510768053162	-2.6289500809575485e-11	2
6283185.307179586	870.9209209209209	3	-1.5363106904166979	-1.2801262510231664e-09	2
6283185.307179586	738.7387387387388	1	-0.7208511779457948	1.10782239770955e-09	0
6283185.307179586	2157.957957957958	2	-0.2517784646317005	-4.300829340352276e-10	1
6283185.307179586	1003.1031031031031	2	0.6140307763698467	4.855616997268809e-10	1
6283185.307179586	1337.0370370370372	2	0.8726456993789915	1.0929757547172526e-09	0
6283185.307179586	1691.8418418418419	2	1.0032539933971583	9.819286163512676e-11	1
6283185.307179586	2206.6566566566567	3	-1.1858993078064657	-1.2395215835615658e-09	0
6283185.307179586	3069.319319319319	2	1.4001209630701608	1.402277831080876e-09	1
6283185.307179586	1469.2192192192192	3	-0.010401406756312737	7.336046022026048e-10	0
6283185.307179586	1288.3383383383384	2	0.35650395670328705	-1.5751307075979672e-09	0
6283185.307179586	1622.2722722722724	1	0.02073037615534923	4.987284146875975e-10	0
6283185.307179586	3020.6206206206207	2	0.2547484688941928	1.7534300157488995e-09	0
6283185.307179586	2102.3023023023025	3	-1.4318591620662449	-7.170599985549889e-10	2
6283185.307179586	1462.2622622622623	2	-0.6930025104765509	-4.859697598349645e-10	2
6283185.307179586	1622.2722722722724	1	0.8463744218132718	9.629818869726636e-10	0
6283185.307179586	1476.176176176176	3	0.10187945066111892	-1.6458480751210437e-09	0
6283185.307179586	2484.934934934935	2	-0.29372525411145234	-6.983519368490216e-10	0
6283185.307179586	1691.8418418418419	3	-0.07579281279206262	1.3303788559247272e-09	0
6283185.307179586	1316.1661661661662	2	0.8477258772271146	-1.0156406939067494e-09	0
6283185.307179586	2533.6336336336335	2	-1.5291395849666598	-2.0111448844652409e-10	2
6283185.307179586	1949.2492492492493	3	-1.2793856815823594	9.984323071938456e-10	1
6283185.307179586	1942.2922922922924	2	0.41956307215320465	1.7654288967112513e-10	1
6283185.307179586	1135.2852852852852	1	1.3873454746228466	1.5616372875785604e-09	2
6283185.307179586	599.5995995995996	1	-1.444859973152933	-8.035992911581204e-10	1
6283185.307179586	905.7057057057058	1	-0.5958194250306205	1.71280457457235e-09	0
6283185.307179586	2958.008008008008	3	-1.2671147748401281	1.7005023033031046e-09	0
6283185.307179586	794.3943943943945	3	-0.9395917108077907	-1.8711739846805848e-09	0
6283185.307179586	801.3513513513514	3	0.6120705099908657	1.6617120102053254e-09	0
6283185.307179586	3104.1041041041044	2	-1.5033731675474167	-6.776502177344195e-11	1
6283185.307179586	843.0930930930931	2	-0.7082997468499189	1.0207463747922063e-09	0
6283185.307179586	1093.5435435435436	1	1.493523011047317	4.652584369145896e-10	2
6283185.307179586	1274.4244244244244	3	1.4970638943061094	-1.7846755344573477e-09	2
6283185.307179586	2498.848848848849	1	0.20148939569038338	-8.593151613370666e-10	0
6283185.307179586	203.05305305305305	1	-1.1421674194673381	-2.140641523202334e-10	0
6283185.307179586	3340.640640640641	3	0.11912269991151758	9.756451736131123e-10	0
6283185.307179586	2791.041041041041	1	-0.5314862102127123	1.8303667532431348e-09	0
6283185.307179586	877.877877877878	3	-0.3798702393512239	1.8717845579445943e-10	2
6283185.307179586	557.8578578578579	2	-1.455326544978326	-1.7719544332690566e-10	1
6283185.307179586	1594.4444444444446	2	1.5100334484882896	5.960479102545287e-10	1
6283185.307179586	940.4904904904905	2	0.08161748041681771	-2.7290909186355264e-10	2
6283185.307179586	1023.973973973974	1	0.13086587433022778	1.4319967002527304e-09	0
6283185.307179586	1420.5205205205204	2	-0.9963000255843042	1.9852021163586273e-11	1
6283185.307179586	2248.3983983983985	1	-0.6690995515521952	1.1462344329756836e-09	0
6283185.307179586	2930.1801801801803	3	-0.47723956652061617	1.5291451070381034e-09	0
6283185.307179586	1163.113113113113	1	-1.2147355981436039	1.2433834714522283e-09	2
6283185.307179586	1942.2922922922924	3	-0.5210741867354796	-5.104307590240587e-10	0
6283185.307179586	3827.6276276276276	3	1.2889545367238444	-7.589321805875433e-10	2
6283185.307179586	1225.7257257257259	1	-0.437906086593862	-2.472127442832099e-10	1
6283185.307179586	2568.4184184184187	3	0.2570736187767211	-1.1597245808178164e-09	0
6283185.307179586	2255.3553553553556	2	0.9894429187965401	3.130233645321667e-10	1
6283185.307179586	1824.0240240240241	2	0.43664083375893314	-1.9444430468806338e-09	0
6283185.307179586	1698.7987987987988	3	1.2071970069020739	-1.3770681428038537e-09	0
6283185.307179586	1531.8318318318318	3	0.12700653621495328	-1.289346997838451e-09	0
6283185.307179586	1316.1661661661662	2	-0.47879350318749503	1.4360273829699175e-09	0
6283185.307179586	1469.2192192192192	2	1.4567729535205474	1.2808157722912271e-09	2
6283185.307179586	1204.854854854855	3	-0.7993613920523194	1.4169010693383183e-09	0
6283185.307179586	1907.5075075075076	2	-0.9151925618207964	9.85117654157156e-10	0
6283185.307179586	411.76176176176176	1	-0.2881330493201435	1.1653197479959918e-09	0
6283185.307179586	2679.72972972973	1	0.09674347098192593	2.44329900114582e-10	2
6283185.307179586	3180.6306306306305	2	-0.9174679661788231	1.8528693510067502e-09	0
6283185.307179586	1594.4444444444446	3	1.087210735270801	1.50899912340628e-09	0
6283185.307179586	2408.4084084084084	1	-0.8428298279408919	-9.68161742854603e-10	0
6283185.307179586	1984.034034034034	3	-1.180866807849171	6.452957243577924e-10	2
6283185.307179586	2902.352352352352	3	-1.1590497946163143	-4.0995751520739495e-10	2
6283185.307179586	404.8048048048048	1	-1.0412873202572457	-1.8405942760730781e-09	2
6283185.307179586	2262.3123123123123	3	-0.36306514310353144	-6.273446429297666e-10	0
6283185.307179586	599.5995995995996	2	-0.6399895330812385	3.208271113296314e-10	2
6283185.307179586	2095.3453453453453	2	-0.8766240383809022	-4.3675540626066767e-10	2
6283185.307179586	787.4374374374374	2	0.6522110037030413	5.972838238889577e-10	1
6283185.307179586	1893.5935935935936	3	-0.8221339268221937	-5.573209075251559e-10	1
6283185.307179586	2137.087087087087	3	0.6190841676969252	9.090456452506632e-10	0
6283185.307179586	2074.474474474475	2	0.15790296068944198	-1.990025666606383e-09	0
6283185.307179586	1740.5405405405406	3	-0.21118353794233102	2.6617088469422755e-11	2
6283185.307179586	2881.4814814814818	3	0.4027393725175965	1.920073237762101e-09	0
6283185.307179586	940.4904904904905	1	-1.463933793699281	-9.219527772536062e-10	2
6283185.307179586	1371.821821821822	1	1.2277959957459812	-6.717597815140005e-10	2
6283185.307179586	1559.6596596596596	1	-0.8271227895220734	1.3590943612100326e-09	0
6283185.307179586	2060.5605605605606	2	1.1521166032482766	1.1241485405009048e-09	0
6283185.307179586	1204.854854854855	1	-0.5689578468816121	3.7831375586054245e-10	2
6283185.307179586	370.02002002002	2	-0.5135211368110484	4.036238059398755e-11	1
6283185.307179586	2589.289289289289	2	0.8586954420029476	-3.1575344577643475e-10	2
6283185.307179586	2025.7757757757759	2	0.9545749528691747	1.0298217370046702e-09	0
6283185.307179586	2081.4314314314315	2	0.030595777288395354	1.964251601371226e-09	0
6283185.307179586	655.2552552552553	2	-0.21599043343167135	5.883197892644573e-10	1
6283185.307179586	1608.3583583583584	2	-0.8200579987008981	-4.798457797804408e-10	1
6283185.307179586	710.910910910911	2	-0.004458345920011153	6.655943534071058e-10	0
6283185.307179586	724.8248248248249	2	0.9323409243414149	5.333905660565296e-10	2
6283185.307179586	2192.742742742743	3	-0.25579094313256867	-1.6734952542144083e-09	0
6283185.307179586	2206.6566566566567	2	-0.844609644321702	-1.772573773295733e-10	1
6283185.307179586	3271.071071071071	2	-1.3191907732720818	1.465998721367915e-09	1
6283185.307179586	1956.2062062062062	3	-0.8150876154098374	9.110734978407969e-10	0
6283185.307179586	1761.4114114114116	1	-1.2270967466201843	-1.5682870966092716e-09	0
6283185.307179586	822.2222222222223	2	0.49747806964322505	-1.5997092527531e-09	0
6283185.307179586	4544.194194194194	2	-0.08250861533116938	-1.5263821442294802e-09	0
6283185.307179586	1170.0700700700702	2	0.7700814507573814	-1.867639022504851e-09	0
6283185.307179586	1921.4214214214214	2	-1.1736633167579618	-2.9490151581348965e-10	1
6283185.307179586	1330.08008008008	2	1.3384202937708531	-6.907676882360207e-10	2
6283185.307179586	2554.5045045045044	1	-0.8551826764820957	-6.200208079671796e-10	1
6283185.307179586	2067.5175175175173	1	1.545860386174418	4.842333810490195e-10	2
6283185.307179586	1796.1961961961963	2	0.31630718835099514	-1.566148376913356e-09	0
6283185.307179586	613.5135135135135	1	-1.2176298242034953	1.0264575755270892e-09	2
6283185.307179586	2018.818818818819	1	-0.3771195011983153	5.139986999608298e-10	0
6283185.307179586	3535.4354354354355	3	-0.556469265479921	-8.502848789292417e-10	0
6283185.307179586	1691.8418418418419	1	-0.9631081182982622	-1.4978322266651173e-09	0
6283185.307179586	884.8348348348349	3	1.3395070149339512	-1.8943076681757694e-09	2
6283185.307179586	1274.4244244244244	3	-1.0494544970591737	-1.4294016944662063e-09	0
6283185.307179586	2679.72972972973	3	-0.5249912420552876	-1.601722773678708e-09	0
6283185.307179586	2429.2792792792793	2	-1.4714877544859	1.087258712909593e-09	2
6283185.307179586	1636.1861861861862	2	-1.3699001376796534	8.610545622744602e-10	1
6283185.307179586	1483.1331331331332	2	0.08244552533713656	-1.9509916742010434e-09	0
6283185.307179586	592.6426426426426	3	-1.1200766633984678	2.308457284819421e-10	2
6283185.307179586	3027.577577577578	3	0.5438519859293502	-6.886854607914849e-10	0
6283185.307179586	1204.854854854855	3	-0.8885985919238936	-1.3260938155044557e-10	2
6283185.307179586	2206.6566566566567	1	-1.4862003864392717	-7.413508979314498e-10	2
6283185.307179586	606.5565565565565	3	-0.764700679701028	-1.6181089661985464e-09	0
6283185.307179586	1747.4974974974975	1	-0.8930916146021636	-9.004831405888307e-10	0
6283185.307179586	3465.865865865866	2	-0.46162915760113554	1.834006219100087e-10	2
6283185.307179586	2046.6466466466468	1	-0.7595161034028896	-1.1557948487435123e-09	0
6283185.307179586	1914.4644644644645	2	0.14604392680816436	6.02123639103395e-10	0
6283185.307179586	662.2122122122122	1	-0.342418979760136	-3.8766331252829506e-10	2
6283185.307179586	2422.322322322322	3	-0.8746977052927736	-1.893376811554879e-09	0
6283185.307179586	1378.7787787787788	3	-0.015251786223551722	1.0489673234747752e-09	0
6283185.307179586	1274.4244244244244	2	0.08207870658855176	-1.8522787115474953e-09	0
6283185.307179586	2255.3553553553556	3	1.1980025208420977	-4.4056495162234737e-10	1
6283185.307179586	3605.005005005005	3	-0.19035757486494043	-2.0433979685754714e-10	2
6283185.307179586	2151.001001001001	1	0.11345466006884508	2.9146193519308234e-10	2
6283185.307179586	1733.5835835835837	2	-0.6893604064254476	-1.6997727003947377e-09	0
6283185.307179586	2561.4614614614616	2	-0.730511108427893	6.397955628884682e-10	0
6283185.307179586	1712.7127127127128	1	-1.062860508996808	-1.7836630381172816e-09	0
6283185.307179586	1531.8318318318318	3	-1.432157570358362	-4.872396649145782e-10	2
6283185.307179586	1295.2952952952953	1	1.5293232218434172	1.2007723506714536e-09	2
6283185.307179586	1921.4214214214214	2	-1.0492543157729686	5.210087217061118e-10	1
6283185.307179586	1990.9909909909911	2	-0.6755622202076973	-1.2699676374471913e-11	2
6283185.307179586	1796.1961961961963	3	-1.4482499552885328	5.960041901786659e-10	2
6283185.307179586	383.93393393393393	3	-1.3262427217224246	-9.819266801250218e-10	1
6283185.307179586	3090.19019019019	2	-0.44324996591223087	5.979512169623472e-10	0
6283185.307179586	1956.2062062062062	3	-1.5042837358307073	1.907963821727679e-09	2
6283185.307179586	1817.0670670670672	1	-1.386938269895199	-2.658427385903463e-10	1
6283185.307179586	975.2752752752752	3	0.9203297399585044	9.176109960957878e-10	1
6283185.307179586	1636.1861861861862	3	-0.9997284384057815	-1.6316994329635631e-09	0
6283185.307179586	2199.6996996997	2	-0.6603693563848912	1.1913396447386412e-09	0
6283185.307179586	613.5135135135135	2	-0.9215836293309558	-1.0845567712601862e-09	1
6283185.307179586	1810.11011011011	3	-0.4704812433616046	1.5617995438439879e-09	0
6283185.307179586	1956.2062062062062	1	-0.6237510473476665	1.3505345069233546e-09	0
6283185.307179586	1872.7227227227227	2	0.730345344633978	1.915491769066408e-09	0
6283185.307179586	2491.891891891892	3	-0.2898503286457239	-9.203284980581619e-10	0
6283185.307179586	2624.0740740740744	2	-0.0668496387420705	1.1300664448157176e-09	0
6283185.307179586	1497.047047047047	1	0.5357456578960087	-5.775591465961379e-10	1
6283185.307179586	1601.4014014014015	1	-1.3644397310676566	-1.5106626979964483e-09	2
6283185.307179586	2512.762762762763	3	0.17176180759009885	-1.1978853872809885e-09	0
6283185.307179586	1552.7027027027027	1	-1.5260845168819246	6.979389544564734e-10	1
6283185.307179586	1956.2062062062062	2	1.1653885078402246	1.3300294082073725e-09	0
6283185.307179586	1754.4544544544544	1	-0.05655559740314464	-1.035551536253053e-09	0
6283185.307179586	2992.792792792793	1	1.517627872156333	-6.213818290542377e-10	2
6283185.307179586	1177.027027027027	1	0.7233733515947827	3.077472333092979e-10	2
6283185.307179586	2644.944944944945	3	-1.3133029069149853	1.1216033203598544e-09	1
6283185.307179586	2199.6996996997	1	0.4000886966135677	-4.822731772675231e-10	1
6283185.307179586	2137.087087087087	2	-1.528492230359195	-6.386518249143686e-10	2
6283185.307179586	745.6956956956957	1	0.02778046568962922	3.4122419909519e-10	0
6283185.307179586	2171.871871871872	1	-0.554845734991285	4.3074467162332006e-10	1
6283185.307179586	1399.6496496496497	1	-0.8688461152399962	-2.724610745055851e-10	1
6283185.307179586	1691.8418418418419	3	-1.0971282047844841	1.0101748548055553e-10	2
6283185.307179586	1754.4544544544544	2	-0.10621640435941293	1.2563368692752836e-09	0
6283185.307179586	1093.5435435435436	2	1.27430824769027	-9.054127810810259e-10	1
6283185.307179586	2526.676676676677	1	-0.048034269989390754	1.4220647226876069e-09	0
6283185.307179586	2137.087087087087	2	0.9854951354751682	-1.509699060274876e-10	1
6283185.307179586	1705.755755755756	3	0.8745499556373817	1.8713846173717727e-09	0
6283185.307179586	1942.2922922922924	1	-0.23292355289251976	-1.8083559306958438e-09	0
6283185.307179586	1177.027027027027	2	1.1487375696604811	-2.743223861310048e-10	1
6283185.307179586	2533.6336336336335	1	-0.8400361062277285	-1.2976800417507929e-09	0
6283185.307179586	1559.6596596596596	1	0.2929927139016504	8.209337224318477e-10	0
6283185.307179586	1399.6496496496497	2	0.39239199449637074	-1.3689090766998927e-09	0
6283185.307179586	1003.1031031031031	2	0.5959065536359289	3.841410306504503e-10	1
6283185.307179586	2227.5275275275276	2	-1.1449931510798574	1.3183136971343127e-09	0
6283185.307179586	703.9539539539539	2	0.9688957476721987	1.7225712383143448e-09	0
6283185.307179586	2693.643643643644	3	0.19497673031082763	-1.490207998728849e-10	2
6283185.307179586	2011.8618618618618	2	1.2090830217037531	-1.6077094078184084e-09	0
6283185.307179586	634.3843843843844	3	-1.346014458039034	-1.1732441075161184e-09	2
6283185.307179586	1497.047047047047	1	0.9817761745925471	1.3907810215159528e-09	0
6283185.307179586	1573.5735735735736	1	-0.7198546197970465	-6.840003337732515e-10	2
6283185.307179586	1629.2292292292293	2	-0.8431982698915638	-2.3432580395414197e-10	2
6283185.307179586	655.2552552552553	3	0.8868735014642612	1.8970521877919665e-09	0
6283185.307179586	3458.908908908909	2	-0.0024170361319288958	3.0191835651764227e-10	0
6283185.307179586	2631.031031031031	1	-0.3574958969195585	-7.897353198856392e-10	0
6283185.307179586	2213.613613613614	2	0.7773693798432229	-1.4501470181379399e-09	0
6283185.307179586	1601.4014014014015	3	1.3754612050259922	-1.6740974068316798e-09	2
6283185.307179586	1030.930930930931	3	1.2456225588092193	-1.9460333228633474e-09	0
6283185.307179586	2554.5045045045044	1	-0.02556693656576603	1.2510636461402917e-09	0
6283185.307179586	1608.3583583583584	1	-1.205789807973628	1.5335649157434334e-10	1
6283185.307179586	1497.047047047047	1	0.61240383528534	1.330495474700514e-09	0
6283185.307179586	2422.322322322322	1	0.11840640264757707	-7.954373178730311e-10	0
6283185.307179586	1350.950950950951	3	1.039548479991327	-4.391204317053274e-10	2
6283185.307179586	2999.7497497497498	2	0.6999472266369269	3.301552281151272e-11	1
6283185.307179586	1629.2292292292293	1	0.49004641062925325	1.2713166388536936e-09	0
6283185.307179586	2004.904904904905	2	0.8975299682186542	-3.1344269301604785e-10	2
6283185.307179586	1775.3253253253254	2	0.8422339083398431	1.4563439394345519e-09	0
6283185.307179586	2213.613613613614	3	-1.5055997917354822	-4.744357331883884e-10	2
6283185.307179586	349.14914914914914	3	0.7523316074577453	-1.450177242110653e-09	0
6283185.307179586	1990.9909909909911	3	-1.5288746606780383	8.799509892298979e-10	2
6283185.307179586	1865.7657657657658	2	0.37863604757990843	8.921984658673472e-10	0
6283185.307179586	2665.8158158158158	1	-1.0434237338527081	7.61175958449444e-10	1
6283185.307179586	1997.947947947948	3	-0.7866682554529372	1.1642539436021732e-09	0
6283185.307179586	926.5765765765766	1	0.6566891713419309	1.7608456842999706e-09	0
6283185.307179586	947.4474474474474	3	-1.105044014070947	-1.7650681920992053e-09	0
6283185.307179586	1580.5305305305305	1	-0.30799620011143425	-3.3944069577166884e-10	2
6283185.307179586	912.6626626626627	1	0.009969393216201716	8.758882892316394e-10	0
6283185.307179586	1545.7457457457458	2	0.8019531576714996	-2.5186306682224653e-10	2
6283185.307179586	2387.5375375375374	2	0.777001646141378	8.981918607918362e-10	0
6283185.307179586	1343.993993993994	2	-0.8318780097023246	-7.085882167627524e-10	2
6283185.307179586	884.8348348348349	1	-0.9325805141828639	-6.34064395129173e-10	1
6283185.307179586	3250.2002002002005	3	-0.7478653477923239	-2.2417781055578566e-10	2
6283185.307179586	655.2552552552553	3	0.9219565869661746	4.919577155519721e-10	1
6283185.307179586	1114.4144144144145	2	0.013021355104570365	1.3116996558893703e-09	0
6283185.307179586	648.2982982982983	1	-0.19928421997760348	-1.199547995723973e-09	1
6283185.307179586	1552.7027027027027	1	1.3880366754788898	8.770614501349892e-10	2
6283185.307179586	1330.08008008008	3	-0.15739318155351278	-1.7639874708380697e-09	0
6283185.307179586	2686.6866866866867	3	-0.8445942396063731	-1.6708738608447062e-09	0
6283185.307179586	982.2322322322323	1	-0.34063114670395755	1.5911555082126982e-09	0
6283185.307179586	2262.3123123123123	1	0.2444683357764985	3.035798121883366e-10	2
6283185.307179586	2408.4084084084084	3	1.0034472341644576	-8.915942752621331e-10	0
6283185.307179586	1796.1961961961963	3	-1.4471954762164219	-1.343377628712319e-09	2
6283185.307179586	2895.3953953953956	2	0.1889098905623603	1.006954359972271e-09	0
6283185.307179586	1343.993993993994	3	-0.15579577447744497	-1.510275883020183e-09	0
6283185.307179586	2749.2992992992995	3	-0.6519373243052866	4.20251172509681e-11	2
6283185.307179586	1545.7457457457458	3	-0.3221067644825166	-1.2914240883618514e-09	0
6283185.307179586	1636.1861861861862	2	-0.14996229312483322	1.5955696949255137e-09	0
6283185.307179586	2387.5375375375374	3	1.410572241539069	-1.5435575431173896e-09	2
6283185.307179586	1142.2422422422424	3	-0.9614813622269902	5.990946841027484e-10	2
6283185.307179586	2046.6466466466468	3	-0.023392500822137396	9.95847407923367e-10	0
6283185.307179586	2644.944944944945	3	0.2879346543440169	9.281349403931526e-10	0
6283185.307179586	1211.8118118118118	2	-0.09840994914638168	-5.300062106368904e-10	1
6283185.307179586	1984.034034034034	1	0.0897624174700713	1.6012751271700725e-09	0
6283185.307179586	1531.8318318318318	2	0.33293984430784507	8.081798046342045e-10	0
6283185.307179586	1149.1991991991993	3	0.06269788698083589	-1.3855122887111328e-09	0
6283185.307179586	1552.7027027027027	3	1.2847275613275384	9.450619760542593e-10	2
6283185.307179586	1990.9909909909911	3	-0.42860011859229585	-1.482258841181336e-09	0
6283185.307179586	3284.984984984985	1	-0.7431220733229177	2.198053539939585e-11	1
6283185.307179586	2415.3653653653655	2	-0.6883882720709715	1.911182521535647e-09	0
6283185.307179586	2137.087087087087	1	1.0741045583879951	1.2505744366940644e-10	2
6283185.307179586	2832.7827827827828	1	1.5047685382666742	-5.522432542571596e-10	2
6283185.307179586	2429.2792792792793	2	1.1715597865238032	-4.0799949151914205e-10	2
6283185.307179586	3765.0150150150153	3	1.0197362752595684	6.112072393964999e-10	1
6283185.307179586	3403.253253253253	2	0.600023414476174	-1.4681905109250564e-09	0
6283185.307179586	1121.3713713713714	3	-0.41503281268382874	1.0597473569759108e-10	2
6283185.307179586	2213.613613613614	2	0.1780750636465771	-1.2363426370674657e-09	0
6283185.307179586	1970.1201201201202	2	0.8018592964255697	1.8662394538377448e-09	0
6283185.307179586	1698.7987987987988	3	-1.3005207611276255	-1.2538300798674906e-09	2
6283185.307179586	1754.4544544544544	3	-0.1450213553591857	1.3961768416179153e-09	0
6283185.307179586	530.03003003003	2	-1.3260149556289713	-1.5062646822857816e-10	1
6283185.307179586	3138.888888888889	1	0.5797350818115699	-1.0383411462256019e-09	0
6283185.307179586	376.97697697697697	1	-0.49339636524011166	-7.967802345901851e-10	0
6283185.307179586	1664.014014014014	2	-0.9162753824582238	6.676170998710414e-10	2
6283185.307179586	1705.755755755756	3	0.9640057925369332	8.717609782743554e-10	1
6283185.307179586	2067.5175175175173	3	0.39184750764958687	-4.65687926331578e-10	0
6283185.307179586	1747.4974974974975	3	1.0870212226656908	-5.038497310264566e-10	2
6283185.307179586	1719.6696696696697	3	0.3114877092496591	1.6504239283028286e-09	0
6283185.307179586	2825.825825825826	3	1.2893915575660024	-1.6128272272574616e-09	0
6283185.307179586	829.1791791791792	3	-1.0925481507127246	-6.018392176135956e-10	2
6283185.307179586	662.2122122122122	1	-0.15026248349303883	5.193049663297703e-10	0
6283185.307179586	2018.818818818819	1	1.1757080167293648	3.9635230652248714e-10	2
6283185.307179586	1128.3283283283283	1	-0.7907240160636945	-1.2555005671199026e-10	2
6283185.307179586	1984.034034034034	2	1.3466885950082563	-5.373956102021395e-10	2
6283185.307179586	1100.5005005005005	1	0.6096423225921366	1.538922308943963e-09	0
6283185.307179586	3584.1341341341345	2	0.5817311820891318	4.232874999493494e-10	1
6283185.307179586	2832.7827827827828	1	-0.02116180553196001	3.6648526351973004e-10	0
6283185.307179586	2227.5275275275276	3	0.9686941600216419	-9.12614161396681e-12	2
6283185.307179586	2672.772772772773	1	0.5930672833917856	1.413641468236983e-09	0
6283185.307179586	3444.994994994995	1	-0.527922583054226	1.3926087972266862e-09	0
6283185.307179586	1531.8318318318318	2	1.5651437819605394	-9.180181110460577e-10	1
6283185.307179586	1879.6796796796798	3	0.5655590279471361	3.8109758581701513e-10	1
6283185.307179586	1531.8318318318318	3	-1.4275011149623638	-1.4526276972739455e-09	2
6283185.307179586	1281.3813813813815	2	0.3398843321604845	1.3826541183751784e-10	1
6283185.307179586	1441.3913913913914	3	-0.05218838944994064	1.9980579161316695e-09	0
6283185.307179586	3180.6306306306305	2	1.5251891354258222	1.2089766894022934e-09	2
6283185.307179586	1225.7257257257259	1	1.0294698803560198	1.3161002091541813e-09	0
6283185.307179586	2311.011011011011	1	-0.47070900878919075	2.597025442673615e-10	2
6283185.307179586	1942.2922922922924	2	-0.7954183115717222	-6.583945338321807e-10	0
6283185.307179586	1900.5505505505505	1	0.6212570403446946	2.1195689167135044e-10	2
6283185.307179586	1879.6796796796798	3	0.7974236519563012	3.867102775728083e-10	1
6283185.307179586	1072.6726726726727	1	-0.9308330337062479	-2.324979721337877e-10	2
6283185.307179586	1984.034034034034	1	-0.38107778650753876	1.7663868119428431e-09	0
6283185.307179586	1462.2622622622623	3	1.4118840319370691	1.8642656617317083e-09	1
6283185.307179586	1149.1991991991993	2	0.6981220309295377	-1.1179256457432088e-09	0
6283185.307179586	2554.5045045045044	2	0.11970516506216589	-1.3441687330562715e-09	0
6283185.307179586	1427.4774774774776	1	1.0888409928398572	9.102305427390622e-10	1
6283185.307179586	724.8248248248249	1	1.0463424347388117	-1.965814551264389e-09	0
6283185.307179586	2791.041041041041	3	-1.3771678806319394	-3.250845476022839e-10	2
6283185.307179586	905.7057057057058	1	0.4761037562872934	3.6484400352312786e-10	0
6283185.307179586	1844.8948948948948	1	-0.6041779964324813	5.83753902594996e-10	0
6283185.307179586	1337.0370370370372	3	-1.2945538749046854	-6.347082937686874e-10	2
6283185.307179586	2756.256256256256	1	0.2642165395823892	-1.4721535485741342e-10	2
6283185.307179586	884.8348348348349	3	-1.1549553637408665	1.8677168427245123e-09	1
6283185.307179586	1573.5735735735736	1	0.4643107649987437	7.397073219922349e-11	2
6283185.307179586	1211.8118118118118	1	-1.1559349755194779	-1.3479636386546487e-09	2
6283185.307179586	1211.8118118118118	3	-0.48401443082096796	-1.9604794977432582e-09	0
6283185.307179586	2206.6566566566567	2	-0.9195462498080208	-1.307491622837282e-09	0
6283185.307179586	2484.934934934935	1	1.118814176048987	1.7133829372955892e-09	0
6283185.307179586	1044.8448448448448	1	1.3377726208342913	6.020958380656012e-10	2
6283185.307179586	1218.7687687687687	3	-0.3363295298735167	-1.999685450142035e-09	0
6283185.307179586	1510.960960960961	3	1.1554125473364771	-1.9248277601927445e-09	0
6283185.307179586	1935.3353353353355	3	-0.9943855426779853	-1.883510533678708e-09	0
6283185.307179586	1705.755755755756	2	-0.9232037609038884	4.835999062090959e-10	2
6283185.307179586	2130.13013013013	2	0.9348200956843922	-6.700203679736746e-11	1
6283185.307179586	1615.3153153153153	2	-0.980319915633664	-9.615435295204869e-10	0
6283185.307179586	1517.917917917918	2	-0.934920684459374	-8.238580821985094e-10	0
6283185.307179586	1316.1661661661662	2	1.4069236433355496	-2.7578493487576514e-10	2
6283185.307179586	2777.127127127127	1	-0.08657169770001749	9.997817472428736e-10	0
6283185.307179586	2060.5605605605606	3	0.5243599607908305	2.4569360897864904e-10	2
6283185.307179586	2811.911911911912	2	1.2622185556753687	-6.34238544597312e-11	2
6283185.307179586	2415.3653653653655	3	-1.102049726198766	-9.044678738315342e-10	0
6283185.307179586	2039.6896896896897	3	1.3303497294817443	-1.1404307762817916e-09	2
6283185.307179586	968.3183183183183	3	0.3954742352045213	3.855214603615979e-10	2
6283185.307179586	1754.4544544544544	2	0.7436919905033879	-1.4039398441724096e-09	0
6283185.307179586	2811.911911911912	1	1.5460779539666287	-7.77988143858375e-11	2
6283185.307179586	2742.3423423423424	2	-0.4883147822259035	-9.777822680567158e-10	0
6283185.307179586	1371.821821821822	1	-0.8215638765470615	9.590369901055475e-10	0
6283185.307179586	2144.0440440440443	2	1.5493010135109162	1.036397761249868e-09	2
6283185.307179586	1900.5505505505505	2	0.3857659729187224	-9.498063041375416e-10	0
6283185.307179586	3083.2332332332335	3	0.32213841066681836	2.2698457495077178e-11	2
6283185.307179586	1350.950950950951	3	-1.3592921363673658	-1.976554193526062e-09	1
6283185.307179586	1921.4214214214214	2	-1.4076052557527603	-1.9119218715197082e-09	2
6283185.307179586	1469.2192192192192	1	-1.4841262251306653	-1.6493214015547243e-09	1
6283185.307179586	1754.4544544544544	2	-1.2514048812172538	1.9204726766522032e-09	0
6283185.307179586	2157.957957957958	2	0.9040747635889121	-1.5357880949856042e-09	0
6283185.307179586	2811.911911911912	3	0.5715526344085857	1.2013134158545606e-09	0
6283185.307179586	2721.4714714714714	1	0.8987613046733771	-9.292866486294647e-10	0
6283185.307179586	1371.821821821822	2	-1.167274750596657	1.3296109114183005e-09	0
6283185.307179586	2707.5575575575576	1	0.4399424453907952	3.716973101757168e-10	1
6283185.307179586	1552.7027027027027	3	-0.7889343397054868	-1.2448998210104666e-09	0
6283185.307179586	3744.1441441441443	3	-0.5929583439149153	-1.150686604028251e-09	0
6283185.307179586	2394.4944944944946	3	-0.01546046714743321	-3.750479889387761e-10	0
6283185.307179586	2505.805805805806	3	0.8117645785395893	1.0523553717641162e-09	0
6283185.307179586	3479.77977977978	1	-0.7858977405865463	-1.1382943451318683e-09	0
6283185.307179586	1886.6366366366367	2	-0.4844728465236572	-3.6420665105475753e-10	2
6283185.307179586	2025.7757757757759	1	-0.28364283385885347	6.410131800949195e-10	0
6283185.307179586	1608.3583583583584	1	1.1182594892043514	1.169195011198648e-09	0
6283185.307179586	1149.1991991991993	2	-1.1313275669224834	-1.722473466236188e-09	0
6283185.307179586	2241.4414414414414	1	-0.9533544766765089	-9.334168324633799e-10	0
6283185.307179586	1865.7657657657658	3	1.3389275666944176	2.403300323958485e-10	2
6283185.307179586	1177.027027027027	1	-1.5126154949024964	-1.4451962099129965e-09	2
6283185.307179586	752.6526526526527	3	0.03566420157023242	6.715909093129945e-10	0
6283185.307179586	752.6526526526527	3	0.06487046697909649	-1.9889503144493005e-09	0
6283185.307179586	1942.2922922922924	2	1.0665065928701551	-8.436510607035616e-10	1
6283185.307179586	2631.031031031031	1	-1.3209466346117653	1.4082231356405872e-09	1
6283185.307179586	2164.914914914915	1	-1.4085553912984075	-6.116513580537366e-10	2
6283185.307179586	1677.927927927928	1	-0.340699301946096	-5.072987605282458e-10	2
6283185.307179586	1914.4644644644645	2	-1.4970194349013692	6.301881565065991e-10	1
6283185.307179586	954.4044044044044	1	-0.8788589816903417	-6.602383919535267e-10	2
6283185.307179586	1893.5935935935936	2	0.2581289273763301	-7.759320721925698e-10	0
6283185.307179586	3778.928928928929	1	0.5898313094810441	-3.110200857035203e-10	1
6283185.307179586	1650.1001001001002	2	0.6800608632154033	6.898787713768518e-10	0
6283185.307179586	550.900900900901	2	1.1804623062456927	-1.2462371397270485e-09	2
6283185.307179586	2304.054054054054	2	0.05685852770391486	-1.660858265045768e-09	0
6283185.307179586	2060.5605605605606	2	-1.4810144346756071	1.5481426809813575e-09	2
6283185.307179586	1295.2952952952953	1	1.370615588794704	9.238592070602491e-10	2
6283185.307179586	2324.924924924925	2	1.5466166479664478	-2.639139715993201e-11	1
6283185.307179586	1010.0600600600601	2	-1.4528091869412956	9.884297346276449e-10	2
6283185.307179586	1712.7127127127128	3	1.4329383150799404	2.8709248452772567e-10	1
6283185.307179586	2157.957957957958	3	1.104384176432875	-8.602883276364897e-10	1
6283185.307179586	2352.7527527527527	1	-0.2883598782678527	4.3437342085347457e-10	0
6283185.307179586	1504.004004004004	3	1.043103992896044	-1.6993092164934859e-09	0
6283185.307179586	1601.4014014014015	3	-0.1365482207104729	9.238098714514182e-10	0
6283185.307179586	530.03003003003	3	-0.6125926305102551	-1.651096369176088e-09	0
6283185.307179586	2102.3023023023025	2	-0.2981712530552534	1.1796590118505374e-09	0
6283185.307179586	2575.3753753753754	1	-0.7816549928188399	-1.186864108453866e-09	0
6283185.307179586	1664.014014014014	3	-1.2718804654572011	1.4214259096121184e-09	1
6283185.307179586	2039.6896896896897	2	0.3680267308598322	9.278547899335694e-10	0
6283185.307179586	1629.2292292292293	3	0.2720148911592415	1.5207688160289466e-09	0
6283185.307179586	2199.6996996997	2	0.06577987705613686	-5.522920657605677e-10	0
6283185.307179586	1281.3813813813815	3	-1.0008421033502972	1.5369027581606889e-10	2
6283185.307179586	2422.322322322322	1	-0.9163755067714264	-1.779138268454434e-09	0
6283185.307179586	1559.6596596596596	1	0.045664681278522856	-4.019609774907066e-12	0
6283185.307179586	2498.848848848849	2	-1.1685811637731158	3.399296692116812e-10	1
6283185.307179586	1309.2092092092093	2	0.480076494489142	7.407006755255694e-10	0
6283185.307179586	1775.3253253253254	3	-1.187055883284858	-6.033016306072426e-10	2
6283185.307179586	1065.7157157157158	3	-0.04715619276451455	-1.553340676172238e-09	0
6283185.307179586	3438.038038038038	3	-1.3855108100661808	1.407145350759391e-09	1
6283185.307179586	1413.5635635635635	3	0.0022929088141887544	1.3071465322851163e-09	0
6283185.307179586	2610.16016016016	2	-1.564931173352913	-8.596923420901957e-10	1
6283185.307179586	1364.864864864865	2	0.470279281943875	1.3300834860450432e-09	0
6283185.307179586	2324.924924924925	3	0.8129888283580353	9.150224084655839e-10	0
6283185.307179586	2338.838838838839	1	-1.5081104476290421	-9.316405136445978e-10	1
6283185.307179586	884.8348348348349	2	1.520604345792779	1.2179787478711638e-09	1
6283185.307179586	2060.5605605605606	2	-1.1913258027126787	1.6602347307226456e-09	0
6283185.307179586	2317.967967967968	2	1.46002112676966	-4.692351814257427e-10	2
6283185.307179586	3006.706706706707	2	-0.6997275758797035	-1.0381443675873056e-09	0
6283185.307179586	2227.5275275275276	1	-1.2461097964129766	7.22560959044947e-10	2
6283185.307179586	2498.848848848849	1	1.471158971454659	-1.1880447491224352e-09	2
6283185.307179586	2443.193193193193	3	0.02930146144571566	9.18548470473811e-10	0
6283185.307179586	1719.6696696696697	2	-0.005161343081778957	1.163132259116974e-09	0
6283185.307179586	1977.077077077077	1	1.127453595740581	-6.773764765555916e-10	2
6283185.307179586	1740.5405405405406	1	1.1292034673170335	-3.257406681549985e-10	2
6283185.307179586	2450.1501501501502	2	-0.5932658357698626	-1.2395055289308212e-09	0
6283185.307179586	1650.1001001001002	1	0.4116856781046032	-1.5264651774996634e-09	0
6283185.307179586	1476.176176176176	3	0.2503793333386781	-6.867776851390239e-10	0
6283185.307179586	1281.3813813813815	2	-0.09383757733174991	6.845161381827932e-10	0
6283185.307179586	4370.27027027027	3	-0.9848104794099427	-3.7978384609959453e-10	2
6283185.307179586	1803.1531531531532	1	1.0667863548532353	-3.613893780839038e-10	2
6283185.307179586	2081.4314314314315	2	1.37784188669412	-1.73376884629222e-09	2
6283185.307179586	2408.4084084084084	1	-0.4139945091592492	-4.846572366958721e-10	1
6283185.307179586	2415.3653653653655	1	-0.12567365382267504	-7.55378448334859e-10	0
6283185.307179586	1170.0700700700702	1	-0.536506282652903	-1.4466878480687122e-09	0
6283185.307179586	1316.1661661661662	1	-0.9606815289541084	1.8122379361914622e-09	0
6283185.307179586	2178.828828828829	1	-1.0934439949027162	-1.4162118453042294e-09	0
6283185.307179586	905.7057057057058	2	-0.1287095790880779	-5.366653994895199e-10	2
6283185.307179586	2804.954954954955	1	-0.05545447901100098	-1.2086097572328693e-09	0
6283185.307179586	3980.680680680681	2	-0.6001212574524191	-9.3779450177753e-10	0
6283185.307179586	2471.021021021021	3	-0.03570081067595532	-6.75539795797978e-10	0
6283185.307179586	1754.4544544544544	1	1.1857448768457703	-1.654176375579137e-10	2
6283185.307179586	2408.4084084084084	3	-1.196371349839454	7.547872498196308e-10	2
6283185.307179586	2060.5605605605606	2	1.4011356507811525	-7.989377863321732e-11	1
6283185.307179586	349.14914914914914	1	0.3726909953151798	1.6748280966105264e-09	0
6283185.307179586	2157.957957957958	1	-1.1682943416888925	-7.042352833796874e-10	1
6283185.307179586	2665.8158158158158	1	-0.41937608880772625	-1.9529464657683894e-09	0
6283185.307179586	2540.5905905905906	1	-1.2919503678727007	-6.401856132974508e-10	1
6283185.307179586	1782.2822822822823	2	1.0309305071611323	-1.1319455564071386e-09	0
6283185.307179586	2749.2992992992995	2	-0.30634364505932377	1.1850405612686249e-09	0
6283185.307179586	1079.6296296296296	2	-1.0000881039656795	-1.937952102062685e-09	0
6283185.307179586	3284.984984984985	3	-0.636666672158467	1.8005595957479332e-09	0
6283185.307179586	1761.4114114114116	3	0.9221671661973057	1.4126899625061015e-09	0
6283185.307179586	2860.610610610611	2	-0.39647752139851766	9.265147952466279e-10	0
6283185.307179586	2471.021021021021	1	0.06074775827441847	-9.933499725843022e-10	0
6283185.307179586	1510.960960960961	1	0.9777850690642143	-8.950429622405235e-10	2
6283185.307179586	1587.4874874874874	3	1.3078486787849446	1.945981018166481e-09	1
6283185.307179586	1204.854854854855	3	-0.013870804028254247	-1.0371198800809914e-09	0
6283185.307179586	1970.1201201201202	1	0.10939946342865858	-1.8570745196090655e-09	0
6283185.307179586	1114.4144144144145	1	-1.5427398969155568	-9.975645884142904e-10	2
6283185.307179586	975.2752752752752	3	-1.320808798713428	-1.811716657716267e-09	1
6283185.307179586	1448.3483483483483	2	0.7966236489778749	6.079660193638207e-10	2
6283185.307179586	1469.2192192192192	1	1.2316990276655062	-1.5960514841625067e-09	1
6283185.307179586	1267.4674674674675	2	1.0737299768940156	-8.170645563915593e-10	2
6283185.307179586	738.7387387387388	3	1.0189590088842477	-1.8023665775780813e-09	0
6283185.307179586	2130.13013013013	2	-1.4932958321184022	-4.2902679331459263e-10	1
6283185.307179586	1114.4144144144145	1	-0.2876507237492967	-1.883882660219922e-09	0
6283185.307179586	2373.6236236236236	1	0.12501574474920063	3.424695294726055e-10	1
6283185.307179586	1204.854854854855	1	-1.506934549743239	1.5652208968904688e-09	1
6283185.307179586	2888.4384384384384	1	1.4954393468352212	1.6627333590980197e-09	2
6283185.307179586	2345.795795795796	2	-0.3954533002103495	-1.0094119352316043e-09	0
6283185.307179586	2978.878878878879	1	0.1343078879890922	6.207494917236673e-10	0
6283185.307179586	1726.6266266266266	1	1.113798266146918	1.8616277673554565e-09	0
6283185.307179586	1343.993993993994	3	-0.13051475178307714	5.607586819536467e-10	2
6283185.307179586	1343.993993993994	1	0.03807168994401633	-9.92713833958686e-10	0
6283185.307179586	1044.8448448448448	1	-0.38928395405288496	8.478326301256676e-10	0
6283185.307179586	696.996996996997	2	-0.673667687487805	1.166846268748611e-09	0
6283185.307179586	1044.8448448448448	3	-1.5603138462106774	-1.183220738345749e-09	1
6283185.307179586	759.6096096096096	2	1.4781607128055247	9.395961190249865e-10	1
6283185.307179586	3166.7167167167167	1	0.653866473254793	-9.025416947409486e-10	0
6283185.307179586	1608.3583583583584	2	-0.009813807949714315	-3.8829758221940703e-10	0
6283185.307179586	2429.2792792792793	1	-0.9796854571383617	-4.727075730306881e-10	2
6283185.307179586	390.8908908908909	2	-0.24792922198592415	9.21376366350976e-10	2
6283185.307179586	1657.0570570570571	3	-1.4883240646613876	1.5911123498020625e-09	2
6283185.307179586	1524.8748748748749	1	-1.5112016632672352	7.91755393602181e-11	2
6283185.307179586	1733.5835835835837	2	-1.0749355414966855	4.829832058931024e-10	2
6283185.307179586	1872.7227227227227	2	-0.36323247017669424	-1.3781792590555503e-09	0
6283185.307179586	2540.5905905905906	1	1.0832922105721554	-1.7035603182109964e-09	0
6283185.307179586	2241.4414414414414	2	0.24168950018498525	9.253421941549419e-10	0
6283185.307179586	912.6626626626627	3	0.019213584180874488	8.963279314362962e-10	0
6283185.307179586	1128.3283283283283	1	1.4842358489976446	5.136676362291464e-10	2
6283185.307179586	606.5565565565565	1	-0.8682410327034269	1.137991935459813e-09	0
6283185.307179586	2651.901901901902	1	-0.6230148557130163	1.0354135442053104e-09	0
6283185.307179586	2505.805805805806	3	0.11346652925098066	-1.6928216944792821e-09	0
6283185.307179586	954.4044044044044	2	0.48177115930367487	6.407514745176064e-10	2
6283185.307179586	1629.2292292292293	1	0.6315360526178986	3.0638258903517414e-10	2
6283185.307179586	731.7817817817818	1	-0.9755850044570401	-1.9280143368712817e-10	2
6283185.307179586	1211.8118118118118	2	0.3100505725300027	1.4115860951581906e-09	0
6283185.307179586	2561.4614614614616	3	-1.4098557461641392	-8.712543658852884e-10	2
6283185.307179586	1524.8748748748749	1	-0.9680544012943028	-1.886804785201184e-09	0
6283185.307179586	2547.5475475475478	1	1.4209010258152337	-1.1303137748672412e-09	2
6283185.307179586	1128.3283283283283	2	1.5185391432110622	-1.3246455572578748e-09	1
6283185.307179586	1538.788788788789	3	0.5787170923817961	-1.7018882877444425e-09	0
6283185.307179586	1566.6166166166167	2	-1.1949227954922845	4.719249464736506e-10	1
6283185.307179586	954.4044044044044	3	-1.0265344585690408	-1.7774385680431664e-09	0
6283185.307179586	1156.1561561561562	2	0.2770978682371068	-1.7997159615030447e-09	0
6283185.307179586	1865.7657657657658	3	1.0999171848051197	-1.5358492711279537e-09	0
6283185.307179586	1364.864864864865	2	-0.46575301264326785	1.9369609563223993e-09	0
6283185.307179586	1761.4114114114116	2	-0.9682942551115797	8.370039138662543e-10	0
6283185.307179586	1629.2292292292293	2	-0.9931536868352248	-1.0441198028056792e-09	0
