axial trapping frequency (MHz) 	 velocity(m/s) 	 ion collided with 	 angle(rads) 	 collision offset(m) 	 reorder? (1 is reorder 2 is ejection) 
6283185.307179586	3737.187187187187	3	-0.4519635742244956	-7.371991775883702e-10	0
6283185.307179586	696.996996996997	3	-0.9092997641101844	1.074200072509697e-09	0
6283185.307179586	2665.8158158158158	2	0.16595212787150904	5.190189709527502e-10	0
6283185.307179586	2206.6566566566567	1	1.1357637800848668	-1.2067530080931288e-10	2
6283185.307179586	2735.3853853853852	2	1.0820530095175331	1.4830989765092775e-09	0
6283185.307179586	1476.176176176176	1	-1.163587624802521	1.1561742121970427e-09	1
6283185.307179586	2185.7857857857857	3	0.7382265454392933	-1.916437702797557e-09	0
6283185.307179586	1601.4014014014015	2	1.0293573272783214	-1.5757763825221979e-09	0
6283185.307179586	829.1791791791792	3	0.06809500564643822	-1.4637045720371385e-09	0
6283185.307179586	620.4704704704704	1	0.5384773803727736	-1.289917393247979e-09	0
6283185.307179586	2185.7857857857857	3	-0.80225569324161	-1.025366230877117e-09	0
6283185.307179586	912.6626626626627	3	0.5948587022537914	-1.3574512650774496e-09	2
6283185.307179586	829.1791791791792	1	0.42746936809959424	2.6630147658859236e-11	0
6283185.307179586	2366.6666666666665	1	-0.15941073999782018	5.123016879165755e-10	0
6283185.307179586	3159.75975975976	3	0.1609881385596137	-5.087042299459358e-10	0
6283185.307179586	1371.821821821822	2	0.03889996511498883	-1.2776081036019215e-10	0
6283185.307179586	2811.911911911912	2	-0.01480668325930301	9.233612537168852e-10	0
6283185.307179586	3062.3623623623625	1	1.240627997240296	1.5538862460699023e-09	0
6283185.307179586	411.76176176176176	3	-0.27174474690082784	1.891683033001938e-09	0
6283185.307179586	2338.838838838839	2	-1.0058599629508316	-1.9049158500583783e-09	0
6283185.307179586	1100.5005005005005	2	1.066640628064897	-1.543070340511806e-09	0
6283185.307179586	1984.034034034034	1	1.0167526558428888	9.108509473647902e-10	2
6283185.307179586	1364.864864864865	3	-1.199242723962199	-8.662392741332825e-11	2
6283185.307179586	1510.960960960961	3	0.7531062623653928	-1.4584256259288892e-09	0
6283185.307179586	1427.4774774774776	3	-0.03834963708274519	2.5583208466325934e-11	0
6283185.307179586	613.5135135135135	2	-0.714478972114582	2.601543618700268e-10	1
6283185.307179586	1747.4974974974975	1	-1.0353024269243183	1.0695754651583165e-09	1
6283185.307179586	2157.957957957958	2	1.441415729355355	-9.561247150577157e-10	2
6283185.307179586	1197.897897897898	2	0.7180693188879834	9.215078994705608e-10	0
6283185.307179586	349.14914914914914	1	0.44023777362199645	1.3991583702581477e-09	0
6283185.307179586	1650.1001001001002	1	-0.6973722087367461	-1.923982448793257e-09	0
6283185.307179586	1163.113113113113	1	0.6184839179612514	-1.9144227456061284e-10	0
6283185.307179586	3187.5875875875877	2	0.24170094958818722	5.8131059743286e-11	0
6283185.307179586	1594.4444444444446	3	0.02993291431769074	3.473826032268569e-10	0
6283185.307179586	1531.8318318318318	2	0.2596915767096164	-1.781915634548688e-09	0
6283185.307179586	1907.5075075075076	2	1.1037134644189344	1.369688039656625e-09	0
6283185.307179586	1281.3813813813815	3	0.8959590350079609	1.4507136888648083e-09	0
6283185.307179586	2220.5705705705705	1	-0.616984702387297	1.4254038589602277e-09	0
6283185.307179586	3215.4154154154153	1	-1.1915636025691259	-1.4109483644438332e-09	0
6283185.307179586	1302.2522522522522	1	-0.150875454520925	-1.7162488650590408e-09	0
6283185.307179586	808.3083083083084	3	0.57318608009103	-1.5102197285725543e-09	2
6283185.307179586	2018.818818818819	2	0.2600377270216052	-4.3813247112947093e-10	1
6283185.307179586	3931.9819819819822	2	-0.211299728427637	-4.910473460537821e-10	0
6283185.307179586	1531.8318318318318	1	1.3481074868530158	-5.844647208237449e-10	2
6283185.307179586	1622.2722722722724	1	-1.5272770780052825	-4.079647929686188e-12	1
6283185.307179586	2568.4184184184187	3	1.2233626697879156	-8.179586735702801e-10	2
6283185.307179586	2777.127127127127	2	-1.1979904276863826	-2.8143007183183906e-10	2
6283185.307179586	1163.113113113113	1	1.018383721403084	-1.585045657972283e-09	0
6283185.307179586	1580.5305305305305	3	0.6206267234715388	-1.6585800240369788e-09	0
6283185.307179586	1371.821821821822	2	-0.2849566082623476	-1.8823125718172587e-09	0
6283185.307179586	1824.0240240240241	2	-0.12824900192409516	-3.860558080198832e-10	0
6283185.307179586	1427.4774774774776	1	-0.9692189143851991	-1.4288032604111806e-09	0
6283185.307179586	1065.7157157157158	2	0.1741171932772585	1.649534772016032e-09	0
6283185.307179586	1552.7027027027027	3	-0.967094914681258	-1.9547852331806514e-09	0
6283185.307179586	1434.4344344344345	2	0.5033283471750756	-1.2241646471618367e-09	0
6283185.307179586	1608.3583583583584	1	-0.47405050902422996	-1.3578767580601108e-10	0
6283185.307179586	2234.4844844844847	3	-0.475710290634914	-1.5973901508927045e-09	0
6283185.307179586	2004.904904904905	3	-1.431900764479396	1.968187698224932e-09	1
6283185.307179586	975.2752752752752	3	-0.9293251791988117	6.167601761443207e-10	0
6283185.307179586	2004.904904904905	2	-1.4515979040274516	-5.363077576897881e-10	1
6283185.307179586	1963.1631631631633	2	-1.2636698239427182	4.64329648515866e-10	2
6283185.307179586	1900.5505505505505	3	1.156216075414168	-1.2463875815737453e-09	2
6283185.307179586	2206.6566566566567	1	-0.5300644093488676	3.3614836647285255e-10	1
6283185.307179586	613.5135135135135	2	1.0941196582178363	1.6024224351274194e-09	0
6283185.307179586	717.8678678678679	3	0.3811011257252521	-2.3001335383866062e-10	0
6283185.307179586	2923.223223223223	2	1.0183509763942893	-6.011648940485053e-10	2
6283185.307179586	1093.5435435435436	1	-0.9636210772427212	-1.0046568764190967e-09	0
6283185.307179586	1448.3483483483483	1	-0.35371030336106735	-1.8739418680501286e-09	0
6283185.307179586	3681.5315315315315	2	-1.197483564415292	6.602025638725214e-10	1
6283185.307179586	1726.6266266266266	2	0.23195924171542814	1.9463714934694916e-10	0
6283185.307179586	2624.0740740740744	3	-0.11402380440640214	7.764244153381552e-10	0
6283185.307179586	2269.2692692692694	3	0.8664735125432914	4.357699906621612e-10	0
6283185.307179586	1497.047047047047	1	1.1386393956016394	1.697318652304472e-09	1
6283185.307179586	2074.474474474475	1	0.17001343236441624	6.735243869560526e-10	0
6283185.307179586	2672.772772772773	1	-1.3988764141722174	1.91961032949205e-10	2
6283185.307179586	1928.3783783783783	2	-0.7315298838074167	-1.8318621905057862e-10	2
6283185.307179586	2902.352352352352	2	1.1066897836021448	-3.9652635118182246e-10	2
6283185.307179586	3507.607607607608	2	0.08182223744709338	-1.4539865668936693e-10	0
6283185.307179586	822.2222222222223	3	-0.7664809488566083	-1.608896744799445e-09	2
6283185.307179586	1608.3583583583584	2	-0.05909482415684786	1.7302517014468258e-09	0
6283185.307179586	2046.6466466466468	2	-1.2730214324885956	-1.6790043248166941e-09	0
6283185.307179586	975.2752752752752	1	-0.533720292651658	6.267263647894542e-10	0
6283185.307179586	703.9539539539539	3	-0.31196553661067905	8.405511320798594e-10	0
6283185.307179586	1378.7787787787788	1	0.6765723509949773	-1.7190802500835882e-09	0
6283185.307179586	1824.0240240240241	2	-1.1322239073752012	6.470745963290607e-10	1
6283185.307179586	1872.7227227227227	1	-0.4822842282249953	1.1478918663335704e-09	0
6283185.307179586	1003.1031031031031	2	1.293921039911964	1.7875419611218942e-09	1
6283185.307179586	2311.011011011011	3	0.519865837815567	-5.745904601147283e-10	2
6283185.307179586	1677.927927927928	2	-1.3477491803982566	-1.2753013330315227e-09	2
6283185.307179586	1670.970970970971	1	-1.0984135694978974	-1.2136851098107325e-09	0
6283185.307179586	1281.3813813813815	2	0.14242560323549425	1.2967742649242043e-09	0
6283185.307179586	2164.914914914915	2	0.8413210247028129	1.9967227724432333e-09	0
6283185.307179586	836.1361361361362	2	0.48438354194805733	1.066655912367632e-09	0
6283185.307179586	2095.3453453453453	1	-1.181864604568779	7.367471014028974e-10	2
6283185.307179586	815.2652652652653	2	-0.7232980421986511	-1.053217483559826e-09	0
6283185.307179586	2171.871871871872	3	-0.929978726254392	1.0379028326333563e-09	0
6283185.307179586	2227.5275275275276	1	-1.093058249073768	-1.4165308025594218e-09	0
6283185.307179586	1448.3483483483483	2	-1.2165183774206303	-1.969901608337805e-09	0
6283185.307179586	2457.1071071071074	1	1.234159408866256	-1.8194065168941411e-09	0
6283185.307179586	1949.2492492492493	2	-0.440872794849932	-1.1370859142341426e-09	0
6283185.307179586	2074.474474474475	2	-0.6545673408314863	1.9370514314435964e-09	0
6283185.307179586	2450.1501501501502	1	0.24381291924661253	1.6213439738832774e-09	0
6283185.307179586	2373.6236236236236	3	0.04915366023164758	-6.72692171179973e-10	0
6283185.307179586	1963.1631631631633	1	-0.40867376369419195	-9.490813633355885e-10	0
6283185.307179586	815.2652652652653	3	-1.0708535571004993	8.260829970109442e-11	0
6283185.307179586	2693.643643643644	1	-0.2314870683145389	-1.976852356626344e-09	0
6283185.307179586	293.4934934934935	1	-1.3003025821577767	1.4089643025322726e-09	0
6283185.307179586	1851.851851851852	3	0.09266520400726841	-2.856081107886874e-10	0
6283185.307179586	2902.352352352352	2	0.5688676066860174	4.3905596753444505e-10	1
6283185.307179586	2491.891891891892	1	-1.0814378977390273	4.832848648723355e-10	1
6283185.307179586	3535.4354354354355	1	-0.3200347455565007	-4.145613922601737e-10	0
6283185.307179586	1413.5635635635635	3	0.3835950493564917	-1.3894803384164391e-09	0
6283185.307179586	843.0930930930931	1	-0.14348407801638352	1.4975575095545577e-09	0
6283185.307179586	905.7057057057058	2	0.7649333279413737	8.825490185387257e-10	0
6283185.307179586	2255.3553553553556	1	-0.8950282932625678	8.941471386315731e-12	1
6283185.307179586	1963.1631631631633	2	-0.43108764626126495	-1.6093388430488878e-09	0
6283185.307179586	2304.054054054054	2	-0.09978777517942428	-8.52849424253064e-12	0
6283185.307179586	1323.1231231231232	2	-0.9460715284333493	1.4748084341582982e-09	0
6283185.307179586	1309.2092092092093	3	-0.21289129304021226	-4.2439363018908734e-10	0
6283185.307179586	1824.0240240240241	2	0.6513555756031844	3.0998204207070624e-11	1
6283185.307179586	863.963963963964	3	-0.32195560082281705	6.441295252790409e-10	0
6283185.307179586	606.5565565565565	3	1.5411451408098436	1.6369709397952848e-09	1
6283185.307179586	2352.7527527527527	1	1.2452428592293603	-2.91095665292629e-10	2
6283185.307179586	2109.259259259259	2	1.4665138364937929	1.292767182084381e-10	1
6283185.307179586	1337.0370370370372	2	1.3819192153208286	4.212442925234021e-10	2
6283185.307179586	676.1261261261261	1	0.6898853283506683	-1.2033658462429844e-09	0
6283185.307179586	2916.2662662662665	3	-0.6054481775887612	-1.3444150038178557e-09	0
6283185.307179586	1260.5105105105106	1	0.7701749283292498	6.946776910666533e-10	2
6283185.307179586	1928.3783783783783	2	1.3919677972882663	1.7199054687408586e-09	2
6283185.307179586	1483.1331331331332	3	-1.443502867555736	-8.700623504990218e-10	1
6283185.307179586	1378.7787787787788	2	-1.4483309469476717	-8.775777116173785e-10	1
6283185.307179586	432.63263263263264	2	1.2004007136111916	4.0950963878993756e-10	1
6283185.307179586	1789.2392392392394	2	-1.2474829482318157	-1.9849864865770994e-09	0
6283185.307179586	710.910910910911	3	1.2696785082672188	5.356689817521088e-10	0
6283185.307179586	724.8248248248249	2	-0.7421040452889446	-6.630333501864839e-10	1
6283185.307179586	2853.6536536536537	3	1.3038873472604742	-1.7257427459168793e-09	0
6283185.307179586	2116.2162162162163	1	-0.5427238821499352	5.390060921438461e-10	1
6283185.307179586	2881.4814814814818	1	-1.0560417016367687	-1.539591612916178e-09	0
6283185.307179586	2554.5045045045044	3	-0.7354902423886394	-4.4132840662343893e-10	2
6283185.307179586	2192.742742742743	1	-0.2734251497828861	1.3159612662748804e-09	0
6283185.307179586	2937.1371371371374	3	0.24453394405625728	1.517657485629909e-10	2
6283185.307179586	1830.980980980981	2	0.3726302228640028	-8.817199426325435e-10	0
6283185.307179586	1830.980980980981	2	-0.18300153644341677	1.4054309392549773e-09	0
6283185.307179586	1810.11011011011	2	1.3486662000262726	-3.7276050681888325e-10	1
6283185.307179586	1977.077077077077	1	-1.3837391912713366	1.1871462452612415e-09	2
6283185.307179586	2596.2462462462463	1	-0.728973314230986	-1.0745800828684963e-09	0
6283185.307179586	1733.5835835835837	1	-0.11314943815523604	-1.0130939399862308e-09	0
6283185.307179586	258.70870870870874	2	0.018183310965334876	1.3803314279637583e-09	0
6283185.307179586	1462.2622622622623	1	-0.1492426976562875	9.62951162518708e-10	0
6283185.307179586	1337.0370370370372	2	-0.12508648765548092	-1.3415112754172111e-09	0
6283185.307179586	1705.755755755756	3	0.9049558557324859	-1.1324586869671408e-09	2
6283185.307179586	1406.6066066066066	2	-1.3856569733902895	6.117360621138828e-10	1
6283185.307179586	731.7817817817818	1	-0.9196467211917783	-1.8404295199127088e-10	0
6283185.307179586	1295.2952952952953	2	-0.4454388144896846	-5.303633956603014e-10	2
6283185.307179586	2102.3023023023025	2	-0.05702017676812554	5.837571062185023e-10	0
6283185.307179586	3055.4054054054054	3	0.6202799881492909	-7.889905869083754e-10	0
6283185.307179586	1928.3783783783783	1	0.6587617526695517	-5.38519251194185e-10	0
6283185.307179586	1914.4644644644645	2	-1.0648571415001085	-1.8006210813979276e-09	0
6283185.307179586	3897.1971971971975	2	-1.2282604037326927	9.402331430124682e-10	1
6283185.307179586	1963.1631631631633	3	0.47962348494086937	-1.3634872627104393e-10	1
6283185.307179586	1343.993993993994	3	-0.4204417357765964	1.8017831899384076e-09	0
6283185.307179586	2213.613613613614	3	0.6503690233843051	3.875774792378858e-10	0
6283185.307179586	1253.5535535535537	3	-0.7550567691296144	2.949030762440871e-10	0
6283185.307179586	676.1261261261261	1	-0.5747083748840449	-4.09461188050591e-10	0
6283185.307179586	1462.2622622622623	3	-0.8569115029048955	-1.1039336409947935e-09	2
6283185.307179586	947.4474474474474	1	0.765279299737819	1.4397316636728762e-09	2
6283185.307179586	1399.6496496496497	1	-1.3448742012577846	-1.0742877919967763e-09	2
6283185.307179586	1037.887887887888	1	0.038668538715492806	-9.561869408139168e-10	0
6283185.307179586	1274.4244244244244	1	-1.2351289321879466	1.2148760224263899e-09	1
6283185.307179586	2164.914914914915	3	1.2398671622859165	1.7357503169992085e-09	0
6283185.307179586	2074.474474474475	1	0.9636743145865219	1.6397478004629775e-09	0
6283185.307179586	801.3513513513514	2	0.6398263961008444	-2.977080744946878e-10	2
6283185.307179586	1003.1031031031031	2	1.117152322418094	1.1399127538053916e-09	1
6283185.307179586	1629.2292292292293	1	-0.3300077964714916	7.819980019222389e-10	2
6283185.307179586	2366.6666666666665	3	-0.9245797344419232	-2.9490742213803715e-10	2
6283185.307179586	1364.864864864865	2	0.651142503991645	-9.097436407788239e-10	0
6283185.307179586	2025.7757757757759	2	0.35936770305787324	-8.143210311651715e-10	0
6283185.307179586	1984.034034034034	2	-0.6644759043087105	5.848587370214969e-11	1
6283185.307179586	1615.3153153153153	2	-0.2401703337972141	5.290082934344403e-10	0
6283185.307179586	2144.0440440440443	3	-0.3541984704868155	-8.440368214651263e-10	0
6283185.307179586	1914.4644644644645	2	-0.3692960899082294	-9.259576262382235e-10	0
6283185.307179586	863.963963963964	1	0.22154265760707803	4.6282347101755603e-10	0
6283185.307179586	2095.3453453453453	2	-0.3623533404695478	1.8948149650437997e-09	0
6283185.307179586	919.6196196196197	3	0.5577143583991351	1.270805821022935e-09	0
6283185.307179586	1886.6366366366367	3	-1.0799339326904538	-4.650477333823169e-10	2
6283185.307179586	1510.960960960961	2	0.3427217177931239	-1.6668595997815933e-09	0
6283185.307179586	1942.2922922922924	1	-0.059719285035323866	8.560787117899312e-10	0
6283185.307179586	1782.2822822822823	3	1.03085066066585	-1.1341073140801932e-09	2
6283185.307179586	1183.983983983984	1	0.2984242191830988	-7.037226442272355e-10	0
6283185.307179586	3326.7267267267266	1	1.1651247840550498	1.0169500147614623e-09	1
6283185.307179586	2498.848848848849	3	0.7158359709745992	1.517609015545224e-09	0
6283185.307179586	2477.977977977978	2	0.33144805636545827	1.996562480507035e-09	0
6283185.307179586	703.9539539539539	2	-0.8873360949405218	1.9147863951499756e-09	0
6283185.307179586	3549.3493493493493	2	-0.1118048708106889	1.7689622391734771e-09	0
6283185.307179586	585.6856856856857	1	0.85630411769605	9.786654120092204e-10	0
6283185.307179586	1677.927927927928	2	1.4412598080976369	6.493485217096281e-11	1
6283185.307179586	606.5565565565565	1	0.10245097922758784	1.6910594515426132e-09	0
6283185.307179586	1615.3153153153153	3	0.13053623854116436	-8.024655258455954e-10	0
6283185.307179586	2039.6896896896897	2	0.6169325682225022	5.148887019943557e-10	1
6283185.307179586	2241.4414414414414	1	1.087145927812597	-1.3066718441702798e-09	0
6283185.307179586	2540.5905905905906	1	0.10440189866347427	1.6338205886399108e-10	0
6283185.307179586	1740.5405405405406	1	0.7639757738538453	1.86307414691702e-09	0
6283185.307179586	2102.3023023023025	3	1.493488850004546	9.764442086963765e-11	1
6283185.307179586	738.7387387387388	3	0.0946194134013949	-1.5712629096364168e-09	0
6283185.307179586	1455.3053053053054	1	-0.3241850004072042	-2.409859289085876e-10	0
6283185.307179586	2276.226226226226	1	0.9180522297483114	9.160238110778442e-10	1
6283185.307179586	822.2222222222223	1	-1.3393941749143126	-1.344216840137817e-09	0
6283185.307179586	1810.11011011011	2	0.7146046419054319	-3.41333565211618e-10	1
6283185.307179586	2547.5475475475478	2	1.2521678946628483	8.414802336001533e-10	2
6283185.307179586	4015.4654654654655	3	-0.7018202316699422	-1.4778035455681767e-09	0
6283185.307179586	1183.983983983984	3	-1.0145442403801894	1.7697243418812394e-09	0
6283185.307179586	1573.5735735735736	3	1.4345569768812791	-7.618377168142933e-10	1
6283185.307179586	1253.5535535535537	2	-1.0475210928540444	-1.8762761011947214e-09	0
6283185.307179586	1253.5535535535537	1	1.2268638393580575	1.4264651235891078e-09	2
6283185.307179586	1531.8318318318318	1	-0.9646910850993887	-2.372544013056981e-10	1
6283185.307179586	3152.802802802803	1	0.4308609116994355	-8.854065605903304e-11	2
6283185.307179586	1824.0240240240241	3	0.6596883453475884	1.8188926117931675e-09	0
6283185.307179586	1183.983983983984	2	0.007852357882075944	3.3945560074233404e-10	0
6283185.307179586	1330.08008008008	1	-1.0145411635412729	1.4297892582694892e-10	2
6283185.307179586	1608.3583583583584	3	1.5388774598512587	-1.2502645022228328e-09	1
6283185.307179586	2443.193193193193	1	-0.3464845640765635	-1.8125851924169216e-09	0
6283185.307179586	3507.607607607608	2	0.3144862007086353	-7.707323286902481e-10	0
6283185.307179586	2526.676676676677	2	-1.2255998481691903	1.8657313092062286e-10	1
6283185.307179586	1545.7457457457458	3	-1.3416006003223118	-7.365052669273326e-10	2
6283185.307179586	1441.3913913913914	2	-0.8367327588824316	3.8856928610543347e-10	1
6283185.307179586	1810.11011011011	3	0.41529177252735483	-9.483895069423372e-10	0
6283185.307179586	884.8348348348349	3	1.2948478698237884	2.1194762178845302e-10	2
6283185.307179586	1768.3683683683685	1	-1.0420104247313409	-6.226414521517278e-10	0
6283185.307179586	1566.6166166166167	3	0.1301303919125154	-1.6765582229901642e-09	0
6283185.307179586	1121.3713713713714	2	0.32617047186520876	-5.475118399727817e-10	2
6283185.307179586	1517.917917917918	2	-0.7112726420775219	-1.4243302259533102e-09	0
6283185.307179586	1977.077077077077	1	0.28086171320767694	-4.681166749180204e-10	0
6283185.307179586	1865.7657657657658	3	0.3433515117804107	1.655881001775663e-09	0
6283185.307179586	2171.871871871872	2	0.10278845767346123	-1.9049612088832568e-09	0
6283185.307179586	2088.388388388388	1	-1.0908344008609274	-4.745924445938853e-10	2
6283185.307179586	1984.034034034034	1	1.5392571582583874	1.4785359540076633e-09	2
6283185.307179586	696.996996996997	3	1.4194189323055686	-1.6309781529907928e-09	2
6283185.307179586	1343.993993993994	1	-0.13781065229202083	9.740438442334362e-10	0
6283185.307179586	1622.2722722722724	2	-0.7593257618280715	1.336698480073045e-10	1
6283185.307179586	585.6856856856857	1	-1.2952802648399342	1.2347562077325456e-09	2
6283185.307179586	1316.1661661661662	1	-0.9155194559111408	2.339005580257277e-10	2
6283185.307179586	1810.11011011011	1	0.6108256891810449	-1.0313926474017356e-09	0
6283185.307179586	1350.950950950951	2	-1.095591943183742	5.788214183217663e-10	2
6283185.307179586	1768.3683683683685	1	0.8269345224386511	1.7971207776881487e-10	2
6283185.307179586	2199.6996996997	2	-0.3671130266855114	-1.6612139461949923e-09	0
6283185.307179586	3055.4054054054054	3	1.5429338967111748	1.0583467968900068e-09	2
6283185.307179586	752.6526526526527	2	0.7551492574824819	-1.125916041160318e-09	0
6283185.307179586	2102.3023023023025	2	-1.4720582491808238	6.475222155114461e-10	2
6283185.307179586	3027.577577577578	3	-0.7157075409203211	2.3419432593972983e-10	2
6283185.307179586	1371.821821821822	2	-1.511269242278369	9.854992159735278e-10	1
6283185.307179586	717.8678678678679	3	-0.8480957974101948	7.854610918446475e-10	0
6283185.307179586	912.6626626626627	1	0.7502240753519733	-1.8779301390770287e-09	0
6283185.307179586	1434.4344344344345	2	-1.217573494579643	7.593319803433633e-10	2
6283185.307179586	2505.805805805806	3	-0.5380873295187261	-2.3680734036830845e-10	2
6283185.307179586	1664.014014014014	3	-1.48880749680098	9.237307734204357e-10	2
6283185.307179586	1204.854854854855	1	-1.3662948546478506	2.173898247941054e-10	1
6283185.307179586	1949.2492492492493	1	0.5032334709573232	1.4802668964276577e-09	0
6283185.307179586	2074.474474474475	3	0.30820660076704853	-1.916904818342222e-10	1
6283185.307179586	1163.113113113113	1	0.8524602088094446	-1.0856768152465409e-09	0
6283185.307179586	933.5335335335336	1	-1.2026698932549198	1.8966546111072885e-09	2
6283185.307179586	1204.854854854855	1	-0.7802023682942034	3.0399093910703945e-10	2
6283185.307179586	3827.6276276276276	2	0.5000586846349733	3.5480278361631456e-10	1
6283185.307179586	1643.143143143143	1	-1.3907035528359952	-1.669442518908444e-09	1
6283185.307179586	2839.73973973974	2	-0.9631701501315061	-1.4436849443496058e-09	0
6283185.307179586	3145.845845845846	3	-1.0397040344711845	1.4775673443047025e-09	0
6283185.307179586	1149.1991991991993	2	0.22441119998151615	-1.1576235273621456e-10	0
6283185.307179586	1142.2422422422424	3	0.9932262995282954	-8.685731183042691e-10	2
6283185.307179586	376.97697697697697	2	1.0391107973224258	-1.514937607683728e-09	1
6283185.307179586	1670.970970970971	3	-1.2626061197940874	1.992822986409448e-10	2
6283185.307179586	1371.821821821822	2	0.9976165138260464	-1.2673564692272796e-09	0
6283185.307179586	2937.1371371371374	3	0.24471411703597412	-8.391441625749169e-10	0
6283185.307179586	1858.8088088088089	1	-0.09778702101570058	1.816341276072605e-09	0
6283185.307179586	870.9209209209209	1	0.8558296542306607	1.4403442771765274e-09	2
6283185.307179586	1935.3353353353355	3	0.31090525373552214	7.753027787262638e-10	0
6283185.307179586	1072.6726726726727	2	-1.4061272200053785	9.750966949459098e-13	1
6283185.307179586	1267.4674674674675	1	0.7641303699997093	-1.5540556176096458e-09	0
6283185.307179586	2651.901901901902	2	0.4099717010616455	-7.341266952943145e-10	0
6283185.307179586	2797.997997997998	2	0.8886596658313128	-3.309421415426438e-10	2
6283185.307179586	627.4274274274275	2	-0.5075812673984359	-3.980483811246419e-10	2
6283185.307179586	1810.11011011011	2	-0.7255242244199506	-1.2649370855364226e-09	0
6283185.307179586	1413.5635635635635	1	0.7724785684569535	9.34397777183376e-10	2
6283185.307179586	2039.6896896896897	2	1.3100074353371007	-1.812553835423627e-09	0
6283185.307179586	1796.1961961961963	2	0.3733682671721996	9.19069880681266e-10	0
6283185.307179586	1664.014014014014	2	1.4586270950738007	-3.6003999025774874e-10	1
6283185.307179586	2387.5375375375374	2	-0.16722810704602886	9.310274922361236e-10	0
6283185.307179586	1650.1001001001002	2	-0.5166513201091936	9.122341474878599e-10	0
6283185.307179586	3264.1141141141143	1	-0.9577638888627953	5.690225599481978e-10	2
6283185.307179586	968.3183183183183	3	0.9315419730294483	7.33464626701876e-10	0
6283185.307179586	2763.2132132132133	2	-0.20303257242038475	-1.2750198991594602e-09	0
6283185.307179586	1935.3353353353355	2	-1.2890936003257094	1.1901747723956157e-09	2
6283185.307179586	940.4904904904905	2	-0.56480023387503	1.064409691159099e-09	0
6283185.307179586	390.8908908908909	3	0.7695302912239432	3.9171586061741064e-10	0
6283185.307179586	3187.5875875875877	1	0.29228011253528563	-1.4041166546131057e-11	2
6283185.307179586	3131.931931931932	3	0.5718029617577791	4.92659675751703e-11	1
6283185.307179586	1608.3583583583584	3	0.2689871060606419	9.159468092851877e-10	0
6283185.307179586	1281.3813813813815	1	-0.9241914757002769	-1.90037650763985e-09	0
6283185.307179586	2415.3653653653655	2	-0.26771558858148214	-4.538637671761863e-10	0
6283185.307179586	1378.7787787787788	3	1.1653147970665616	8.41555356597437e-10	0
6283185.307179586	843.0930930930931	1	0.9557697569804322	-3.245687007201958e-10	0
6283185.307179586	2199.6996996997	1	-1.288098507728629	-1.3953727854992848e-09	0
6283185.307179586	2297.097097097097	3	1.3646791981429494	2.6689782806235757e-10	1
6283185.307179586	648.2982982982983	2	1.140910317411901	8.017489698712963e-10	1
6283185.307179586	1601.4014014014015	3	-1.4167250592594	1.4302947092478026e-09	2
6283185.307179586	3500.6506506506507	1	0.979618321291889	-1.992052309448202e-10	1
6283185.307179586	2568.4184184184187	1	-0.5520356092407372	-7.760599090901068e-10	0
6283185.307179586	1392.6926926926926	3	0.4596686735032254	3.6833875856046073e-11	0
6283185.307179586	731.7817817817818	3	-0.5360998777698491	1.461142731639513e-09	0
6283185.307179586	1107.4574574574574	2	1.4104000447512695	-6.942654513135844e-10	2
6283185.307179586	2324.924924924925	2	-1.1311009036263113	1.864766427598276e-10	2
6283185.307179586	2276.226226226226	1	0.06992488351937998	3.117674768181071e-10	0
6283185.307179586	2074.474474474475	1	-1.2304177230489104	-5.019604665738037e-10	2
6283185.307179586	3090.19019019019	2	-0.4533391005262579	1.4250489204916926e-09	0
6283185.307179586	3549.3493493493493	1	1.526400352535667	-1.7465987522435214e-09	2
6283185.307179586	2199.6996996997	1	-0.6172788407827943	-1.1103149544174882e-09	0
6283185.307179586	2373.6236236236236	2	1.1629271219823831	-4.893628773368511e-10	2
6283185.307179586	2366.6666666666665	1	1.3019462407775508	-8.090971033299689e-10	1
6283185.307179586	1093.5435435435436	3	1.0912595700799845	1.3767417720638927e-09	0
6283185.307179586	1448.3483483483483	3	0.5945664792271921	1.5871434840536269e-09	0
6283185.307179586	1288.3383383383384	1	-1.5019456003080849	1.5208230241744893e-09	2
6283185.307179586	1768.3683683683685	1	-1.052707591709428	8.812272877643852e-10	2
6283185.307179586	2130.13013013013	2	0.4130791587531699	8.717672807780999e-10	0
6283185.307179586	2130.13013013013	3	-1.0842481709022969	-2.467766375852087e-10	2
6283185.307179586	1469.2192192192192	3	-0.3931734250068002	-1.782880137778361e-09	0
6283185.307179586	1079.6296296296296	3	1.4630653841836683	-1.3209496944298542e-09	1
6283185.307179586	1712.7127127127128	1	-0.4498234593764454	-9.48507369614184e-10	0
6283185.307179586	1385.7357357357357	3	-1.1434586337875254	1.3847713944973547e-09	0
6283185.307179586	2304.054054054054	2	0.532822347093735	-8.021911086221329e-11	1
6283185.307179586	1643.143143143143	2	1.4915403755127992	-1.9240193415308277e-09	1
6283185.307179586	2401.4514514514517	3	1.1254645920262756	1.5605176631708027e-09	0
6283185.307179586	1100.5005005005005	1	0.3506637568770181	-4.92684688913053e-10	0
6283185.307179586	2888.4384384384384	1	-0.5928871221405992	-6.311624348204407e-10	0
6283185.307179586	2352.7527527527527	1	-0.5789955520287183	3.07592204540978e-10	1
6283185.307179586	2644.944944944945	2	-1.2765871543087053	-1.1879254223445247e-09	1
6283185.307179586	2547.5475475475478	1	-0.8077041508451857	-7.427883010030301e-10	0
6283185.307179586	2756.256256256256	1	-0.24833831933436	8.772367257419239e-10	0
6283185.307179586	2937.1371371371374	3	0.04545556032623255	1.1285587137586098e-09	0
6283185.307179586	2116.2162162162163	2	-0.11498322838862762	-1.2675221489527923e-09	0
6283185.307179586	1392.6926926926926	1	1.1886797408159282	1.0070930145019243e-09	2
6283185.307179586	1051.801801801802	2	0.9872915074880817	1.2440567750456754e-09	0
6283185.307179586	836.1361361361362	2	0.750893980943887	1.1398877763454477e-09	0
6283185.307179586	2123.1731731731734	3	-0.20272565564073242	-5.674369946548703e-10	0
6283185.307179586	613.5135135135135	2	-0.934398549905419	1.5095551635989076e-09	0
6283185.307179586	1684.884884884885	3	1.379784495774329	-5.753908381523734e-10	2
6283185.307179586	989.1891891891892	2	-1.3467810126942474	1.1042830491162055e-09	2
6283185.307179586	1260.5105105105106	1	0.8623411514530126	1.73886549760801e-09	0
6283185.307179586	1657.0570570570571	2	0.53962266682993	-9.517428484290119e-11	1
6283185.307179586	2985.835835835836	1	-0.14614646131890985	-1.348232727009259e-10	0
6283185.307179586	2596.2462462462463	1	0.5729347631792274	-1.6816978843516381e-09	0
6283185.307179586	1350.950950950951	1	-0.29725902822271366	-2.128079583958104e-10	0
6283185.307179586	1434.4344344344345	3	-0.28133339802064605	7.513286960670264e-10	0
6283185.307179586	2157.957957957958	3	1.265570901736203	1.3398826794321195e-09	0
6283185.307179586	1984.034034034034	2	0.4907302077072613	1.3499667268781618e-10	1
6283185.307179586	2311.011011011011	1	-1.1549050139729817	-1.4968399222960144e-09	0
6283185.307179586	1441.3913913913914	3	0.8926174325329295	-9.478869207575703e-10	2
6283185.307179586	1608.3583583583584	3	0.10522943277993635	7.524938214862651e-10	0
6283185.307179586	1970.1201201201202	1	0.20431088676917875	-3.416585129408744e-10	0
6283185.307179586	1907.5075075075076	3	0.15177583997624633	-9.999375818260359e-10	0
6283185.307179586	1963.1631631631633	3	-0.5254462458386231	1.9499424183647136e-09	0
6283185.307179586	3417.1671671671675	2	1.4584069672063222	-4.8994712908681306e-11	1
6283185.307179586	4057.2072072072074	3	0.8028527170138267	-1.886966015257811e-09	0
6283185.307179586	2846.6966966966966	3	0.7004672702771693	6.306362817949159e-10	0
6283185.307179586	1810.11011011011	1	-0.8297856445371953	-1.7438357772117457e-09	0
6283185.307179586	627.4274274274275	3	1.2429614394037056	-1.8824936511585373e-09	1
6283185.307179586	3479.77977977978	3	-0.8607654551605699	1.1851320690494602e-09	0
6283185.307179586	1010.0600600600601	3	-0.35379153086557924	-1.5002186093398075e-09	1
6283185.307179586	481.33133133133134	3	0.6702463384215425	-9.091187521253592e-10	0
6283185.307179586	1789.2392392392394	2	-0.2105119319145401	1.8672121755483646e-09	0
6283185.307179586	787.4374374374374	1	1.2680529613947362	-3.6461893213037525e-10	0
6283185.307179586	1872.7227227227227	1	0.007212053765845106	8.009128604031412e-10	0
6283185.307179586	1517.917917917918	2	-0.8242396089462665	-2.73500118118561e-10	1
6283185.307179586	300.4504504504505	3	0.5845373145807278	-1.0915241964682664e-09	0
6283185.307179586	1768.3683683683685	2	0.5141128649554494	3.6795453609933936e-10	1
6283185.307179586	2651.901901901902	3	-0.21924758214314122	1.7426198838363105e-09	0
6283185.307179586	1350.950950950951	2	0.008147219007423212	-1.867117573167337e-09	0
6283185.307179586	1538.788788788789	1	1.4417861827581921	-1.1623678549084572e-09	2
6283185.307179586	1691.8418418418419	1	0.37999215039880463	1.8359364561009594e-10	1
6283185.307179586	1691.8418418418419	3	0.6220747255930421	1.970379109508901e-09	0
6283185.307179586	1274.4244244244244	2	-0.4510777721234003	1.7745494289154144e-09	0
6283185.307179586	1385.7357357357357	2	-0.7239235190743184	-1.1159526197033016e-09	0
6283185.307179586	1886.6366366366367	2	-1.1901768097438965	1.5815021434218137e-09	0
6283185.307179586	2067.5175175175173	2	-0.9867218726469712	-2.3120897337458943e-10	2
6283185.307179586	3347.5975975975975	2	1.0535316661887864	-9.010509480057376e-11	1
6283185.307179586	1330.08008008008	1	1.467335200663502	8.050792858660348e-10	2
6283185.307179586	1677.927927927928	2	1.310230204983648	2.671669214655212e-10	1
6283185.307179586	1455.3053053053054	1	1.2223558043173908	-1.1100281681850823e-09	0
6283185.307179586	2081.4314314314315	3	0.15227275855698785	1.2832295981824867e-09	0
6283185.307179586	2450.1501501501502	1	-0.5625128681779543	-2.1475980962320266e-10	1
6283185.307179586	1837.937937937938	1	1.339853068687113	1.201622354586456e-09	2
6283185.307179586	1476.176176176176	2	0.5523260534283776	2.3087963259659867e-10	1
6283185.307179586	1170.0700700700702	3	-0.909178469193127	-1.1828031173598094e-09	2
6283185.307179586	1281.3813813813815	3	-0.3290479649872087	1.6431665255009194e-09	0
6283185.307179586	1504.004004004004	1	-0.9118937104052448	-2.074092464758005e-10	1
6283185.307179586	2164.914914914915	3	0.7541871188860747	1.398446109263275e-09	0
6283185.307179586	2123.1731731731734	2	0.11479307941341266	-1.0874205353631875e-09	0
6283185.307179586	2909.3093093093094	2	1.5592855678428945	1.5360822520241178e-09	2
6283185.307179586	2297.097097097097	2	0.8266832395296073	-1.2893047987226507e-10	1
6283185.307179586	1316.1661661661662	3	1.2746270828085926	-1.894562499673005e-09	2
6283185.307179586	1552.7027027027027	3	-0.6322436896963469	-2.212081754620287e-10	1
6283185.307179586	2540.5905905905906	1	0.7995721266222335	-1.603721638342052e-09	0
6283185.307179586	1107.4574574574574	3	-0.25215879571548294	1.617043425734671e-09	0
6283185.307179586	2018.818818818819	1	-1.168324691114444	-1.32462083625489e-09	0
6283185.307179586	2067.5175175175173	1	1.212199765242131	-1.678827130503927e-09	0
6283185.307179586	2721.4714714714714	3	-0.051114895778624714	5.7223796255070374e-11	0
6283185.307179586	2408.4084084084084	3	0.6512613767752682	1.2404768418664642e-09	0
6283185.307179586	592.6426426426426	2	-1.0971717457718593	-6.79247038049963e-10	2
6283185.307179586	1323.1231231231232	1	0.9486990324306643	4.974922028218034e-10	2
6283185.307179586	1670.970970970971	1	-0.1523203996332232	1.7075483818980352e-09	0
6283185.307179586	1789.2392392392394	3	-0.6134575768327891	-1.119096103771757e-09	0
6283185.307179586	662.2122122122122	2	-1.3528700867737602	-9.443847636903415e-10	1
6283185.307179586	1323.1231231231232	2	-1.0031915937376588	7.26505815537867e-10	2
6283185.307179586	3187.5875875875877	3	-0.7069042395281465	5.610457125184911e-10	0
6283185.307179586	1837.937937937938	2	-0.4986482553778475	8.116144659253245e-10	0
6283185.307179586	954.4044044044044	2	0.818625810660552	-1.8820584230018447e-09	0
6283185.307179586	1691.8418418418419	2	-1.4341189185635503	-1.3389451585356636e-09	2
6283185.307179586	1510.960960960961	1	-1.2587305132901023	-9.635063006681582e-10	1
6283185.307179586	1107.4574574574574	2	0.9551093681901288	7.981651511379483e-10	2
6283185.307179586	592.6426426426426	1	0.05348902072015704	-2.462885078676642e-11	0
6283185.307179586	1733.5835835835837	3	-0.6769714005325933	-1.1036171182048162e-09	0
6283185.307179586	2088.388388388388	1	0.12298635293056881	2.741136598767966e-10	0
6283185.307179586	2916.2662662662665	2	-1.4094600251510123	-1.433819126523023e-09	2
6283185.307179586	1733.5835835835837	3	0.7755054595277655	4.331461705325492e-11	2
6283185.307179586	648.2982982982983	1	0.8249091100266872	-1.0299647712086415e-09	0
6283185.307179586	1517.917917917918	1	0.8973327689059771	1.4579856260342799e-09	0
6283185.307179586	1462.2622622622623	1	1.1156229493538063	7.370499292357322e-10	2
6283185.307179586	606.5565565565565	3	1.0113468711869897	-1.6028319115090458e-09	0
6283185.307179586	2944.094094094094	2	-1.4034933150381772	1.3207814341697042e-09	2
6283185.307179586	2116.2162162162163	2	0.10895276392706776	1.6608853376983612e-09	0
6283185.307179586	2937.1371371371374	3	-0.16293995777930959	1.1889459674877356e-09	0
6283185.307179586	1517.917917917918	3	-1.2976835888483218	4.020052645325518e-10	2
6283185.307179586	1928.3783783783783	3	-0.40272297572729854	-3.47315842760528e-10	2
6283185.307179586	1893.5935935935936	1	-0.507172433710386	1.4449846241475862e-09	0
6283185.307179586	1309.2092092092093	1	0.21452704990149485	1.0506661431027092e-09	0
6283185.307179586	1121.3713713713714	3	0.7607965950491731	-2.951474590326954e-10	1
6283185.307179586	2728.4284284284286	3	-0.7887974571198693	1.7757129564887401e-09	0
6283185.307179586	2985.835835835836	2	-0.5033968692769437	-9.282068687688789e-10	0
6283185.307179586	1392.6926926926926	2	-0.843348738950342	-1.216603784274673e-09	0
6283185.307179586	2206.6566566566567	2	1.0756637673987632	-7.925924333653747e-10	1
6283185.307179586	2004.904904904905	2	1.5579793494650112	5.371752657437043e-10	1
6283185.307179586	1650.1001001001002	3	-1.5098371520788523	1.4980952092610258e-09	2
6283185.307179586	1573.5735735735736	2	1.070735876131235	6.669902918790386e-10	2
6283185.307179586	1914.4644644644645	1	0.29849317405120246	9.400515344867983e-10	0
6283185.307179586	2171.871871871872	1	0.2685314976900375	1.2013806789480843e-09	0
6283185.307179586	662.2122122122122	3	0.937077063100098	-4.643435592269447e-10	0
6283185.307179586	3173.673673673674	1	-0.6324673036722294	-4.876413202587337e-10	0
6283185.307179586	2262.3123123123123	1	1.3665681320594132	-3.935262577439694e-10	2
6283185.307179586	1163.113113113113	2	-0.658628787506644	7.181496243999197e-10	0
6283185.307179586	2637.987987987988	1	0.1806744030211438	-1.300037128511397e-09	0
6283185.307179586	1712.7127127127128	2	-0.5640425145530081	-7.680629570267258e-10	0
6283185.307179586	641.3413413413414	2	-0.39934835908411315	9.641319512577487e-10	0
6283185.307179586	1413.5635635635635	1	-0.4470518660658773	-1.0729860489319502e-09	0
6283185.307179586	2825.825825825826	2	-1.3564944352195991	-1.961408583081277e-09	0
6283185.307179586	1775.3253253253254	2	-1.0349888393879056	-1.177238647425003e-09	0
6283185.307179586	787.4374374374374	1	0.6506580202623407	-4.3680607884727974e-11	0
6283185.307179586	2025.7757757757759	1	1.2094120457890893	8.838043782317834e-10	2
6283185.307179586	710.910910910911	3	-0.21119862001944356	-8.393547642934164e-10	0
6283185.307179586	1956.2062062062062	3	-0.9229976778448765	-8.392983752457437e-10	2
6283185.307179586	1851.851851851852	3	0.6710558364265249	-1.4286063635936138e-09	0
6283185.307179586	933.5335335335336	3	-0.588736093924406	-8.539774789893655e-10	2
6283185.307179586	1406.6066066066066	2	0.878950536797813	2.350019143616706e-10	2
6283185.307179586	1142.2422422422424	3	-1.3908473386451448	8.242156580847526e-10	2
6283185.307179586	863.963963963964	1	0.041212325238299874	1.978762081849316e-09	0
6283185.307179586	1288.3383383383384	1	-0.3817997082102855	1.7503153704851138e-09	0
6283185.307179586	1754.4544544544544	1	-1.3162373507615077	-4.99767631623258e-10	2
6283185.307179586	404.8048048048048	3	1.3278181314634114	-5.373035222293634e-10	0
6283185.307179586	1803.1531531531532	3	0.880040680594468	8.461623669399954e-10	0
6283185.307179586	2658.858858858859	2	-1.2275236256917745	1.461317920003956e-09	0
6283185.307179586	1963.1631631631633	2	0.32518532045773174	-1.7748629494886902e-09	0
6283185.307179586	1879.6796796796798	2	-0.2228462476386821	1.5047709463581275e-09	0
6283185.307179586	2944.094094094094	2	-0.402743860760681	-1.4406532420759888e-09	0
6283185.307179586	1295.2952952952953	3	-0.5875192122441754	-2.761276753538135e-10	1
6283185.307179586	1643.143143143143	2	1.084284863730924	1.437202007816448e-09	0
6283185.307179586	2415.3653653653655	3	0.2581388334534167	1.1534665029977748e-09	0
6283185.307179586	1677.927927927928	1	1.0191746711889351	-1.1329140055521366e-09	0
6283185.307179586	2693.643643643644	3	-1.377633464913162	-1.4723260405529733e-09	2
6283185.307179586	1399.6496496496497	1	0.3694114839388041	1.3764600691634476e-10	1
6283185.307179586	3201.5015015015015	2	-1.4948540238311063	1.7885775120737773e-09	1
6283185.307179586	1058.7587587587586	2	0.5848148018687707	-1.9688401492928764e-09	0
6283185.307179586	321.3213213213213	2	-0.6340566067738244	-6.922929880449071e-11	2
6283185.307179586	2519.7197197197197	3	0.49507992873178885	6.088354014122565e-10	0
6283185.307179586	2352.7527527527527	3	-1.3105945822369336	1.6204076225744594e-09	0
6283185.307179586	1010.0600600600601	1	-1.166091532836754	7.927134139354635e-10	2
6283185.307179586	2116.2162162162163	3	-0.8038843986777481	1.483834577750541e-09	0
6283185.307179586	1900.5505505505505	2	1.498175744457099	-1.5886410425422861e-09	1
6283185.307179586	1121.3713713713714	2	-0.22066207718904285	1.4834867599604912e-09	0
6283185.307179586	3326.7267267267266	2	-0.41729680363170285	-1.1577944294282628e-09	0
6283185.307179586	2387.5375375375374	2	0.9393694242370754	-1.214979377119961e-09	0
6283185.307179586	1552.7027027027027	3	0.4225463769095652	1.6212807635635504e-09	0
6283185.307179586	1142.2422422422424	1	-0.6137669022000066	1.708669498644152e-09	0
6283185.307179586	2791.041041041041	3	0.7367168099197507	-1.7351659962828295e-09	0
6283185.307179586	1524.8748748748749	2	-1.1863177776234435	-1.4999694140933295e-09	0
6283185.307179586	1093.5435435435436	3	0.9383137754254789	-1.1553345249274912e-09	2
6283185.307179586	411.76176176176176	3	1.388661686652351	2.584278272194588e-10	0
6283185.307179586	1740.5405405405406	2	0.6099324973459836	-6.120911806188994e-10	0
6283185.307179586	954.4044044044044	2	-0.8123207209466008	-1.0687693951305197e-10	1
6283185.307179586	961.3613613613613	3	-1.016002652322146	-4.745527005883599e-10	2
6283185.307179586	2311.011011011011	3	0.4496668431029853	1.901372526262528e-09	0
6283185.307179586	2220.5705705705705	1	1.3377421939108922	1.0910964859841415e-09	2
6283185.307179586	1963.1631631631633	1	0.46109227976974454	-1.3188888441116125e-09	0
6283185.307179586	1531.8318318318318	2	-0.9326391521988073	1.1896736447482712e-09	0
6283185.307179586	2686.6866866866867	2	-0.7464662891899485	-1.9418594949510806e-09	0
