axial trapping frequency (MHz) 	 velocity(m/s) 	 ion collided with 	 angle(rads) 	 collision offset(m) 	 reorder? (1 is reorder 2 is ejection) 
6283185.307179586	2206.6566566566567	1	-1.1813820342463408	1.5467180781767603e-09	0
6283185.307179586	1747.4974974974975	3	0.2584109679488438	-1.1425003162882763e-09	0
6283185.307179586	2255.3553553553556	3	-1.2649967402232927	-1.9382921412880256e-09	0
6283185.307179586	404.8048048048048	1	0.5367009321675118	-1.1194458172647895e-09	2
6283185.307179586	2554.5045045045044	2	-0.4963317399309959	-1.8708198408042045e-09	0
6283185.307179586	2728.4284284284286	3	-1.3969577274368479	3.855704186139027e-10	2
6283185.307179586	1803.1531531531532	3	0.7216782149645695	-1.0871969694876775e-09	0
6283185.307179586	1378.7787787787788	3	0.1258208257328428	2.6182026420635337e-10	1
6283185.307179586	1023.973973973974	3	0.5984559999586603	-3.8680028098269797e-10	2
6283185.307179586	2018.818818818819	1	0.9376069870959025	7.241165962231739e-10	1
6283185.307179586	1281.3813813813815	2	0.4040340702862373	1.6545618360832436e-09	0
6283185.307179586	2011.8618618618618	3	1.2096824276548968	3.4875348164691645e-10	2
6283185.307179586	1622.2722722722724	1	-0.5079358218736918	1.1108604920505716e-09	0
6283185.307179586	1629.2292292292293	1	1.4157299848245444	1.3577770419385824e-09	2
6283185.307179586	1330.08008008008	2	-0.4384605627020659	2.390855961294884e-10	1
6283185.307179586	954.4044044044044	3	0.5381716952615165	1.347460343378436e-09	0
6283185.307179586	1830.980980980981	2	1.273715522042882	-6.002024054267269e-10	1
6283185.307179586	2450.1501501501502	3	0.7305089511683422	-1.5375203349878448e-09	0
6283185.307179586	1907.5075075075076	3	-1.3605476489797466	-1.94924556292512e-10	2
6283185.307179586	1830.980980980981	3	1.336467838788033	1.4869716663919338e-09	2
6283185.307179586	1065.7157157157158	2	1.5601688828846854	1.9512719170005226e-09	1
6283185.307179586	1768.3683683683685	1	-0.46841763337374753	1.280926640787045e-09	0
6283185.307179586	1879.6796796796798	2	-1.1522677053137853	1.9598151954380775e-09	0
6283185.307179586	2853.6536536536537	3	-0.242593606572874	-1.2791183674688e-09	0
6283185.307179586	397.84784784784785	3	-1.1006797643450432	-1.8987525345646744e-09	0
6283185.307179586	2631.031031031031	1	-0.7396368623259744	1.3992428727934675e-09	0
6283185.307179586	710.910910910911	3	1.5494473347017412	1.718034573189615e-10	1
6283185.307179586	996.1461461461462	2	-1.3627206075808753	-1.3743133766555356e-09	2
6283185.307179586	1364.864864864865	3	0.6059559344368686	-1.154962019291577e-09	0
6283185.307179586	1086.5865865865867	2	-0.2930428865047294	-1.3166377148677048e-09	0
6283185.307179586	836.1361361361362	3	-0.7040178326975017	1.3349151881541808e-10	1
6283185.307179586	710.910910910911	1	0.8443365933396016	1.604808528986529e-09	0
6283185.307179586	662.2122122122122	3	-0.26913133776164666	-1.12175441407395e-09	0
6283185.307179586	731.7817817817818	2	-0.5723305951778439	-1.4399044306591691e-09	0
6283185.307179586	2004.904904904905	3	-0.8682317724437567	1.7106654557621778e-09	0
6283185.307179586	1211.8118118118118	3	-0.4658154256558136	-1.6186766579542426e-09	0
6283185.307179586	3966.766766766767	3	-0.7701096386751866	2.2957653305623715e-10	2
6283185.307179586	2032.7327327327328	1	1.4749762654893397	-6.63615928796614e-11	2
6283185.307179586	467.4174174174174	2	1.2361019720868653	-1.2648344534635628e-09	1
6283185.307179586	2512.762762762763	1	1.2131741526412894	1.1547790694868604e-09	1
6283185.307179586	954.4044044044044	1	-0.5025594385773251	1.3982868472813745e-09	0
6283185.307179586	1448.3483483483483	1	-0.02881489742376009	-2.6583190381952766e-10	0
6283185.307179586	1768.3683683683685	1	0.6983835122441695	-2.8680694386629345e-10	1
6283185.307179586	1302.2522522522522	1	-1.2232805912573876	-6.062353352581223e-11	2
6283185.307179586	1037.887887887888	1	0.7763503826738236	-6.165880923816346e-10	2
6283185.307179586	1879.6796796796798	2	-0.15244092942000487	-1.9658050730080746e-09	0
6283185.307179586	2102.3023023023025	1	-0.7059106863019153	1.5719276186839777e-09	0
6283185.307179586	1970.1201201201202	3	-0.44839953273675626	1.2296892511101917e-09	0
6283185.307179586	543.943943943944	2	1.4293011155790172	-1.7388290550494508e-09	2
6283185.307179586	2366.6666666666665	2	-1.0129950746899157	1.2817743921856677e-09	0
6283185.307179586	676.1261261261261	1	0.11503016468903371	2.6700513199695783e-10	2
6283185.307179586	2144.0440440440443	2	0.08882415703947455	-1.671363381897635e-09	0
6283185.307179586	1455.3053053053054	2	-0.12516901071703201	1.9714445366719496e-09	0
6283185.307179586	2018.818818818819	1	0.2929737894416007	-8.096677150594706e-10	0
6283185.307179586	3424.124124124124	2	1.0267347493629675	-1.3781852490073174e-09	0
6283185.307179586	898.7487487487488	1	-1.5096817496235493	1.4798433107986063e-09	1
6283185.307179586	1490.0900900900901	2	-0.20645217062631516	-1.967558889406091e-09	0
6283185.307179586	2102.3023023023025	3	1.2427296531721908	-7.482346742952068e-10	2
6283185.307179586	370.02002002002	2	0.9088079111166545	1.5798869597365555e-09	0
6283185.307179586	3417.1671671671675	3	-0.29315892866193205	9.641050715432573e-10	0
6283185.307179586	2373.6236236236236	2	-0.08112855859543777	-1.3103313053767134e-09	0
6283185.307179586	2651.901901901902	2	0.9493250068853212	4.3460583513471067e-10	2
6283185.307179586	1796.1961961961963	2	-0.2832214564975246	1.3643260177912003e-09	0
6283185.307179586	1726.6266266266266	1	1.4459886932337094	1.0677632225498673e-09	2
6283185.307179586	1510.960960960961	1	-0.04244546125190163	1.6125926645138605e-09	0
6283185.307179586	3354.5545545545547	1	0.019511886097176356	9.466319030673216e-10	0
6283185.307179586	3180.6306306306305	2	-0.7225951510385216	1.4668589518415114e-10	2
6283185.307179586	1058.7587587587586	2	1.0230464367799192	1.7391287894095363e-09	0
6283185.307179586	2178.828828828829	1	0.9852021500115495	1.4278073139269428e-09	0
6283185.307179586	2457.1071071071074	3	-1.3209784025007196	7.154251122240668e-10	2
6283185.307179586	940.4904904904905	2	-0.5943982296808876	9.541001340046682e-10	0
6283185.307179586	1385.7357357357357	3	-0.6825804860869773	-1.5974516607488764e-09	0
6283185.307179586	2060.5605605605606	3	1.559550428466486	-1.0197600078012524e-09	1
6283185.307179586	1149.1991991991993	3	0.0956269277148567	-1.1059372025864285e-09	0
6283185.307179586	1608.3583583583584	3	0.8990777624169444	-1.5190188626744954e-09	0
6283185.307179586	1879.6796796796798	2	0.8106669568822134	-1.5060451920619438e-09	0
6283185.307179586	1900.5505505505505	3	1.1901693036256673	-1.4869275792771359e-09	0
6283185.307179586	3243.2432432432433	1	-0.07374359130951391	-3.5053889376843193e-10	0
6283185.307179586	2951.051051051051	2	-1.4947948873169654	-5.461132135418086e-11	2
6283185.307179586	815.2652652652653	3	-0.2884310816565294	7.075428972876656e-10	2
6283185.307179586	2297.097097097097	1	-0.010796350610632999	-1.5405056847350327e-10	0
6283185.307179586	3653.703703703704	3	0.36574379202388374	5.430557452896186e-10	0
6283185.307179586	2436.2362362362364	3	-1.0719610046805028	-1.7346710499824992e-09	0
6283185.307179586	2304.054054054054	2	1.3151409771613594	-4.06727968649012e-12	2
6283185.307179586	2060.5605605605606	2	-0.014872911455636073	8.564950441553459e-10	0
6283185.307179586	1879.6796796796798	2	-0.0214589030753376	-1.9919398900441133e-09	0
6283185.307179586	926.5765765765766	1	-1.141877701504016	1.207087082696699e-09	2
6283185.307179586	2283.1831831831832	1	-1.2609340904436652	-4.036985745894609e-10	2
6283185.307179586	2331.881881881882	2	0.30067111751137143	-1.0150299904768857e-09	0
6283185.307179586	891.7917917917919	1	0.9272335438420836	7.169320028900542e-10	1
6283185.307179586	1128.3283283283283	2	-0.7910534712776263	-9.798581518807628e-10	0
6283185.307179586	446.54654654654655	1	0.8446740959172145	3.209009805972085e-10	2
6283185.307179586	536.986986986987	1	-0.314602179161799	-1.3246877093723263e-09	0
6283185.307179586	1476.176176176176	3	-0.10739425199387265	2.9307406999481506e-10	1
6283185.307179586	1552.7027027027027	2	-1.530528775244113	5.302700527128874e-11	1
6283185.307179586	703.9539539539539	2	-1.0937619282946256	9.769981136631395e-10	1
6283185.307179586	2373.6236236236236	2	-0.39031107981995294	4.5135918711623775e-10	1
6283185.307179586	1650.1001001001002	2	-0.1828857998809117	-6.053899068289406e-10	0
6283185.307179586	2756.256256256256	2	-1.1250252132524268	-9.20934974133874e-10	0
6283185.307179586	968.3183183183183	1	-0.767512848165036	4.671861891202108e-10	2
6283185.307179586	1670.970970970971	1	-0.11250224728479852	-1.852642279727824e-09	0
6283185.307179586	2971.921921921922	2	0.96919140381336	4.3256793113893875e-10	2
6283185.307179586	926.5765765765766	1	0.42031640144977667	-7.137705037670991e-10	2
6283185.307179586	1963.1631631631633	3	0.19884675954955977	-1.3685750692778544e-09	0
6283185.307179586	1935.3353353353355	1	-1.5311650578173142	-1.5251536087880237e-09	2
6283185.307179586	1135.2852852852852	2	1.1822498582008483	-2.088773107461012e-11	2
6283185.307179586	2415.3653653653655	1	0.7236118197612047	-1.3374764273607262e-09	0
6283185.307179586	2060.5605605605606	2	1.4984812610652796	4.754612490127367e-10	1
6283185.307179586	1524.8748748748749	1	-0.01071910463013337	-6.81090122273055e-10	0
6283185.307179586	1747.4974974974975	3	0.9289332895159244	8.192154238357886e-10	0
6283185.307179586	2860.610610610611	1	-0.20484511368028735	6.137221912396024e-10	0
6283185.307179586	2679.72972972973	2	-0.8238282986877341	-1.1389650321237821e-09	0
6283185.307179586	1030.930930930931	1	0.03764538459189759	7.946705099153431e-10	0
6283185.307179586	731.7817817817818	3	0.7620742666034608	-5.479714167986587e-10	2
6283185.307179586	2095.3453453453453	1	0.6533346428426126	7.491451098582506e-10	0
6283185.307179586	1712.7127127127128	3	0.2579620808404792	-9.095619244077119e-10	0
6283185.307179586	759.6096096096096	3	0.4901943376161437	-8.200966287332384e-10	0
6283185.307179586	815.2652652652653	2	0.512280848921217	3.8237995878255754e-10	2
6283185.307179586	3250.2002002002005	3	-0.6675989981627231	2.673685683881804e-10	1
6283185.307179586	1865.7657657657658	1	1.2551798974074098	-1.6219462005127322e-09	0
6283185.307179586	1552.7027027027027	3	1.4739587178066098	1.180593241098564e-09	2
6283185.307179586	752.6526526526527	1	-0.4848660902188082	-5.021276036408833e-10	2
6283185.307179586	1392.6926926926926	3	0.982966714864209	5.665087471888936e-10	1
6283185.307179586	1413.5635635635635	3	-1.3155560346936497	-3.5957978511749903e-10	1
6283185.307179586	1079.6296296296296	3	-0.8563885739127973	1.6494987935454404e-09	0
6283185.307179586	968.3183183183183	1	0.9432795267387846	1.3887835337772392e-10	2
6283185.307179586	1608.3583583583584	3	0.13309696825813133	-1.582415928362054e-09	0
6283185.307179586	397.84784784784785	3	-1.2426571267218272	-1.1945902658482393e-09	2
6283185.307179586	3013.6636636636636	2	0.023515197763326112	-2.927583529445949e-10	0
6283185.307179586	1622.2722722722724	2	-0.7249084929605475	2.0319025079795557e-10	1
6283185.307179586	1580.5305305305305	3	0.6650128460611708	-1.3088677358790876e-10	1
6283185.307179586	1803.1531531531532	3	-0.004159637559847829	-9.700198871887746e-10	0
6283185.307179586	1531.8318318318318	2	1.52395462076929	1.5980079598775359e-09	2
6283185.307179586	996.1461461461462	3	0.2176050226022015	4.1083213581866853e-10	2
6283185.307179586	2498.848848848849	1	-0.5001026378217812	-1.9278331943452582e-10	1
6283185.307179586	2519.7197197197197	1	-0.34300719092726895	3.3198518358171133e-10	2
6283185.307179586	2088.388388388388	2	0.13979880102251707	4.4034229985188055e-10	1
6283185.307179586	1761.4114114114116	2	-0.30194820569168956	1.8848020176195147e-09	0
6283185.307179586	1622.2722722722724	1	1.5168003884716397	7.075546416939196e-10	1
6283185.307179586	1357.9079079079079	3	-1.0029972295324734	-4.917053195654706e-10	2
6283185.307179586	1427.4774774774776	1	0.43476538687861943	-9.56822327896469e-10	0
6283185.307179586	1664.014014014014	3	-1.157034542884264	-1.9949116950886654e-09	0
6283185.307179586	1677.927927927928	1	1.1238106494244882	1.366381923263835e-10	2
6283185.307179586	870.9209209209209	3	1.2445457615392828	3.0566676227135305e-10	2
6283185.307179586	2338.838838838839	2	0.12975629076291817	-3.8389648569610334e-10	1
6283185.307179586	1420.5205205205204	3	-1.458922964356774	6.061717502730915e-10	2
6283185.307179586	3013.6636636636636	2	-1.1157536987725774	-1.3463031996814287e-09	0
6283185.307179586	2533.6336336336335	1	-0.30132812946970344	-3.1017524725403416e-10	2
6283185.307179586	1789.2392392392394	2	-1.3029511150793152	1.273070409074451e-09	1
6283185.307179586	1740.5405405405406	2	1.2695953294063242	-6.390899539137522e-10	1
6283185.307179586	3062.3623623623625	3	0.2869096491197425	3.288369130413979e-10	1
6283185.307179586	1622.2722722722724	2	-0.7210912048860398	-2.6755957518795666e-10	2
6283185.307179586	2255.3553553553556	3	-1.1820785437319918	-1.9009578949930437e-09	0
6283185.307179586	1566.6166166166167	2	1.2446810570490845	-1.5584321126189918e-09	0
6283185.307179586	1775.3253253253254	1	-1.198745785139769	-8.42012179432488e-10	2
6283185.307179586	1142.2422422422424	1	-1.4659493886504442	1.472544902021255e-09	1
6283185.307179586	1044.8448448448448	2	-0.05485339034637282	1.951358485939345e-09	0
6283185.307179586	321.3213213213213	3	-1.4751150028623676	-6.056526588916716e-10	2
6283185.307179586	613.5135135135135	2	-0.08071260910359968	6.251570438863642e-10	1
6283185.307179586	1900.5505505505505	2	-1.4031473387503128	1.31589464517689e-09	2
6283185.307179586	1017.017017017017	1	-0.8326211778371011	-3.653459928736905e-10	1
6283185.307179586	1434.4344344344345	2	-1.2018901820088588	-1.9370265387069457e-09	0
6283185.307179586	2345.795795795796	2	1.1361676612612848	1.858309677107999e-09	0
6283185.307179586	2818.868868868869	2	-1.320501040877013	6.370522424340237e-10	1
6283185.307179586	1323.1231231231232	3	-0.8935066830197212	-1.5004630863355174e-09	0
6283185.307179586	2554.5045045045044	2	0.5326998643689245	1.3921835377545505e-09	0
6283185.307179586	2004.904904904905	2	-0.6272608325728742	9.461153001486495e-10	0
6283185.307179586	2380.5805805805808	1	-1.0688073057075718	1.7364052511513886e-09	0
6283185.307179586	1970.1201201201202	2	0.06897416750005436	1.2029678719490297e-09	0
6283185.307179586	1497.047047047047	3	-1.44199798313471	-1.9926711329450076e-10	2
6283185.307179586	2610.16016016016	1	0.6130377699869132	-1.106683923084626e-09	0
6283185.307179586	1288.3383383383384	1	1.4287279053489916	1.3264172325377962e-09	2
6283185.307179586	3069.319319319319	1	0.4232060072307482	-5.976562862498756e-10	0
6283185.307179586	1448.3483483483483	2	1.172598174069868	1.5336198155933127e-09	0
6283185.307179586	975.2752752752752	1	-0.8844723655187012	1.6182575838972686e-10	1
6283185.307179586	2109.259259259259	1	0.1268953160765467	8.630287480933484e-10	0
6283185.307179586	1601.4014014014015	1	-1.4944975590016294	-1.845407841530939e-09	2
6283185.307179586	1302.2522522522522	1	-0.5669519513932166	-1.6278963703867895e-09	0
6283185.307179586	2074.474474474475	2	-0.36347999497396755	7.756917129218391e-10	0
6283185.307179586	3305.855855855856	2	-0.42200884583323806	-1.0739959767779174e-09	0
6283185.307179586	2749.2992992992995	2	-0.6409676268520488	1.0399865872054461e-10	1
6283185.307179586	2359.70970970971	2	1.5440410121649917	1.4187719004363136e-09	1
6283185.307179586	1566.6166166166167	3	0.8969568872233169	-1.7460820657262613e-09	0
6283185.307179586	822.2222222222223	3	0.8973960646127495	9.174176742422885e-10	2
6283185.307179586	2825.825825825826	2	-1.2458417013526784	-1.865043566359727e-09	0
6283185.307179586	2338.838838838839	1	1.5538677196491872	-3.625884611364937e-10	1
6283185.307179586	2025.7757757757759	2	1.378920631470156	1.8792670775877565e-09	1
6283185.307179586	1580.5305305305305	2	0.3036249405446687	1.0926904162019796e-09	0
6283185.307179586	460.46046046046047	3	1.1253520079612809	-1.7894172925410665e-09	0
6283185.307179586	2533.6336336336335	2	0.6002730592025944	-1.3073938667263898e-09	0
6283185.307179586	1789.2392392392394	3	-1.3886983475278318	5.768726439690927e-10	2
6283185.307179586	1350.950950950951	1	1.2571050453855834	-1.051279817268921e-09	1
6283185.307179586	3124.974974974975	1	0.14423383947105517	-5.590895347968524e-10	0
6283185.307179586	523.0730730730731	3	1.237179347168306	-6.99380648686172e-10	2
6283185.307179586	1490.0900900900901	1	1.1218825821382468	-8.732399390170804e-10	1
6283185.307179586	2679.72972972973	2	-0.7565170009527371	-9.454859542716713e-11	1
6283185.307179586	884.8348348348349	3	-0.8386522549031705	8.618920268571314e-10	1
6283185.307179586	2234.4844844844847	3	1.4408909424557321	1.873144764315405e-09	2
6283185.307179586	3639.7897897897897	1	1.181035002818871	-5.013377675512762e-11	2
6283185.307179586	2644.944944944945	3	-0.9515731648491258	-1.8695907917219017e-09	0
6283185.307179586	1900.5505505505505	3	1.0170963535201798	-1.6995702500754774e-09	0
6283185.307179586	2784.084084084084	1	-0.15485589329526506	3.7235245606648576e-10	1
6283185.307179586	3062.3623623623625	3	0.3962880390782235	-1.5378828524724209e-09	0
6283185.307179586	1295.2952952952953	2	-1.0438206143061102	-9.834673433936498e-10	1
6283185.307179586	3229.3293293293295	1	0.9276117877514123	3.1224423590278254e-10	2
6283185.307179586	2018.818818818819	2	0.10757731862979747	-3.3647118320800604e-10	2
6283185.307179586	1928.3783783783783	1	1.3281312138120116	-1.0544479759209368e-09	2
6283185.307179586	947.4474474474474	3	-1.3279646801178666	1.2185760356272386e-09	2
6283185.307179586	2262.3123123123123	2	0.8043228021890592	-1.945842916332411e-09	0
6283185.307179586	2352.7527527527527	1	0.6872842391838825	1.0592838014344164e-09	0
6283185.307179586	1545.7457457457458	3	0.6193316299228089	-1.4996588545650452e-09	0
6283185.307179586	2130.13013013013	3	-0.5371969043337967	-1.0678702739663636e-09	0
6283185.307179586	2039.6896896896897	2	-0.8111800490708232	-3.785504227396494e-11	1
6283185.307179586	1163.113113113113	1	-0.795479234915276	1.401618594838526e-10	2
6283185.307179586	1830.980980980981	2	0.21246716152881806	8.169276722761104e-10	0
6283185.307179586	1072.6726726726727	3	0.6659529788418563	3.480708825328504e-10	1
6283185.307179586	1615.3153153153153	1	0.547638628684906	-1.2859648560751485e-09	0
6283185.307179586	1726.6266266266266	3	-0.8219017234044037	-1.539628186491759e-10	2
6283185.307179586	1650.1001001001002	1	0.48426528929223744	1.8490354899674348e-09	0
6283185.307179586	1510.960960960961	1	-0.03720412783308502	-9.682714477428297e-10	0
6283185.307179586	1768.3683683683685	1	-0.1889004021870384	-7.591175085337852e-10	0
6283185.307179586	1065.7157157157158	1	1.4231216698870508	1.3329839176238507e-09	2
6283185.307179586	996.1461461461462	2	0.8107071363953748	6.650514194620745e-10	2
6283185.307179586	1010.0600600600601	1	0.727888737477052	-1.5898144924468253e-09	0
6283185.307179586	2951.051051051051	1	-0.9957388584612222	-1.2512241210301409e-09	0
6283185.307179586	2450.1501501501502	1	-1.5034994103676096	-2.28894668163361e-10	1
6283185.307179586	2999.7497497497498	3	0.835139367568678	-1.1647949818005748e-09	0
6283185.307179586	2088.388388388388	1	1.39594173179632	1.1224536437565817e-09	2
6283185.307179586	3465.865865865866	2	-0.6658015927181312	-8.574613345120663e-10	0
6283185.307179586	1072.6726726726727	3	-0.7045797635586468	-6.659345860292981e-10	1
6283185.307179586	1691.8418418418419	1	-1.2335938240522755	-1.7326243301067686e-09	0
6283185.307179586	1246.5965965965966	2	-1.536671612413911	3.7999387636881025e-10	2
6283185.307179586	2283.1831831831832	3	-0.6067508699377403	-7.696722576874065e-10	0
6283185.307179586	1142.2422422422424	2	-1.286012183691681	-1.4407336853708884e-09	1
6283185.307179586	2366.6666666666665	3	-0.16769886917161503	7.044793136975938e-10	0
6283185.307179586	2519.7197197197197	2	-0.2241750379330607	1.8626441524097824e-09	0
6283185.307179586	1316.1661661661662	3	0.028155478931136013	9.8527507026596e-10	0
6283185.307179586	3006.706706706707	1	0.8482234325917255	1.086707485529021e-09	0
6283185.307179586	829.1791791791792	3	-0.3678067224477659	-6.99049423201426e-10	0
6283185.307179586	1281.3813813813815	3	1.4484819409801468	-1.3391949189783215e-09	2
6283185.307179586	599.5995995995996	2	1.1077446427439064	-7.935993425898969e-10	1
6283185.307179586	3528.478478478479	2	1.3886912849214608	7.918313756862631e-10	2
6283185.307179586	2255.3553553553556	3	0.797543378743689	-1.5772796197763822e-09	0
6283185.307179586	947.4474474474474	1	-0.8656624981525058	1.4538902648962141e-09	0
6283185.307179586	3097.1471471471473	2	-0.18457609875129677	-1.7626195245462074e-09	0
6283185.307179586	1420.5205205205204	2	-0.4003962267204728	-3.304921294939933e-10	1
6283185.307179586	4112.862862862863	1	-0.008604381472960831	-2.2499382429499174e-10	0
6283185.307179586	2345.795795795796	2	0.41149474928794993	-7.82330316702402e-10	0
6283185.307179586	3215.4154154154153	2	-0.05051889740629134	-1.6378525185848831e-09	0
6283185.307179586	2631.031031031031	1	-0.24069064235257787	-1.999095415117729e-09	0
6283185.307179586	1524.8748748748749	1	1.2478996782561018	-1.8158671541321594e-10	2
6283185.307179586	1921.4214214214214	3	-1.5025178427731616	-7.762258127020685e-10	2
6283185.307179586	1142.2422422422424	2	1.1843554359256472	4.411482978424017e-10	2
6283185.307179586	1267.4674674674675	2	-0.23359612027290333	-8.726095318328984e-10	0
6283185.307179586	1810.11011011011	1	-1.3958982470373522	4.1774836602561606e-10	2
6283185.307179586	2018.818818818819	2	-1.0022881567798865	-1.4446327015460097e-09	0
6283185.307179586	2624.0740740740744	3	1.0921923795606827	-6.207710405226328e-10	2
6283185.307179586	1497.047047047047	1	-1.5693087057630373	3.127140212287383e-10	2
6283185.307179586	1364.864864864865	2	0.6931769794021259	-1.6696292690514749e-09	0
6283185.307179586	2443.193193193193	2	-1.4204617326572053	9.356537696894634e-10	1
6283185.307179586	2853.6536536536537	1	0.12775322693489954	-1.4479894214513932e-09	0
6283185.307179586	1427.4774774774776	3	-0.644477634207373	1.4489490181546748e-09	0
6283185.307179586	1462.2622622622623	2	0.5535258695584222	1.9116422964051183e-09	0
6283185.307179586	1997.947947947948	3	0.8101096806587353	-5.667426709393837e-10	1
6283185.307179586	2902.352352352352	1	0.9375792251724886	-1.0407140068176065e-09	0
6283185.307179586	1490.0900900900901	2	-1.1781666736976342	-1.2098329678588504e-10	2
6283185.307179586	1330.08008008008	3	-0.21730799458685635	-1.262076313024721e-10	2
6283185.307179586	1559.6596596596596	2	-1.1963115190615707	-1.1565868092277265e-09	1
6283185.307179586	1510.960960960961	3	-1.5693800443048194	1.269092891536618e-09	2
6283185.307179586	1239.6396396396397	2	-0.031807237139305	-4.262782266317053e-11	0
6283185.307179586	2241.4414414414414	2	-0.3662571088989597	6.172490639819706e-10	0
6283185.307179586	2088.388388388388	2	-0.6706516360292569	-1.0384234756883051e-09	0
6283185.307179586	1274.4244244244244	1	0.9603241844221619	-1.0540238402870956e-09	0
6283185.307179586	1782.2822822822823	3	-0.21852010772602637	1.7920212933862867e-09	0
6283185.307179586	2477.977977977978	2	1.0506345946391389	-9.339332061904765e-10	0
6283185.307179586	2074.474474474475	3	1.1169159329654614	-5.137418779936232e-10	2
6283185.307179586	2498.848848848849	2	-1.1065305091540987	-1.9451349166855939e-10	1
6283185.307179586	1615.3153153153153	2	0.49440406580208185	-1.301758539880565e-10	2
6283185.307179586	1747.4974974974975	2	-0.33532302349485055	-1.3419699523655075e-09	0
6283185.307179586	2679.72972972973	2	-0.9545746164070849	1.972286615987886e-09	0
6283185.307179586	2304.054054054054	3	-0.48373718904966534	-5.846429098281475e-11	2
6283185.307179586	2255.3553553553556	2	-0.38740082456786107	2.7047665050923704e-10	1
6283185.307179586	2832.7827827827828	1	1.027516901518347	1.7714480865930533e-09	0
6283185.307179586	1510.960960960961	1	-0.6910440867018116	1.2571129698209322e-09	0
6283185.307179586	2185.7857857857857	1	-0.847043882074615	8.765836642525592e-10	0
6283185.307179586	836.1361361361362	1	-0.22419859553407684	1.1454715899051654e-09	0
6283185.307179586	1643.143143143143	3	0.8441601540789305	-1.8547398099223297e-09	0
6283185.307179586	912.6626626626627	3	-0.5283299257282812	1.1719029536484788e-09	0
6283185.307179586	2999.7497497497498	3	-0.6235590281821616	-3.258220661699469e-10	2
6283185.307179586	2665.8158158158158	3	1.1152373280708607	-1.6772623820042641e-09	0
6283185.307179586	905.7057057057058	2	-1.0768343462972803	-1.074425077742436e-09	1
6283185.307179586	1434.4344344344345	2	-1.241527986853058	-8.582866168401427e-10	1
6283185.307179586	1886.6366366366367	1	-0.7582971473713136	-1.1910289123740374e-09	0
6283185.307179586	481.33133133133134	2	-0.1758557866792536	8.452191410865208e-11	2
6283185.307179586	1817.0670670670672	2	0.2790923995413881	7.15950981212794e-10	0
6283185.307179586	2909.3093093093094	3	0.9734215831333279	2.4390279733709097e-10	2
6283185.307179586	1330.08008008008	2	-1.386852764110017	-7.395230171037679e-10	1
6283185.307179586	2408.4084084084084	3	-1.2431961048744036	-1.076746481368604e-09	2
6283185.307179586	1657.0570570570571	3	0.7864303958640053	1.939784000519804e-09	0
6283185.307179586	3319.76976976977	3	-1.0795396916292852	-9.452062879377108e-10	0
6283185.307179586	968.3183183183183	1	-0.13943868430009587	-1.6052687628705333e-09	0
6283185.307179586	2867.5675675675675	3	1.3460175477639278	1.0684769964857727e-09	2
6283185.307179586	2102.3023023023025	3	0.671780670670751	-3.77764968482765e-10	2
6283185.307179586	801.3513513513514	2	0.7360687132314512	9.275753382251142e-10	0
6283185.307179586	877.877877877878	2	1.4135072886921485	-1.0789254596094022e-09	2
6283185.307179586	1837.937937937938	3	-1.1318482301607413	1.406058458059338e-09	0
6283185.307179586	773.5235235235235	3	-0.04283923720481586	-1.3803832497770723e-09	0
6283185.307179586	1650.1001001001002	3	-0.9652353888886853	1.6103639467036441e-09	0
6283185.307179586	1183.983983983984	2	0.047696250038091303	1.4481543557399865e-09	0
6283185.307179586	3229.3293293293295	3	0.9137622790072562	1.457982253180582e-09	0
6283185.307179586	2164.914914914915	1	-0.27198767318893435	-1.832507206381795e-09	0
6283185.307179586	1984.034034034034	1	0.5682633744220289	5.450456639040183e-10	0
6283185.307179586	3758.058058058058	2	-0.4672277667027598	-7.568433627144144e-10	0
6283185.307179586	1330.08008008008	2	-0.7489022515964678	3.209618308028716e-10	1
6283185.307179586	1622.2722722722724	2	-0.2313243533004976	1.3934634969327462e-09	0
6283185.307179586	3250.2002002002005	3	-1.1644665583091385	4.1661294123789826e-10	2
6283185.307179586	1434.4344344344345	3	0.32925144763034986	1.8044863070860881e-09	0
6283185.307179586	2575.3753753753754	2	-0.15342228675437042	1.4803913233571077e-09	0
6283185.307179586	3055.4054054054054	1	-0.87052701786859	6.068517396023024e-10	0
6283185.307179586	474.3743743743744	3	0.3512667557013649	1.428968951508399e-09	0
6283185.307179586	2067.5175175175173	2	1.517539363725736	1.3596567755035347e-09	1
6283185.307179586	2533.6336336336335	1	0.3088299557499199	1.3912164715178089e-09	0
6283185.307179586	1810.11011011011	1	-0.08122431398595253	9.887551362094784e-10	0
6283185.307179586	1552.7027027027027	3	1.086941054956414	-1.3395182566493817e-09	0
6283185.307179586	1886.6366366366367	2	-0.6431982743624736	-1.9341503353934484e-09	0
6283185.307179586	2178.828828828829	1	-0.36356949438253716	7.377097992430258e-10	0
6283185.307179586	286.5365365365366	2	1.2774070980817975	-1.4216754332633515e-09	1
6283185.307179586	1239.6396396396397	3	1.3293272157009808	1.7906883177343681e-09	1
6283185.307179586	2415.3653653653655	1	0.25303128424000154	-5.092944203591917e-10	0
6283185.307179586	1803.1531531531532	1	0.6411597797791289	1.78744049755948e-10	2
6283185.307179586	1364.864864864865	1	-0.00905627694223976	1.0755467019185382e-09	0
6283185.307179586	947.4474474474474	2	-0.12723955790711816	-1.9190242107552066e-09	0
6283185.307179586	1677.927927927928	3	-0.8084287763524778	-7.248935232005832e-10	0
6283185.307179586	1364.864864864865	3	0.26379192987719846	1.0142084887899088e-09	0
6283185.307179586	1483.1331331331332	2	-0.4125236569891919	1.4560490006816376e-09	0
6283185.307179586	2825.825825825826	2	0.15799244083053376	-1.998930710777933e-09	0
6283185.307179586	1225.7257257257259	1	-0.6744350738425143	1.7292665726357465e-09	0
6283185.307179586	1010.0600600600601	3	1.3163564532098868	-9.89884218787311e-10	1
6283185.307179586	2860.610610610611	3	-0.819380716712649	-7.626930613674654e-10	0
6283185.307179586	1225.7257257257259	1	1.055902187817701	-6.844088660511378e-10	1
6283185.307179586	1928.3783783783783	1	-0.08455958402837616	9.179132648779844e-10	0
6283185.307179586	1608.3583583583584	2	-1.318386050510075	-6.590114888258039e-10	1
6283185.307179586	3006.706706706707	1	0.8177356556281339	-2.4055655796977496e-10	2
6283185.307179586	1072.6726726726727	3	-1.241782363956721	1.4571633174180122e-09	2
6283185.307179586	523.0730730730731	3	0.7223758959827307	9.588130110959733e-11	2
6283185.307179586	3792.842842842843	1	1.5571795208473729	1.198162830515197e-09	2
6283185.307179586	1086.5865865865867	3	-0.5236063178106751	-2.239666015251051e-10	2
6283185.307179586	2311.011011011011	1	1.0896384997920734	-1.6869926213015988e-09	0
6283185.307179586	1719.6696696696697	3	1.4251870340338018	9.460046905959314e-10	2
6283185.307179586	891.7917917917919	3	1.5041529908041142	8.42520168206166e-10	1
6283185.307179586	2297.097097097097	3	0.38983066657717624	-9.4820829268811e-10	0
6283185.307179586	1469.2192192192192	1	0.9221497196523414	1.2277730728442556e-09	0
6283185.307179586	3340.640640640641	2	0.008158109384487577	1.7896415028197215e-09	0
6283185.307179586	2387.5375375375374	1	-1.1921431455232152	-5.229364816020858e-10	2
6283185.307179586	620.4704704704704	1	0.6506189307237391	-4.5739497834551063e-10	2
6283185.307179586	1260.5105105105106	1	0.18064797930581022	1.8147028715925507e-09	0
6283185.307179586	1239.6396396396397	1	0.22149869356566465	-3.984536228484523e-10	1
6283185.307179586	2241.4414414414414	2	1.154314496996168	-8.833582415628208e-10	2
6283185.307179586	1559.6596596596596	3	-0.8402940258414952	5.906489824028131e-10	1
6283185.307179586	1664.014014014014	1	-0.9382818221780574	-1.4517012945973483e-10	2
6283185.307179586	2366.6666666666665	3	0.9670595223522125	3.5528974235058757e-10	2
6283185.307179586	905.7057057057058	3	-1.5024829738097654	-2.923654136084064e-10	1
6283185.307179586	1796.1961961961963	3	0.3044851273180531	1.918402794454568e-09	0
6283185.307179586	2596.2462462462463	2	-0.4315820167002433	-1.3454794055062603e-09	0
6283185.307179586	1747.4974974974975	1	0.9855869226284044	1.1453640308712634e-09	0
6283185.307179586	3451.951951951952	2	0.9013706742418797	-6.03669535818678e-10	0
6283185.307179586	2123.1731731731734	2	1.0686141036429961	3.0397522217667845e-10	2
6283185.307179586	1559.6596596596596	3	1.4078605844663836	-1.5263923124888455e-09	2
6283185.307179586	3424.124124124124	3	-0.22194438091806967	1.0335654306776515e-09	0
6283185.307179586	690.04004004004	3	1.153067847499015	8.299713204361428e-12	2
6283185.307179586	2505.805805805806	3	0.8440763656250936	4.512769934415972e-10	2
6283185.307179586	1719.6696696696697	1	-0.7535226480277885	-1.8762699737331557e-09	0
6283185.307179586	2721.4714714714714	3	0.9727987658394288	-1.829892379996729e-10	2
6283185.307179586	620.4704704704704	3	-0.5796781453508678	1.0315021462576884e-10	2
6283185.307179586	1830.980980980981	1	-0.2961603806759392	-1.7322542468154607e-09	0
6283185.307179586	724.8248248248249	2	0.6701572527419057	-1.5117205869653777e-09	0
6283185.307179586	2471.021021021021	1	-0.910203935215262	-1.4626114661984308e-09	0
6283185.307179586	919.6196196196197	3	0.7406643302989089	1.0881253575438593e-09	0
6283185.307179586	1879.6796796796798	1	0.38361967864455715	-5.273333571740943e-10	0
6283185.307179586	703.9539539539539	1	0.7556506843833257	1.950077559413956e-09	0
6283185.307179586	2276.226226226226	1	-1.2170473258878391	-1.1102885329176664e-09	1
6283185.307179586	940.4904904904905	3	-0.5230297190733395	-1.4580274670323794e-09	0
6283185.307179586	2227.5275275275276	3	-1.281032503793289	-1.6178146663665191e-09	0
6283185.307179586	1587.4874874874874	3	0.8029444637987897	-1.989770359729448e-09	0
6283185.307179586	3278.028028028028	1	0.6759690065343142	1.8938218672644192e-09	0
6283185.307179586	1594.4444444444446	2	0.29663552305642504	1.1715607793468923e-09	0
6283185.307179586	4029.3793793793793	3	0.7918277195326744	5.710123318199189e-10	0
6283185.307179586	2791.041041041041	3	-1.2208863343607175	1.7073451248363088e-09	0
6283185.307179586	1392.6926926926926	3	1.1909770921592746	-9.550827690744059e-10	2
6283185.307179586	982.2322322322323	2	0.4773768823927438	-5.124150729650898e-10	1
6283185.307179586	530.03003003003	3	-1.228302253198094	1.1490871277288917e-09	2
6283185.307179586	1900.5505505505505	2	0.4867460142175202	2.013310790311064e-10	2
6283185.307179586	2561.4614614614616	2	-0.2780926267324286	1.0282281493583036e-09	0
6283185.307179586	1733.5835835835837	3	-0.1475966457033282	1.93492604684831e-09	0
6283185.307179586	1483.1331331331332	3	0.3103725673497779	4.014705309180964e-11	1
6283185.307179586	2004.904904904905	3	0.07353203172175293	1.1173572743681683e-09	0
6283185.307179586	1601.4014014014015	3	-0.9037737667263879	-3.1947580890460976e-10	2
6283185.307179586	1698.7987987987988	3	-0.25353795587113637	5.957093976684914e-10	0
6283185.307179586	2526.676676676677	2	-0.25011351787127856	1.8371934290556308e-09	0
6283185.307179586	2192.742742742743	1	0.9420326726910604	1.9901766792646273e-09	0
6283185.307179586	1691.8418418418419	3	0.732822746313627	-6.688220431011739e-10	0
6283185.307179586	808.3083083083084	1	-0.14720378310041693	1.1520874357328694e-09	0
6283185.307179586	432.63263263263264	2	-0.36741427435071383	-1.7985135069096813e-10	1
6283185.307179586	1949.2492492492493	1	-1.0352056134735617	-3.885286322108232e-10	2
6283185.307179586	2533.6336336336335	3	-0.3400094342104403	-9.582054307891827e-10	0
6283185.307179586	1371.821821821822	3	-0.44215739454865743	-5.046625117051379e-10	1
6283185.307179586	1476.176176176176	1	-0.41905861010229395	-1.563154172841498e-09	0
6283185.307179586	1434.4344344344345	2	0.9463478541728523	3.3068554397245777e-10	2
6283185.307179586	1023.973973973974	1	0.6371717649233801	1.6300104280418173e-09	0
6283185.307179586	1990.9909909909911	3	1.242687064214731	-1.7935490169667771e-09	0
6283185.307179586	2408.4084084084084	1	1.4677043593630494	6.281212826170448e-10	2
6283185.307179586	1483.1331331331332	2	0.7861064177208417	-1.7971461788315614e-09	0
6283185.307179586	1949.2492492492493	1	1.321368498943385	1.0848011839310254e-10	1
6283185.307179586	1664.014014014014	1	-0.18382973244148992	9.97799089152569e-13	2
6283185.307179586	2491.891891891892	1	0.47782218859196623	1.5416200125541742e-09	0
6283185.307179586	1455.3053053053054	1	-1.0537099100349372	7.14188556672863e-10	2
6283185.307179586	2533.6336336336335	2	1.2603585840496594	-1.294835995715482e-09	1
6283185.307179586	877.877877877878	3	-0.07120023940655407	1.8805459208637797e-09	0
6283185.307179586	2199.6996996997	1	0.25785906795414726	-1.3966465577469994e-09	0
6283185.307179586	1789.2392392392394	3	-1.1212884572424209	1.2395588483858346e-09	0
6283185.307179586	1267.4674674674675	2	1.4458531400805308	-1.3890083718409017e-09	1
6283185.307179586	2714.5145145145148	1	-1.2339340273264323	-1.481384081056789e-09	0
6283185.307179586	1712.7127127127128	1	0.682326743819806	1.8976063416747486e-09	0
6283185.307179586	2971.921921921922	1	-1.4925888460145507	7.262358589904148e-10	2
6283185.307179586	3410.2102102102103	2	-0.7395528029283364	1.8045728696986803e-09	0
6283185.307179586	1316.1661661661662	2	-1.2157434990814147	-1.5060647389685108e-09	0
6283185.307179586	3173.673673673674	3	0.35351628271706237	7.843879021518543e-11	2
6283185.307179586	2380.5805805805808	2	-1.0409321234392819	1.1839253658748163e-09	0
6283185.307179586	961.3613613613613	2	0.9884592596642041	-3.8138372383178164e-10	1
6283185.307179586	724.8248248248249	2	-0.08930916351210039	1.8629313196194444e-09	0
6283185.307179586	1761.4114114114116	2	-0.616817017020592	-4.5556842568874555e-10	1
6283185.307179586	1990.9909909909911	1	1.2813899814069187	-1.6039785761860755e-09	1
6283185.307179586	724.8248248248249	1	-1.5630329873219038	-1.6021035781622763e-09	1
6283185.307179586	1524.8748748748749	1	-1.1210306065974085	-4.912026288300585e-10	1
6283185.307179586	1949.2492492492493	3	-0.39592384679623693	-1.2139215374503238e-09	0
6283185.307179586	926.5765765765766	1	-0.5764570654727331	-1.8881312957049587e-09	0
6283185.307179586	780.4804804804805	2	-0.22320346960808113	-6.477966727085761e-10	1
6283185.307179586	1177.027027027027	2	1.5082896996342718	-5.048625377048594e-10	2
6283185.307179586	258.70870870870874	1	1.4153669047669322	2.5932955547291855e-10	1
6283185.307179586	1107.4574574574574	1	1.192901233435331	-1.7409917480911671e-09	0
6283185.307179586	1177.027027027027	1	-1.2229734530838148	-1.896525179817667e-09	0
6283185.307179586	2116.2162162162163	2	-0.5441388919120462	1.8105072309587375e-09	0
6283185.307179586	1664.014014014014	1	-1.2300942111560218	-1.4090756755580559e-09	1
6283185.307179586	1580.5305305305305	3	-0.7199680427280414	-6.296229145983099e-10	0
6283185.307179586	1371.821821821822	3	0.11111528957972294	-6.60560970593187e-10	0
6283185.307179586	1670.970970970971	2	1.3297186225139654	-1.8316002310083875e-09	1
6283185.307179586	1218.7687687687687	3	1.0727629321297423	1.1765269498761174e-09	0
6283185.307179586	2192.742742742743	3	1.3310531051241896	-1.0858479812291821e-09	2
6283185.307179586	1350.950950950951	2	-1.4834912573034191	-4.0220487288547574e-10	2
6283185.307179586	2053.603603603604	3	-0.8895175522673059	1.5074087231404337e-09	0
6283185.307179586	1107.4574574574574	2	1.0118974481410947	-1.4817068926074102e-09	0
6283185.307179586	1420.5205205205204	1	-0.4175942335396634	-8.478868193070199e-10	0
6283185.307179586	2352.7527527527527	1	-0.8160481354569484	-1.1272389018716301e-10	1
6283185.307179586	1524.8748748748749	3	-1.00596590825882	1.0952456023429839e-10	2
6283185.307179586	2116.2162162162163	1	0.828036012423881	8.284185253790471e-10	0
6283185.307179586	2081.4314314314315	3	0.9530370619309338	-8.893786435325342e-10	0
6283185.307179586	2227.5275275275276	1	-0.8530095149872526	2.1725159772893007e-10	2
6283185.307179586	1657.0570570570571	3	1.257518256248527	1.9151159539013257e-09	0
6283185.307179586	2749.2992992992995	1	0.1726427303667979	-1.9310313837117497e-09	0
6283185.307179586	1100.5005005005005	3	-0.06358712332967964	6.153970017011354e-10	0
6283185.307179586	1100.5005005005005	2	0.31148601522826413	-7.785966425063369e-10	0
6283185.307179586	863.963963963964	3	0.791683181376909	6.504175848480178e-10	2
6283185.307179586	2081.4314314314315	2	1.0740786322204183	5.176932623940122e-10	1
6283185.307179586	1740.5405405405406	2	0.20871674729524425	6.625464234039129e-10	0
6283185.307179586	1594.4444444444446	2	1.2165449105807702	1.7782983302762388e-09	0
6283185.307179586	1156.1561561561562	2	0.9936850382807201	-3.0648388201943747e-10	1
6283185.307179586	2867.5675675675675	2	1.5086207163923446	-9.081870541646416e-10	2
6283185.307179586	1392.6926926926926	2	1.3879269117031758	9.375405230405301e-10	2
6283185.307179586	1044.8448448448448	3	-0.05161824291577277	-5.617228998544724e-10	0
6283185.307179586	2373.6236236236236	2	-0.17639478212049609	-3.814617520746616e-10	1
6283185.307179586	2192.742742742743	3	-0.6086764680525338	1.0874850186330978e-09	0
6283185.307179586	1114.4144144144145	3	1.21471466637374	8.23289168776069e-10	2
6283185.307179586	2311.011011011011	2	-1.4289418742224989	4.612492525242566e-10	2
6283185.307179586	2283.1831831831832	2	-1.31319308434891	2.621418439547522e-10	2
6283185.307179586	1504.004004004004	3	0.9886658021897685	1.224551976077196e-09	0
6283185.307179586	1517.917917917918	3	1.2199466043782965	1.4687831316063e-09	0
6283185.307179586	2693.643643643644	3	1.493798595887737	6.69198243152682e-10	2
6283185.307179586	1928.3783783783783	1	-1.2309842157901874	-1.1337194751297815e-09	2
6283185.307179586	2443.193193193193	1	-0.9450743230793949	-1.0252516905339627e-10	2
6283185.307179586	3451.951951951952	2	-1.4452898124404243	1.1812675817046385e-09	2
6283185.307179586	1601.4014014014015	3	0.3441745823262716	9.535600485655793e-10	0
6283185.307179586	836.1361361361362	1	-0.5678825042479902	1.7515960306376652e-09	0
6283185.307179586	1030.930930930931	1	-0.24536315426554767	-6.69122286771191e-10	0
6283185.307179586	3201.5015015015015	2	-0.5842537147946384	5.379173068444155e-10	0
6283185.307179586	2067.5175175175173	1	-1.0596097033406964	-1.884604075444119e-09	0
6283185.307179586	3131.931931931932	1	1.4616145877700286	-1.1105644038993413e-09	2
6283185.307179586	349.14914914914914	3	-1.4714489858640747	6.306480531643541e-10	2
6283185.307179586	1768.3683683683685	2	0.4365814611364147	1.751362695169274e-09	0
6283185.307179586	1246.5965965965966	1	0.19947578170671032	-6.574806739485518e-10	0
6283185.307179586	1309.2092092092093	3	-0.6707870683257661	-3.653459875191647e-10	2
6283185.307179586	383.93393393393393	2	0.4022065897217453	9.84947581729796e-10	2
6283185.307179586	1343.993993993994	1	-0.2207425863889374	1.7131838383454202e-09	0
6283185.307179586	1183.983983983984	3	-0.7168416504999928	-5.836112922242723e-10	2
6283185.307179586	1970.1201201201202	2	-0.7142167831813673	2.885275051492366e-10	2
6283185.307179586	1622.2722722722724	3	-0.3009748544343622	2.9732389804419965e-10	2
6283185.307179586	2415.3653653653655	2	-0.8420313485894273	9.36554469813926e-10	0
6283185.307179586	1044.8448448448448	2	1.2026936656500808	1.5301830805373732e-09	1
6283185.307179586	1817.0670670670672	2	-1.3225611825777963	-3.816539643679091e-10	1
6283185.307179586	836.1361361361362	1	0.00018017626151256572	1.8229679383567522e-09	0
6283185.307179586	2651.901901901902	1	1.2106221075795895	-1.2089990283361073e-09	0
6283185.307179586	3911.1111111111113	3	0.9863336295212788	-7.413231404477837e-10	0
6283185.307179586	2130.13013013013	3	1.546020360707646	1.591252120266701e-09	1
6283185.307179586	2171.871871871872	1	-0.6837752495677362	1.8219913447303738e-09	0
6283185.307179586	648.2982982982983	2	-0.2817351119055309	3.757770794000723e-10	2
6283185.307179586	1100.5005005005005	2	1.1883049296079866	-3.9082004400852684e-10	2
6283185.307179586	1246.5965965965966	3	1.3643717963271	-3.893080801550038e-10	1
6283185.307179586	1914.4644644644645	1	0.5111755298242917	1.4708939300234427e-09	0
6283185.307179586	926.5765765765766	3	0.4005541326142088	-1.1775636815006796e-09	0
6283185.307179586	1594.4444444444446	2	-0.07480884337976001	3.991906941101514e-10	0
6283185.307179586	752.6526526526527	2	-1.1719961528040939	9.830558923531285e-10	2
6283185.307179586	3062.3623623623625	3	0.022926346119518604	-1.153418136579576e-09	0
6283185.307179586	2255.3553553553556	3	0.5516662902411538	1.620435071237368e-09	0
6283185.307179586	1037.887887887888	2	-1.0400003058330365	-1.6821871251770566e-10	2
6283185.307179586	2227.5275275275276	1	0.18413253476771763	1.4323028389693722e-09	0
6283185.307179586	1483.1331331331332	3	0.29229952386748215	-1.0640054289054445e-09	0
6283185.307179586	996.1461461461462	2	-1.299394214672909	1.3202703869098124e-09	1
6283185.307179586	3723.2732732732734	2	1.4249144640358509	-1.2188046547336052e-09	2
6283185.307179586	1650.1001001001002	2	-0.0723594694082379	-4.870363481556717e-10	0
6283185.307179586	1837.937937937938	2	-0.32314760416222876	1.80024401355025e-09	0
6283185.307179586	1844.8948948948948	3	0.012637028041646348	1.5070564992630653e-10	0
6283185.307179586	1281.3813813813815	1	0.9859201102702952	-1.895344410633559e-09	0
6283185.307179586	2637.987987987988	1	0.47020521771962986	1.3962125313872286e-09	0
6283185.307179586	1364.864864864865	1	0.5329814496847645	7.009548562063866e-10	0
6283185.307179586	2157.957957957958	1	-0.613579286260727	7.72573997403248e-10	0
6283185.307179586	1524.8748748748749	3	0.13682326541599177	-1.947971273247747e-09	0
6283185.307179586	2137.087087087087	2	0.45977760876384144	-1.077110510649062e-09	0
6283185.307179586	1636.1861861861862	1	-1.1728853041704792	-5.596095600640335e-10	2
6283185.307179586	1858.8088088088089	2	-0.5917983029436326	1.4133071050986985e-09	0
6283185.307179586	1476.176176176176	2	-1.386219882584765	-9.187140283490827e-10	2
6283185.307179586	1587.4874874874874	2	0.9868384020102114	1.962733829328408e-09	0
6283185.307179586	3549.3493493493493	2	0.4899557794769871	-1.4077925748808028e-09	0
6283185.307179586	2248.3983983983985	2	-0.9889508603076499	1.863214190734894e-09	0
6283185.307179586	2109.259259259259	2	0.7284218578202601	1.9682963079865595e-10	1
6283185.307179586	2902.352352352352	1	0.741755220903491	1.1060673857661511e-09	0
6283185.307179586	2032.7327327327328	1	0.13342514683479778	-1.4601198636930747e-09	0
6283185.307179586	1378.7787787787788	3	0.4199084765971237	-6.130840250668283e-10	0
6283185.307179586	2832.7827827827828	2	-0.15501030742293365	-1.3022181989710402e-09	0
6283185.307179586	2018.818818818819	1	-0.04513875749189178	4.666902901689227e-10	0
6283185.307179586	870.9209209209209	2	0.38538924267534735	1.6823723976828994e-09	0
6283185.307179586	1817.0670670670672	2	-0.8111399537891864	-8.756067739076268e-10	0
6283185.307179586	912.6626626626627	2	0.988296432459256	1.5934456586132576e-10	1
6283185.307179586	982.2322322322323	2	-0.16394846162117438	1.1190913144721168e-09	0
6283185.307179586	655.2552552552553	2	-0.6369269314046856	-1.53649304886474e-09	0
6283185.307179586	850.0500500500501	2	-0.6363425894025813	-8.181459812040185e-10	0
6283185.307179586	2464.064064064064	3	-0.8347006798169706	4.0102529159589746e-10	1
6283185.307179586	1858.8088088088089	3	0.15375198315719985	-1.705679761454786e-09	0
6283185.307179586	536.986986986987	1	0.9415700810211436	3.282637971473339e-10	2
6283185.307179586	891.7917917917919	3	-0.9392659995787304	-1.1328616987606732e-09	0
6283185.307179586	1650.1001001001002	1	-0.26864773621293336	1.3139161313500397e-09	0
6283185.307179586	2693.643643643644	1	0.9599195374098639	1.7544932124239112e-09	0
6283185.307179586	3194.544544544545	2	-1.26508110270183	-1.8083309692817881e-09	0
6283185.307179586	850.0500500500501	3	0.6165403415768407	-4.684052289982192e-10	2
6283185.307179586	1295.2952952952953	3	1.238263870607467	-1.07209532657608e-09	2
6283185.307179586	1837.937937937938	1	-0.6914602371714734	-1.4496226098124385e-09	0
6283185.307179586	1844.8948948948948	2	-0.2894632369074728	-1.398806136694201e-09	0
6283185.307179586	2262.3123123123123	2	-1.5245168462428011	-1.107860309399516e-09	2
6283185.307179586	1629.2292292292293	3	1.4176983079095429	1.0259676345994008e-09	1
6283185.307179586	2039.6896896896897	2	-0.8969348733976646	1.6714523956022943e-09	0
6283185.307179586	4690.290290290291	2	-0.9398412004334126	6.804057173138179e-10	0
6283185.307179586	1698.7987987987988	3	0.5682110739495103	-1.5140899290005603e-09	0
6283185.307179586	766.5665665665666	1	-0.19160791875136862	-1.6555711287271735e-09	0
6283185.307179586	933.5335335335336	2	1.3751486875324797	-2.9987414667485884e-10	2
6283185.307179586	2693.643643643644	1	-0.7729159801340416	4.7349620180207304e-11	2
6283185.307179586	1837.937937937938	1	0.8204380394834714	-1.9943009649783743e-09	0
6283185.307179586	2345.795795795796	1	1.33028966962421	1.4543084242393243e-09	2
6283185.307179586	1615.3153153153153	1	-0.4109986160582	-4.6520091446492545e-11	1
6283185.307179586	2575.3753753753754	1	0.7562950536923632	-4.357110907789275e-10	2
6283185.307179586	1684.884884884885	3	1.06838972832721	-1.0487401502565495e-09	0
6283185.307179586	2039.6896896896897	1	-0.026769751721652746	-6.981086025978413e-10	0
6283185.307179586	884.8348348348349	2	-0.8150367774677859	1.0204481028808458e-09	0
6283185.307179586	1670.970970970971	3	-0.23280827563640982	1.3225853155961056e-09	0
6283185.307179586	1003.1031031031031	3	-0.028811134989825904	-1.856902733605392e-09	0
6283185.307179586	1524.8748748748749	1	-1.1091605662261308	-1.9709007534873315e-09	0
6283185.307179586	2032.7327327327328	3	0.6425544560407315	-3.7414885705385406e-10	2
6283185.307179586	1552.7027027027027	2	-0.16817254856200936	-1.2656071353627968e-09	0
6283185.307179586	1789.2392392392394	3	0.12956800344229924	-9.188385552227878e-10	0
6283185.307179586	1281.3813813813815	3	-1.0004502851056523	8.67999542394498e-10	2
6283185.307179586	2450.1501501501502	2	-0.872080506731625	-6.980719410842076e-10	0
6283185.307179586	2151.001001001001	3	-0.04777701121910494	-1.6646154696479898e-09	0
6283185.307179586	1587.4874874874874	3	-1.2914799394476706	1.6537932020469822e-10	2
6283185.307179586	1204.854854854855	2	1.3642901925233413	1.5817717720799773e-09	2
6283185.307179586	1441.3913913913914	1	-0.5292023876907401	1.6014889680187008e-09	0
6283185.307179586	1107.4574574574574	3	1.1441632319403157	-1.4371112270536097e-09	0
6283185.307179586	300.4504504504505	1	-0.0739783537427614	5.833491007976608e-10	0
6283185.307179586	1566.6166166166167	1	-1.2607861418494237	-1.3986389568988171e-09	2
6283185.307179586	2011.8618618618618	3	0.0279436277648768	-6.180590244942309e-10	0
6283185.307179586	2234.4844844844847	3	-0.17211143991913835	-1.842131979247064e-09	0
6283185.307179586	2728.4284284284286	1	-0.30640763624957645	7.889197627256751e-10	0
6283185.307179586	1260.5105105105106	1	-0.09510347425158505	5.144796233133803e-10	0
6283185.307179586	1239.6396396396397	3	1.1137421260215299	8.730505422516993e-10	2
6283185.307179586	1399.6496496496497	1	-0.692559682312536	-1.9032061336303055e-09	0
6283185.307179586	1309.2092092092093	2	1.1156220398323327	-9.07066257364892e-10	2
6283185.307179586	2039.6896896896897	3	1.3050219513492713	-1.2189693125759364e-10	1
6283185.307179586	3173.673673673674	2	0.8829154243416801	8.203548665412571e-10	0
6283185.307179586	891.7917917917919	3	0.5550324301698502	4.921542438206576e-10	2
6283185.307179586	1455.3053053053054	1	1.0557165131642776	5.40613466499761e-10	2
6283185.307179586	1517.917917917918	2	1.2557551348577478	1.64215846626186e-09	0
6283185.307179586	1684.884884884885	3	-0.6951532137216181	3.472292259841923e-10	2
6283185.307179586	592.6426426426426	2	-0.7709424257323716	-1.7213924165179373e-09	0
6283185.307179586	1754.4544544544544	1	-1.2862946046417407	-8.566501066070141e-10	1
6283185.307179586	1900.5505505505505	2	0.22150786038659032	-1.8768915794380194e-09	0
6283185.307179586	1851.851851851852	1	-0.11210613072420705	-6.247443550751615e-10	0
6283185.307179586	3208.4584584584586	1	0.8097712236765289	-1.02492439393197e-09	0
6283185.307179586	1691.8418418418419	2	-0.09982459048609327	-1.94993497448212e-09	0
6283185.307179586	1406.6066066066066	1	1.1516249374318313	4.4315592466101796e-10	2
6283185.307179586	2937.1371371371374	2	-0.7025739371826529	-1.6593618703889926e-09	0
6283185.307179586	989.1891891891892	2	-0.688215431216744	1.347996347102472e-09	0
6283185.307179586	1378.7787787787788	2	0.3342862979252401	1.3920811286997708e-09	0
6283185.307179586	1747.4974974974975	1	-0.5997532678176007	-6.187332604968262e-10	0
6283185.307179586	1650.1001001001002	1	0.6256554525239437	1.809325593862278e-10	1
6283185.307179586	947.4474474474474	1	-1.2205475600661326	-9.580872548410966e-10	2
6283185.307179586	1504.004004004004	2	-1.3084408429916814	2.180223003215664e-10	2
6283185.307179586	947.4474474474474	3	-0.17811555307260218	-1.6618768226908094e-09	0
6283185.307179586	2074.474474474475	2	1.097959907429682	9.959715651641193e-10	0
6283185.307179586	947.4474474474474	2	-0.02368339846133871	9.485065138608995e-10	0
6283185.307179586	996.1461461461462	1	-1.0609897713037935	-6.847171240039027e-10	1
6283185.307179586	2297.097097097097	3	-0.029983907634622886	-1.2676937445036886e-10	0
6283185.307179586	1587.4874874874874	2	-0.16115464386838352	-3.566897197003881e-10	2
6283185.307179586	1142.2422422422424	2	-0.8601060237362774	-6.162001822333903e-10	2
6283185.307179586	1225.7257257257259	3	0.7952426327399671	-1.7659694481399178e-09	0
6283185.307179586	1295.2952952952953	2	0.4833306591770712	-1.1794055898179768e-09	0
6283185.307179586	2797.997997997998	3	-0.48220062779307904	1.6344734048603242e-09	0
6283185.307179586	2749.2992992992995	1	-0.4991308219582935	1.96476495471247e-09	0
6283185.307179586	3090.19019019019	2	0.24422150376272578	1.8994752371480885e-10	2
6283185.307179586	1072.6726726726727	1	-0.42993976625595764	-4.336586149712266e-11	1
6283185.307179586	1726.6266266266266	2	0.6072717474162981	-1.3695317243336308e-09	0
6283185.307179586	3173.673673673674	3	-1.4782883797384112	5.978386559429284e-10	2
6283185.307179586	1441.3913913913914	1	-0.9634954200850642	5.017146472528796e-10	2
6283185.307179586	1142.2422422422424	1	-1.0625927560283888	-1.8018571452629872e-09	0
6283185.307179586	550.900900900901	2	-0.740826431976834	4.5744033432438035e-10	2
6283185.307179586	2443.193193193193	1	0.1857274737023047	7.981836467700369e-10	0
6283185.307179586	2255.3553553553556	3	-0.02288145573663325	6.273607057348606e-10	0
6283185.307179586	2185.7857857857857	2	-1.0538037698493548	-1.4007748533286354e-10	2
6283185.307179586	1058.7587587587586	2	-1.5071155786385648	1.9375404509037834e-09	2
6283185.307179586	1274.4244244244244	3	1.036535438938892	1.4018577596090743e-09	0
6283185.307179586	2067.5175175175173	2	0.38040883266586345	-1.8112845496645222e-09	0
6283185.307179586	460.46046046046047	2	0.26718739737489927	8.039481227413508e-11	1
6283185.307179586	696.996996996997	2	1.5071575716581789	1.9144700711605084e-10	1
6283185.307179586	3013.6636636636636	1	0.12527275186753806	-3.485520943955747e-10	1
6283185.307179586	1719.6696696696697	3	0.17464269013083555	1.7818842982893497e-09	0
6283185.307179586	2603.2032032032034	1	-0.9078961209597091	8.767609175143919e-10	0
6283185.307179586	2102.3023023023025	2	-0.2761825976651029	1.404046102999559e-09	0
6283185.307179586	1448.3483483483483	2	0.27750663399328634	8.545152675469714e-10	0
6283185.307179586	2498.848848848849	3	1.4277216355945077	-4.6097218211124834e-10	2
6283185.307179586	2603.2032032032034	2	0.33885377243005776	1.3711168771671428e-09	0
6283185.307179586	843.0930930930931	3	-1.3397609681423472	3.514617090481462e-10	2
6283185.307179586	1601.4014014014015	3	-0.07845642321268698	-4.7605339684004937e-11	2
6283185.307179586	2324.924924924925	3	0.37499582438025825	5.807912372607242e-10	0
6283185.307179586	1239.6396396396397	1	0.640793681835119	-1.9095092237553464e-09	0
6283185.307179586	787.4374374374374	3	1.2886668630964535	4.390705458581433e-10	1
6283185.307179586	1309.2092092092093	3	1.0144214974005257	4.0243610461394284e-10	1
6283185.307179586	1476.176176176176	2	1.3458140986702287	-1.0182827612522321e-09	2
6283185.307179586	321.3213213213213	3	-1.314720911128124	-1.294415395024717e-10	2
6283185.307179586	996.1461461461462	2	-0.05782520514930245	-1.0131794847107156e-09	0
6283185.307179586	1239.6396396396397	2	-0.9183380661640266	-8.58061720452632e-10	0
6283185.307179586	3500.6506506506507	1	0.38619235872946245	-1.1474106057002245e-09	0
6283185.307179586	4133.733733733734	2	0.3149521560965334	-1.2100298222965216e-09	0
6283185.307179586	1990.9909909909911	2	0.7807097184489846	-4.468137005279633e-10	1
6283185.307179586	1837.937937937938	1	-1.294141046429704	-1.4571610716263611e-09	2
6283185.307179586	1636.1861861861862	3	-0.054686607042532476	-9.817647284799813e-10	0
6283185.307179586	2046.6466466466468	2	-0.8554849567784025	1.1595390796213134e-09	0
6283185.307179586	1775.3253253253254	3	0.9307117258648567	-1.4174871523331381e-09	0
6283185.307179586	3514.5645645645645	2	-1.2455620171323603	-1.0450726802397185e-09	1
6283185.307179586	926.5765765765766	2	0.6478345766049758	-8.220133692352203e-10	0
6283185.307179586	2276.226226226226	3	1.477934355366461	-1.8519631834651078e-09	2
6283185.307179586	2874.5245245245246	1	-0.9134003709551008	2.126209095279741e-10	2
6283185.307179586	1163.113113113113	3	1.2833080889307054	-1.2736098115780905e-09	2
6283185.307179586	2575.3753753753754	3	0.7921544832928062	1.6529594205501024e-09	0
6283185.307179586	1684.884884884885	1	-0.43653634212848424	-1.028322722105303e-12	2
6283185.307179586	2171.871871871872	3	1.4198891099976865	-3.746642582260239e-10	2
6283185.307179586	1615.3153153153153	1	0.07430522346287893	1.1957310635253273e-09	0
6283185.307179586	1343.993993993994	3	0.18935511240144276	-1.6870581592314587e-09	0
6283185.307179586	1538.788788788789	3	-0.8119161735740869	-1.4654491401465043e-09	0
6283185.307179586	2359.70970970971	1	0.8388844947869112	1.1536077124593677e-09	0
6283185.307179586	1712.7127127127128	2	1.431279982876914	-1.4755534828460238e-09	2
6283185.307179586	2130.13013013013	2	-0.3844672686690531	1.3534098203475095e-09	0
6283185.307179586	1357.9079079079079	2	0.41123679937643876	-1.321929918059226e-09	0
6283185.307179586	1622.2722722722724	2	-0.18413510771176966	-2.223582211534167e-10	1
6283185.307179586	2039.6896896896897	2	-1.4005825782373424	1.6508866779273678e-09	1
6283185.307179586	1030.930930930931	3	1.165369965430123	1.8019254749827066e-09	0
6283185.307179586	2436.2362362362364	3	1.510298690477764	-7.996200451526577e-10	1
6283185.307179586	1657.0570570570571	2	-1.2534692445245477	1.511095238490996e-09	1
6283185.307179586	1497.047047047047	3	-0.006525056323319234	1.4021594025564954e-09	0
6283185.307179586	2672.772772772773	3	-1.1277780209523736	-2.1068123625872876e-10	2
6283185.307179586	1545.7457457457458	1	-1.0448953671524328	1.7655022149449513e-09	0
6283185.307179586	808.3083083083084	2	-0.6992178348712521	1.0987619078481307e-09	0
6283185.307179586	1211.8118118118118	2	-1.1969542375595537	-1.3152914689131033e-09	2
6283185.307179586	2387.5375375375374	2	0.8354227848158922	-1.6408697605275755e-09	0
6283185.307179586	829.1791791791792	1	-1.4227281402989493	1.1220260888469758e-09	2
6283185.307179586	2554.5045045045044	3	-0.6834697772464104	-1.6306210599038999e-09	0
6283185.307179586	1364.864864864865	3	0.31086803928822726	-4.3785595027773553e-10	1
6283185.307179586	2540.5905905905906	3	0.16679597815730096	-2.7365177101269386e-10	2
6283185.307179586	829.1791791791792	2	-0.26915821361617165	-8.040358828557998e-10	0
6283185.307179586	2331.881881881882	2	-1.568128827079542	-6.255325234676367e-11	1
6283185.307179586	759.6096096096096	3	-0.08194971195628109	6.336448738716824e-10	2
6283185.307179586	1378.7787787787788	2	0.35122823314004425	-4.357359840872763e-10	1
6283185.307179586	1810.11011011011	3	-0.4811229243818438	-1.4818422751130018e-10	2
6283185.307179586	2665.8158158158158	3	1.4386134350803634	1.939594289936211e-09	2
6283185.307179586	1587.4874874874874	3	0.4873015531626268	-8.891987838578785e-10	0
6283185.307179586	1086.5865865865867	3	0.7446005880849009	-1.952553032635711e-09	0
6283185.307179586	1302.2522522522522	2	-0.928949621400555	-1.7073234647928978e-09	0
6283185.307179586	1023.973973973974	1	-1.1894894497144817	8.042803849475472e-10	2
6283185.307179586	1817.0670670670672	3	0.8172518361114625	-6.19927341793082e-10	1
6283185.307179586	1510.960960960961	3	-0.6741959973771222	8.115511926157228e-10	0
6283185.307179586	592.6426426426426	3	0.38910446063885695	-3.2908529578813725e-10	2
6283185.307179586	2387.5375375375374	2	-0.17102595294895417	-1.0476722272602959e-09	0
6283185.307179586	1650.1001001001002	1	0.2218370340862561	6.587701885637448e-10	0
6283185.307179586	543.943943943944	3	-1.180467094620488	1.956524932205033e-09	1
6283185.307179586	1135.2852852852852	2	0.6184333994889468	-9.804727749216477e-10	0
6283185.307179586	2853.6536536536537	1	-0.08493286909936781	-9.046073475739531e-10	0
6283185.307179586	1044.8448448448448	3	-0.3899652324862817	1.9426855220615123e-09	0
6283185.307179586	307.4074074074074	2	-0.18554901978506222	-9.931708612548281e-10	1
6283185.307179586	1323.1231231231232	1	0.08970489006961424	-7.816681820046553e-11	2
6283185.307179586	1810.11011011011	2	-0.435424501234277	-1.0551634929109368e-09	0
6283185.307179586	655.2552552552553	1	0.629191429576069	-5.145048816854662e-11	2
6283185.307179586	1984.034034034034	2	0.39668094671050325	-1.7155115818217644e-09	0
6283185.307179586	2561.4614614614616	1	0.6336892543782717	8.628376092456115e-10	0
6283185.307179586	2199.6996996997	1	-1.2544038088143803	-2.762535400873052e-10	2
6283185.307179586	1100.5005005005005	1	0.3617864764328651	6.642562257245399e-10	0
6283185.307179586	766.5665665665666	3	1.2426593335829628	1.8218021300031994e-10	2
6283185.307179586	2046.6466466466468	3	-0.7735828625643488	-9.258831396444228e-13	2
6283185.307179586	1253.5535535535537	3	-0.5821897581185836	1.1361231468815466e-09	0
6283185.307179586	2137.087087087087	1	1.0792389946156886	-3.825746245011556e-10	2
6283185.307179586	1914.4644644644645	1	-0.06117238048170992	-1.2930929280346749e-10	0
6283185.307179586	2366.6666666666665	3	-1.1438086626492818	-8.675154982942119e-10	1
6283185.307179586	1100.5005005005005	1	0.677307473950266	1.1913701427191073e-09	0
6283185.307179586	1698.7987987987988	3	1.155995770008989	-1.9281231112553257e-09	0
6283185.307179586	773.5235235235235	3	0.11735226478541771	1.1834948782276086e-09	0
6283185.307179586	2046.6466466466468	1	-0.7710888828933457	-1.102716078852947e-09	0
6283185.307179586	2436.2362362362364	3	1.4430898299156487	3.1746241153036524e-10	1
6283185.307179586	1754.4544544544544	3	0.0654292819806499	-1.1735367601653217e-09	0
6283185.307179586	293.4934934934935	1	-1.115802642522473	4.2990311354692765e-10	2
6283185.307179586	1448.3483483483483	2	1.4707778016832638	-8.768787254881722e-11	1
6283185.307179586	2380.5805805805808	2	-1.4973950114152008	-5.406946723859223e-10	1
6283185.307179586	1963.1631631631633	3	1.2239101836666406	3.502214312414546e-10	2
6283185.307179586	2735.3853853853852	1	-1.0477979399525963	1.2200407039013205e-09	0
6283185.307179586	1225.7257257257259	1	-0.2651234726753464	1.6870662069429521e-09	0
6283185.307179586	2679.72972972973	1	1.2903478090619824	-7.721169473617447e-10	2
6283185.307179586	1810.11011011011	3	0.5717249288438864	1.5953680405017839e-09	0
6283185.307179586	2491.891891891892	2	1.0787656450973828	-4.703821180930481e-10	2
6283185.307179586	1698.7987987987988	1	-1.4665984789736521	-2.899962367432388e-10	2
6283185.307179586	1204.854854854855	2	0.39420422534097543	-3.77118817115988e-10	2
6283185.307179586	1538.788788788789	1	1.5287178955293124	1.7251582855972715e-11	1
6283185.307179586	1170.0700700700702	1	1.156323009899125	1.4608874832853677e-09	0
6283185.307179586	1163.113113113113	1	-0.8561469415473885	-4.569038744681865e-10	2
6283185.307179586	1023.973973973974	2	-0.616513503089837	-1.5380676215070666e-09	0
6283185.307179586	2763.2132132132133	1	1.2777622454787676	8.581456378223995e-10	2
6283185.307179586	1893.5935935935936	1	1.3468789546657969	-1.8117303034133678e-09	2
6283185.307179586	2415.3653653653655	3	-0.35823372507186213	-1.906963939288269e-10	2
6283185.307179586	1997.947947947948	2	-1.351958652521758	5.45704637362939e-11	2
6283185.307179586	2610.16016016016	2	1.210911747641413	9.490192999432081e-10	1
6283185.307179586	2178.828828828829	3	-0.3891163171632823	7.799866895517155e-10	0
6283185.307179586	1406.6066066066066	3	-1.1119946704184533	6.618028920783593e-10	2
6283185.307179586	1719.6696696696697	3	1.0116693112823416	-1.5618080752109226e-09	0
6283185.307179586	1267.4674674674675	3	0.5810435954608231	-2.4824102463205174e-10	2
6283185.307179586	1524.8748748748749	3	0.03665194141551864	-1.5421593270461478e-09	0
6283185.307179586	2366.6666666666665	1	-0.47569916685915214	7.957135982764867e-10	0
6283185.307179586	2498.848848848849	3	1.2718260653716231	4.479334122492991e-10	1
6283185.307179586	857.007007007007	3	-1.5637971349665454	7.382697818964125e-10	2
6283185.307179586	2109.259259259259	2	-0.5601813052852187	-2.4330548922596143e-10	1
6283185.307179586	3229.3293293293295	2	-0.28260432290303616	-1.5378358169697482e-09	0
6283185.307179586	655.2552552552553	2	1.5262722722621693	1.2570426756115045e-09	2
6283185.307179586	975.2752752752752	3	1.4472707566999783	-1.293162017049863e-09	1
6283185.307179586	1121.3713713713714	1	-0.2250849828702901	-3.742134747402485e-10	1
6283185.307179586	1712.7127127127128	3	0.7064633101435733	1.844424955460618e-09	0
6283185.307179586	1100.5005005005005	1	0.05512220022146086	1.404711721837944e-09	0
6283185.307179586	2067.5175175175173	1	-1.1588409381521907	-1.809772794827636e-09	0
6283185.307179586	1295.2952952952953	3	0.8377276195748387	-1.2971080906170447e-09	0
6283185.307179586	2373.6236236236236	2	0.4405046344664276	1.2372530479985792e-09	0
6283185.307179586	1657.0570570570571	2	0.3621229678386033	1.2386726162027768e-09	0
6283185.307179586	2429.2792792792793	1	-0.22645632502142732	1.2834928554476272e-09	0
6283185.307179586	850.0500500500501	3	-0.7247229412715198	1.4068736213223075e-09	0
6283185.307179586	2791.041041041041	3	0.9375670282069564	-1.2091965024067486e-09	0
6283185.307179586	1239.6396396396397	3	0.9646751153388173	1.4819804321947913e-09	0
6283185.307179586	996.1461461461462	2	-0.6900443347290635	6.706215235346321e-10	1
6283185.307179586	1740.5405405405406	3	-0.559648135456833	-2.8722046936487955e-10	2
6283185.307179586	1399.6496496496497	3	0.9129230686546577	-1.0988580229967409e-09	0
6283185.307179586	2380.5805805805808	1	-0.6668296002539594	1.0420179268510514e-09	0
6283185.307179586	1309.2092092092093	2	-0.8372640291408033	-7.195850073025501e-10	2
6283185.307179586	2338.838838838839	2	-0.07881438971825516	-1.4073215604345093e-09	0
6283185.307179586	2032.7327327327328	1	0.8739140539408505	1.3570870203326353e-09	0
6283185.307179586	2589.289289289289	2	-0.07362653586585588	-7.340386433398801e-11	0
6283185.307179586	1657.0570570570571	2	0.8892073403447314	4.527948891672104e-11	1
6283185.307179586	2735.3853853853852	3	0.9069506440147213	2.420657676800923e-11	1
6283185.307179586	2554.5045045045044	2	-1.5507162069488298	-1.0433528665421159e-09	1
6283185.307179586	1490.0900900900901	3	1.1750860367929232	1.0851847291414423e-09	2
6283185.307179586	2839.73973973974	1	-1.3253410788692523	-1.0452062172402412e-09	2
6283185.307179586	2053.603603603604	1	-0.9177434450576873	7.843749409268736e-10	0
6283185.307179586	954.4044044044044	1	0.9874716806261379	-1.0046584924191553e-10	2
6283185.307179586	1350.950950950951	1	-0.13776977285863823	-6.64687437726502e-10	0
6283185.307179586	425.6756756756757	2	1.4553240409850199	8.859429769509072e-10	1
6283185.307179586	300.4504504504505	1	0.39388048456764246	-8.001328451371759e-10	2
6283185.307179586	1566.6166166166167	2	1.1922245979979134	1.362072540372652e-09	0
6283185.307179586	1392.6926926926926	1	-1.4475257705415456	1.7649027678883904e-11	1
6283185.307179586	2123.1731731731734	3	-0.7515522251440496	-1.3769742182044666e-09	0
6283185.307179586	2735.3853853853852	3	-1.4127680411362096	-1.5691341016115352e-09	2
6283185.307179586	829.1791791791792	2	-0.5338218254883615	1.3276386248826584e-09	0
6283185.307179586	2846.6966966966966	2	-1.1267339053448935	1.3505358324708452e-09	0
6283185.307179586	1218.7687687687687	3	-1.5017567536307117	-3.0896898309213454e-10	2
6283185.307179586	2157.957957957958	3	-1.3464007121900337	1.7625012390531613e-09	1
6283185.307179586	1302.2522522522522	2	-0.7614522251754994	-8.046294054306295e-10	0
6283185.307179586	1719.6696696696697	1	-1.265207754116195	6.649451437526551e-10	1
6283185.307179586	1100.5005005005005	1	1.5316377488066206	1.2919153107494168e-09	1
6283185.307179586	1142.2422422422424	3	0.4828294078399158	1.4885674928520718e-09	0
6283185.307179586	1970.1201201201202	3	-0.3296519864535066	9.119992272579027e-10	0
6283185.307179586	1100.5005005005005	1	-0.6654981185469153	-9.286030484917133e-10	0
6283185.307179586	2380.5805805805808	3	-1.1229911380893773	3.624844931560461e-10	2
6283185.307179586	1017.017017017017	1	-0.9285560058617043	-1.630599106832306e-09	0
6283185.307179586	2909.3093093093094	2	-0.09094631540760134	-8.965243279569575e-10	0
6283185.307179586	1573.5735735735736	2	-1.207684077902423	4.39140744285747e-11	1
6283185.307179586	2227.5275275275276	3	-0.8883604721509398	2.2828095029604572e-10	2
6283185.307179586	1517.917917917918	3	0.9933039786547404	7.756667611179037e-10	1
6283185.307179586	1476.176176176176	3	0.45382617729916186	-1.5533051278502208e-09	0
6283185.307179586	690.04004004004	1	0.05251514531821333	1.384727708788598e-09	0
6283185.307179586	1121.3713713713714	1	1.1115304774673809	1.7919421718423797e-09	0
6283185.307179586	2679.72972972973	1	1.362400568102958	-1.631514075928149e-09	2
6283185.307179586	495.24524524524526	1	-1.4223538459025067	1.194209655912005e-09	2
6283185.307179586	2032.7327327327328	3	-1.4351138453447052	9.348591246398116e-10	2
6283185.307179586	898.7487487487488	2	0.2083915849227156	-4.2394110110141893e-10	1
6283185.307179586	1197.897897897898	1	-0.43982367221258545	-5.818592975199528e-10	2
6283185.307179586	3041.4914914914916	3	-1.1412335145863404	9.80275486369301e-10	0
6283185.307179586	1190.940940940941	1	0.7787621454728058	-1.7369974224007914e-09	0
6283185.307179586	676.1261261261261	1	-0.5936040807441928	1.5363784466849144e-09	0
6283185.307179586	2589.289289289289	2	-0.874943127934242	1.420588130916872e-09	0
6283185.307179586	2825.825825825826	3	-0.9507294809743382	7.831062027431057e-10	0
6283185.307179586	2018.818818818819	3	1.5678949280987746	-7.26231059768308e-10	1
6283185.307179586	2130.13013013013	1	-1.5508711348324975	-4.381085199891452e-10	2
6283185.307179586	1803.1531531531532	2	0.7131661146627941	6.839174422367059e-10	0
6283185.307179586	752.6526526526527	2	-0.7446902190789997	6.255408834919435e-10	1
6283185.307179586	2888.4384384384384	2	-0.6715512756423431	9.08388133886038e-10	0
6283185.307179586	2651.901901901902	3	1.0060659720104481	-4.789040862564344e-11	2
6283185.307179586	1587.4874874874874	3	0.4655446911116172	1.6463342653846927e-09	0
6283185.307179586	3020.6206206206207	3	-0.9463894239067222	-1.578933079631604e-10	2
6283185.307179586	564.8148148148148	1	-0.18013428394254016	1.9196833053679505e-10	2
6283185.307179586	2311.011011011011	1	0.5921223484880636	-3.087925405560706e-10	2
6283185.307179586	2011.8618618618618	2	1.1836675344395373	9.837495749171214e-10	1
6283185.307179586	2283.1831831831832	1	1.516228583360967	-1.6782027065070009e-09	2
6283185.307179586	1225.7257257257259	1	-0.02991700863857716	-7.921363812039708e-10	0
6283185.307179586	2311.011011011011	3	1.2502164386557508	-2.8361108569938595e-11	2
6283185.307179586	2269.2692692692694	1	1.2282171495031409	5.538439093524231e-10	2
6283185.307179586	1664.014014014014	1	0.4269880831687203	-1.6376959360974052e-09	0
6283185.307179586	2971.921921921922	3	-0.5369450537690075	-2.425799039754666e-10	2
6283185.307179586	1872.7227227227227	3	0.5141300531472455	-7.804204221203014e-10	0
6283185.307179586	1928.3783783783783	3	1.329960959468055	-6.016414496343097e-10	1
6283185.307179586	745.6956956956957	3	0.22484353666000367	-1.3741097764485143e-09	0
6283185.307179586	2199.6996996997	3	1.355196319167403	-1.4286831897971261e-09	2
6283185.307179586	335.2352352352352	2	0.8037542253896208	1.6831540869782101e-09	0
6283185.307179586	1497.047047047047	2	0.32235009358180133	6.544104098937164e-10	0
6283185.307179586	453.5035035035035	1	1.0515073805376445	-6.420645775720147e-10	2
6283185.307179586	1316.1661661661662	1	-1.0788656240811263	-5.837976823371295e-10	1
6283185.307179586	1371.821821821822	3	-1.424885548230099	8.242406409976687e-10	2
6283185.307179586	1677.927927927928	2	-0.53335846439943	1.757431131702827e-09	0
6283185.307179586	1128.3283283283283	1	-0.2293725971927847	7.591507247731933e-10	0
6283185.307179586	1824.0240240240241	3	1.038795527487978	5.715950063520138e-10	1
6283185.307179586	1128.3283283283283	1	0.08853018908269705	-1.065872633348902e-09	0
6283185.307179586	1740.5405405405406	3	0.8202155594625529	-7.298442554052485e-10	0
6283185.307179586	2283.1831831831832	1	0.8607980814906311	7.157429606020429e-10	0
6283185.307179586	1837.937937937938	1	-0.32123216022488776	1.9276002143826644e-09	0
6283185.307179586	2644.944944944945	1	-0.5151168554325534	1.2133369665099366e-09	0
6283185.307179586	1858.8088088088089	1	-1.1084010491131127	-1.3443835340298317e-09	0
6283185.307179586	1517.917917917918	2	0.1802731484333615	3.937023880413245e-10	2
6283185.307179586	1204.854854854855	3	1.0763936217718633	1.7079570335012932e-09	0
6283185.307179586	1893.5935935935936	3	0.13550629278751258	1.737914950832397e-09	0
6283185.307179586	1963.1631631631633	2	-1.1234517933677242	-1.1918900098744488e-09	0
6283185.307179586	2839.73973973974	1	-0.5012800388990704	-1.8183943348788564e-09	0
6283185.307179586	1768.3683683683685	1	-0.16117646690920417	-8.019396617486474e-10	0
6283185.307179586	3278.028028028028	1	-0.9513914262773424	1.4520116680168664e-09	0
6283185.307179586	1211.8118118118118	3	-0.7328753308844073	-9.954959898743097e-10	0
6283185.307179586	1691.8418418418419	2	-1.3406432748888084	1.8943487052472245e-09	2
6283185.307179586	2728.4284284284286	3	-0.2659445919312249	3.6897926187752433e-10	1
6283185.307179586	2999.7497497497498	2	0.5720560642077954	-6.62530149533715e-10	0
6283185.307179586	1691.8418418418419	1	-1.2780767540963203	-4.749852736676678e-10	2
6283185.307179586	2255.3553553553556	2	0.8208771062614058	2.1934982733293555e-10	1
6283185.307179586	1462.2622622622623	3	-0.08802147238528057	-2.313567057764087e-10	1
6283185.307179586	2436.2362362362364	3	-0.8195515000099968	-7.491693006709816e-11	2
6283185.307179586	3194.544544544545	1	1.3952779874234644	-1.8384917659397262e-09	1
6283185.307179586	2262.3123123123123	3	-1.3586552682846158	-2.289144181066866e-10	2
6283185.307179586	1100.5005005005005	3	-1.5262259116750867	-7.913627833466359e-10	2
6283185.307179586	822.2222222222223	2	0.061509206692735185	2.702069546120951e-13	0
6283185.307179586	2978.878878878879	3	-0.2716016327239026	-1.7482188200375287e-09	0
6283185.307179586	898.7487487487488	2	0.8980772525212619	5.336893780407609e-10	1
6283185.307179586	933.5335335335336	3	-0.8397163833254282	7.148596747051714e-10	2
6283185.307179586	3695.4454454454453	1	-1.322146112933985	-1.5154427386499036e-09	0
6283185.307179586	2046.6466466466468	2	-0.2843035196132111	-5.175367953656518e-10	0
6283185.307179586	773.5235235235235	3	0.8052107777280839	1.4511218403678267e-09	0
6283185.307179586	870.9209209209209	2	-1.0585901709715668	4.374786770181801e-10	2
6283185.307179586	564.8148148148148	1	-1.107199221473566	7.95054957434402e-10	2
6283185.307179586	683.0830830830831	3	-0.3766565311064869	-1.8190758955156953e-09	0
6283185.307179586	1309.2092092092093	1	-0.026868614787161738	1.4541718973126233e-09	0
6283185.307179586	1977.077077077077	1	0.6900011723374768	1.6231626180441357e-09	0
6283185.307179586	1942.2922922922924	2	0.7907441158647575	-1.5219721616860009e-10	1
6283185.307179586	1691.8418418418419	2	0.1855671312997893	-1.6787290898964007e-09	0
6283185.307179586	1072.6726726726727	2	-0.3462762141959459	-1.7263022246072786e-09	0
6283185.307179586	2457.1071071071074	2	1.1960469927415676	-1.1492642457720904e-09	0
6283185.307179586	2422.322322322322	2	-0.9228192315989978	-7.03477615272842e-10	0
6283185.307179586	1288.3383383383384	2	-0.11638748905889629	-1.396253686151618e-09	0
6283185.307179586	1705.755755755756	3	-0.46143326370942406	1.3943288694625376e-09	0
6283185.307179586	1650.1001001001002	2	-0.026992263032398878	-9.038599030913905e-10	0
6283185.307179586	1921.4214214214214	3	0.48450311648944533	-6.520166185568224e-10	0
6283185.307179586	286.5365365365366	1	-1.0573693175284617	-1.4208527440771316e-09	2
6283185.307179586	2067.5175175175173	3	-1.2481898669771287	-9.473076803447717e-10	2
6283185.307179586	2408.4084084084084	2	0.9181401091132764	1.028181197313894e-09	0
6283185.307179586	2137.087087087087	2	-0.6435363877705625	-5.200114537435874e-10	1
6283185.307179586	2818.868868868869	1	-1.2152316694941414	-1.689090187253923e-09	0
6283185.307179586	1197.897897897898	3	1.2168398050537248	1.8234755194954334e-09	0
6283185.307179586	2554.5045045045044	2	-0.6008978878111969	9.519985031375638e-10	0
6283185.307179586	1267.4674674674675	1	0.4655325588406565	-9.969372536691532e-10	0
6283185.307179586	815.2652652652653	1	-0.8808590934555247	8.961819463867703e-11	1
6283185.307179586	3222.3723723723724	3	0.7727222437045476	-1.8726355952506793e-09	0
6283185.307179586	509.1591591591592	1	-0.6938360835221644	1.962716974479339e-10	2
6283185.307179586	1872.7227227227227	3	0.9980207573021098	-1.1565652209374075e-10	2
6283185.307179586	3465.865865865866	3	1.1936308033954361	1.9545062485326736e-09	0
6283185.307179586	2290.1401401401404	2	1.4185069979451113	-1.3633880063287588e-11	2
6283185.307179586	1754.4544544544544	3	0.4102256682586096	3.894914516817712e-10	1
6283185.307179586	1650.1001001001002	2	0.8684682772919041	-9.403381713806281e-10	0
6283185.307179586	4140.690690690691	2	1.0650187261367106	-1.463722879250781e-09	0
6283185.307179586	1128.3283283283283	1	0.31575906152947364	1.1737813104662125e-09	0
6283185.307179586	2151.001001001001	2	0.42323215677620585	5.492273854207372e-10	0
6283185.307179586	1510.960960960961	1	1.3399400539663362	1.665830263782267e-09	2
6283185.307179586	2471.021021021021	2	0.42691349882219565	1.175350552683626e-10	1
6283185.307179586	662.2122122122122	3	0.9268320830283931	-1.6218297681204736e-10	1
6283185.307179586	1601.4014014014015	2	-0.5175639815498647	2.107701649485476e-10	1
6283185.307179586	3180.6306306306305	2	-1.040436675839709	-1.361536576732835e-09	0
6283185.307179586	2749.2992992992995	1	-0.514095544214169	1.7869245466426576e-09	0
6283185.307179586	1754.4544544544544	1	0.5627637666000282	-1.6150184700368138e-09	0
6283185.307179586	954.4044044044044	2	1.4829673063194835	1.3014913816136852e-09	1
6283185.307179586	2881.4814814814818	2	-0.024039526994626526	-1.262202124474436e-09	0
6283185.307179586	3382.3823823823823	1	-0.8438003029136929	-1.2631890481430924e-09	0
6283185.307179586	2283.1831831831832	2	-0.9298306926710461	1.9608542383027534e-09	0
6283185.307179586	773.5235235235235	3	0.08128802571051619	1.8122777268707227e-09	0
6283185.307179586	1747.4974974974975	2	-1.4584835824380498	1.8180114540028135e-10	1
6283185.307179586	2053.603603603604	1	0.4472069247085302	1.0324311223733887e-09	0
6283185.307179586	2032.7327327327328	1	-1.111356005380481	1.6958223253215205e-09	0
6283185.307179586	843.0930930930931	1	0.33949703932293707	-1.2815992919767955e-09	0
6283185.307179586	2290.1401401401404	1	-1.3588946840011138	-1.1630865206480815e-09	2
6283185.307179586	3076.2762762762763	2	-1.215318036016737	-2.7612870439850743e-10	1
6283185.307179586	1239.6396396396397	1	-1.5588548993899234	9.528107699148745e-10	1
6283185.307179586	2992.792792792793	3	-1.3834179530921926	-3.418474284031619e-10	2
6283185.307179586	1851.851851851852	1	-1.3641074741201042	-3.989219526941584e-10	1
6283185.307179586	1963.1631631631633	2	-1.4160770014436226	6.809979449151204e-10	2
6283185.307179586	3305.855855855856	3	-0.052106866492807935	1.776850561609417e-09	0
6283185.307179586	2164.914914914915	1	0.7760356189802731	1.076825222729424e-09	0
6283185.307179586	1385.7357357357357	3	-1.3057655383653264	-4.861503430431316e-10	2
6283185.307179586	1093.5435435435436	2	-0.7993914078697806	1.01313640604693e-09	0
6283185.307179586	1142.2422422422424	1	-1.467450672129811	7.60451189636356e-10	1
6283185.307179586	3375.4254254254256	2	0.13550431878327607	-1.3443941641524592e-09	0
6283185.307179586	954.4044044044044	1	-0.08818654797394632	-1.7204637563885595e-09	0
6283185.307179586	1587.4874874874874	1	-0.6795161911441201	-1.9406456789506193e-09	0
6283185.307179586	2290.1401401401404	1	0.6570207051449071	-1.2325759474501379e-09	0
6283185.307179586	1643.143143143143	2	1.2102832241246686	1.5048159822672992e-09	0
6283185.307179586	1295.2952952952953	2	1.1323387694564668	1.6860674326908604e-09	0
6283185.307179586	1977.077077077077	1	1.339087734191157	1.7761299157655212e-10	2
6283185.307179586	926.5765765765766	1	0.5518906962719226	1.774155718455399e-09	0
6283185.307179586	801.3513513513514	3	-0.6917088443944971	4.3487548438897295e-10	2
6283185.307179586	752.6526526526527	3	-0.5351985819413632	-1.4833225629790616e-09	0
6283185.307179586	968.3183183183183	1	-0.155379003294436	6.614355182834477e-10	0
6283185.307179586	1378.7787787787788	1	-0.2753995473809494	7.549254322416066e-10	0
6283185.307179586	3368.4684684684685	3	0.697904745014716	-4.41687993154217e-10	1
6283185.307179586	1928.3783783783783	2	-1.2057033522725797	-1.9449842779935767e-09	0
6283185.307179586	1274.4244244244244	3	1.5202331550769328	-7.960000048311446e-10	2
6283185.307179586	2331.881881881882	2	-1.484665334617979	9.869941874142123e-10	2
6283185.307179586	1531.8318318318318	2	0.11053292133275794	1.4644341426577854e-09	0
6283185.307179586	1928.3783783783783	3	0.24088410122645576	1.6327991641176252e-09	0
6283185.307179586	2074.474474474475	3	0.55909399141738	-7.33015647288775e-10	0
6283185.307179586	1594.4444444444446	2	-1.2200642188840183	-1.3633410726311635e-09	1
6283185.307179586	2603.2032032032034	1	-0.12338330380549523	6.553800968256935e-10	0
6283185.307179586	2283.1831831831832	1	-0.9791939021434152	2.2660103312449016e-10	2
6283185.307179586	2930.1801801801803	3	-0.24139564101340238	-1.4973027265022899e-09	0
6283185.307179586	1260.5105105105106	3	-0.18739014455781855	1.1135445969153116e-10	2
6283185.307179586	2088.388388388388	1	1.2807168864904304	3.6179897225584095e-10	2
6283185.307179586	1149.1991991991993	1	1.2236812622816489	1.9351215060715238e-09	0
6283185.307179586	1650.1001001001002	1	-1.3409644945507082	5.828288968099554e-10	1
6283185.307179586	1253.5535535535537	3	0.8871009933086227	1.4285527630968255e-09	0
6283185.307179586	1538.788788788789	2	0.3485240028503973	-1.2920209099996418e-09	0
6283185.307179586	1177.027027027027	1	-0.004034051141390771	1.4796847200837834e-09	0
6283185.307179586	1914.4644644644645	1	0.03763561269069782	1.8448023619843156e-09	0
6283185.307179586	2046.6466466466468	2	-0.6555934848717829	4.745089250915221e-11	1
6283185.307179586	1204.854854854855	2	0.6167060188733893	-1.7164153534734572e-09	0
6283185.307179586	926.5765765765766	3	-0.1906501126478548	-8.974892221497407e-10	0
6283185.307179586	3138.888888888889	3	0.32822896509844335	-1.726133198162435e-09	0
6283185.307179586	1691.8418418418419	2	0.4641563052414437	4.496663306607574e-10	2
6283185.307179586	1371.821821821822	1	0.8396400560720738	1.6681723497225148e-09	0
6283185.307179586	1086.5865865865867	2	-0.905345185694839	-5.373294067178746e-10	2
6283185.307179586	1510.960960960961	2	-0.08578364304603014	-8.688782277222465e-10	0
6283185.307179586	2700.6006006006005	2	-0.8059226113436775	-1.8234842822915207e-09	0
6283185.307179586	891.7917917917919	3	0.37326789347533507	-1.6301743411267685e-09	0
6283185.307179586	2644.944944944945	3	1.5182084566297838	1.9879638614116917e-09	2
6283185.307179586	2060.5605605605606	1	1.5359336117302824	1.5274870408824835e-09	2
6283185.307179586	1997.947947947948	2	-0.908483833790201	-1.4052088889439234e-10	2
6283185.307179586	1691.8418418418419	1	1.0615608765912152	7.432350994817979e-10	2
6283185.307179586	2408.4084084084084	1	-1.2655447003535956	-8.553677266945066e-10	2
6283185.307179586	1580.5305305305305	1	1.1932762461174051	-1.3867253671985705e-09	0
6283185.307179586	1587.4874874874874	1	-1.0178770829320904	1.9354027981227304e-09	0
6283185.307179586	2735.3853853853852	2	-0.5171192572167325	1.0531815217134058e-09	0
6283185.307179586	3145.845845845846	2	1.3447817045490429	1.268733181841597e-09	1
6283185.307179586	460.46046046046047	3	-0.5216943104609255	-6.666604641959353e-10	0
6283185.307179586	1858.8088088088089	3	-1.0504870910690827	-5.64105317527789e-10	2
6283185.307179586	884.8348348348349	1	1.1269768855743485	1.919988983601534e-09	0
6283185.307179586	1392.6926926926926	1	-1.0976972149501207	-1.6726187906033916e-10	2
6283185.307179586	1350.950950950951	3	0.6766179331843123	1.037813779406675e-09	0
