axial trapping frequency (MHz) 	 velocity(m/s) 	 ion collided with 	 angle(rads) 	 collision offset(m) 	 reorder? (1 is reorder 2 is ejection) 
6283185.307179586	1587.4874874874874	2	-0.026678991002504482	-5.44179312105784e-11	1
6283185.307179586	2276.226226226226	3	-1.2107007942508148	1.993969560703187e-09	0
6283185.307179586	1580.5305305305305	1	0.9800417093602181	-9.031410027646142e-10	1
6283185.307179586	2116.2162162162163	2	-0.2581761756145786	1.2110852293419983e-09	0
6283185.307179586	1149.1991991991993	1	-0.718277555021532	-1.9056784533435256e-09	0
6283185.307179586	1997.947947947948	2	-1.1949676436472596	1.9658006801172017e-09	0
6283185.307179586	2144.0440440440443	3	0.8933101261547702	1.527481003971996e-09	0
6283185.307179586	2283.1831831831832	2	0.402752705902516	-1.4670614221482189e-09	0
6283185.307179586	2067.5175175175173	2	1.4378486423940338	8.256187801281065e-10	1
6283185.307179586	2436.2362362362364	1	-0.02910717714942601	1.4749191894069186e-09	0
6283185.307179586	1239.6396396396397	1	1.4942399970355416	-4.374743839902471e-10	2
6283185.307179586	1594.4444444444446	3	0.5136555925348985	-5.110730355835275e-10	0
6283185.307179586	474.3743743743744	2	-0.1390544534261704	2.9117618885040714e-10	1
6283185.307179586	363.06306306306305	1	0.5144084755198493	-4.921658773503678e-10	1
6283185.307179586	1879.6796796796798	2	-0.7983536583633845	-2.9226493773719436e-10	2
6283185.307179586	1309.2092092092093	3	-0.7057559841586651	1.7481638469394953e-09	0
6283185.307179586	2797.997997997998	1	0.45115618896442333	-1.1031217003469046e-10	2
6283185.307179586	2575.3753753753754	2	1.5503329215557033	6.961169344560944e-10	1
6283185.307179586	2276.226226226226	1	-0.8912500686799523	-5.227528423341967e-10	2
6283185.307179586	2213.613613613614	3	0.7644444790015794	-1.5320077585941196e-09	0
6283185.307179586	2832.7827827827828	2	0.9841706469680958	2.8923116105549036e-10	2
6283185.307179586	1003.1031031031031	2	-0.29723872478002167	8.325188724383259e-12	2
6283185.307179586	2832.7827827827828	2	0.09945443175374047	-1.31836414655338e-09	0
6283185.307179586	2366.6666666666665	2	-0.32921872530960283	-1.7976443019923734e-09	0
6283185.307179586	2540.5905905905906	1	1.0609049538310167	1.3399125593006817e-09	0
6283185.307179586	2283.1831831831832	3	0.6759470643509049	-3.447220473558426e-11	1
6283185.307179586	968.3183183183183	2	-0.5759013689946438	2.583854262669592e-10	1
6283185.307179586	578.7287287287287	1	-0.12240424836458264	-2.1685752247268928e-10	2
6283185.307179586	676.1261261261261	2	-0.6277731320860693	2.413551329772564e-10	2
6283185.307179586	1949.2492492492493	2	0.5831507809929235	1.2247412865852076e-09	0
6283185.307179586	2206.6566566566567	3	1.4625878479319794	1.79860120259818e-09	1
6283185.307179586	1698.7987987987988	2	-0.3517603158459419	-5.718548613296922e-10	0
6283185.307179586	2276.226226226226	2	1.264770115182558	1.9654715938853353e-09	0
6283185.307179586	1072.6726726726727	1	1.2471701973050129	1.6045446880055885e-09	0
6283185.307179586	1218.7687687687687	2	-0.19380411823624644	8.772209743667658e-10	0
6283185.307179586	1865.7657657657658	1	-1.0581335392487476	1.2614446108598057e-09	0
6283185.307179586	2227.5275275275276	3	0.8354061136448263	-4.3248594967222014e-12	2
6283185.307179586	2554.5045045045044	1	-0.14717741956955965	6.915375485397432e-10	0
6283185.307179586	2380.5805805805808	3	0.955079017536355	1.9655517619360366e-09	0
6283185.307179586	2401.4514514514517	1	1.0694696566823163	2.356849069437702e-10	2
6283185.307179586	1163.113113113113	3	-0.2873069983100802	1.2392367247996136e-09	0
6283185.307179586	1058.7587587587586	2	-1.234831580835318	1.5359664389816297e-10	2
6283185.307179586	1330.08008008008	3	-0.41336486997981425	1.621029748295261e-09	0
6283185.307179586	696.996996996997	2	-0.43583081471463103	1.0281000016975328e-09	0
6283185.307179586	1782.2822822822823	1	-0.8463565858536909	-1.3215812356664438e-10	2
6283185.307179586	2387.5375375375374	2	1.2303402933887395	3.5444574827028845e-10	1
6283185.307179586	1531.8318318318318	1	-0.18353077408925378	4.039951413959621e-10	1
6283185.307179586	1462.2622622622623	1	0.7508483366063663	-5.005416381195195e-10	2
6283185.307179586	1747.4974974974975	2	1.4844927534490728	4.25590799354375e-10	2
6283185.307179586	2930.1801801801803	3	1.3769754226966886	-1.6279064638343895e-09	2
6283185.307179586	1531.8318318318318	3	-1.160789791136298	-5.893846684737296e-10	2
6283185.307179586	1323.1231231231232	3	1.550028217055234	6.153628384528729e-10	2
6283185.307179586	2088.388388388388	2	-1.397900005482867	1.8337323521643697e-09	2
6283185.307179586	989.1891891891892	3	1.2063236121346823	4.6363654759904334e-10	1
6283185.307179586	1490.0900900900901	1	0.042044467101470806	-8.516205509157212e-10	0
6283185.307179586	2971.921921921922	3	-0.10480807809328985	-1.773450173967572e-09	0
6283185.307179586	2095.3453453453453	2	-1.0487765089292451	8.953143882217339e-10	0
6283185.307179586	1190.940940940941	2	-0.044914229336610045	-9.994600616498519e-10	0
6283185.307179586	1684.884884884885	2	0.7921206701628738	1.2503848263718545e-10	2
6283185.307179586	1114.4144144144145	2	0.25545042032307497	1.2406261008922835e-09	0
6283185.307179586	1030.930930930931	1	-0.10884598025692838	-1.0722244082604485e-09	0
6283185.307179586	356.1061061061061	3	1.087214265277583	9.091184140601623e-10	1
6283185.307179586	1531.8318318318318	1	-1.3189428296663317	1.7784626546586768e-10	2
6283185.307179586	1803.1531531531532	1	0.045266753642076774	8.458269016002868e-10	0
6283185.307179586	1309.2092092092093	1	0.13877639538024922	1.9691019862938513e-09	0
6283185.307179586	2582.3323323323325	1	-1.0398857263600183	1.40372387623134e-09	0
6283185.307179586	1177.027027027027	3	1.2864098957191148	1.3905593574035812e-09	2
6283185.307179586	1997.947947947948	1	-1.2645612556153338	1.9045658669130705e-09	0
6283185.307179586	2617.1171171171172	1	0.9986582069681624	-1.2654286138220795e-09	0
6283185.307179586	1385.7357357357357	3	0.9478649008238618	-6.586183054816513e-10	2
6283185.307179586	397.84784784784785	3	0.9283784380076803	3.820467076575746e-10	2
6283185.307179586	919.6196196196197	2	-0.5901923296006043	1.5079823258190456e-09	0
6283185.307179586	1385.7357357357357	1	-0.8474783567064894	-1.1421829054409355e-09	0
6283185.307179586	1573.5735735735736	2	1.4340223592682388	-7.614359031362015e-10	1
6283185.307179586	3124.974974974975	1	1.1956292704102238	-1.9762902218993504e-09	0
6283185.307179586	905.7057057057058	2	-0.6249304614610642	2.497149976626559e-10	2
6283185.307179586	3326.7267267267266	2	-0.5984305502426377	7.16354306486659e-10	0
6283185.307179586	1524.8748748748749	2	0.030050300728392765	1.8942667036894924e-09	0
6283185.307179586	1754.4544544544544	1	0.2986696530706652	-1.879213907771851e-09	0
6283185.307179586	3145.845845845846	1	-1.0243696623094605	1.984322470315423e-09	0
6283185.307179586	2422.322322322322	1	-0.4022347535262718	-3.277031728230058e-10	2
6283185.307179586	3570.22022022022	2	-1.5312386434972072	-3.591601208190283e-10	1
6283185.307179586	3027.577577577578	3	-1.3169323546334903	9.207268463904376e-10	2
6283185.307179586	1204.854854854855	2	0.4401740927923137	1.5518038471844827e-09	0
6283185.307179586	1309.2092092092093	1	-0.8789264448674025	1.0039925165477001e-09	0
6283185.307179586	996.1461461461462	1	-1.1516954453834767	3.5098920799624786e-10	2
6283185.307179586	2617.1171171171172	1	-0.4952298185581687	5.981334510408585e-10	0
6283185.307179586	488.2882882882883	1	0.8880966327742232	1.7977560477644404e-09	0
6283185.307179586	655.2552552552553	2	-0.15194839561411788	-1.6634924344427522e-09	0
6283185.307179586	1733.5835835835837	3	1.3245031360892119	1.5174734494937435e-09	2
6283185.307179586	1747.4974974974975	1	1.285984418225453	-4.433196743460322e-10	2
6283185.307179586	2422.322322322322	1	0.5601484935596335	-3.8471472626272043e-10	2
6283185.307179586	1559.6596596596596	3	-0.3909536458175151	9.496923929671415e-11	2
6283185.307179586	1594.4444444444446	3	1.1170909262001576	1.5005636163982302e-09	0
6283185.307179586	1177.027027027027	1	0.037711803444197445	-4.555325037409768e-10	1
6283185.307179586	877.877877877878	1	-1.0170314013384623	-1.6475668934686493e-09	0
6283185.307179586	1190.940940940941	2	-0.640832699212948	5.097646687963261e-10	2
6283185.307179586	1497.047047047047	1	0.8162942819127772	1.863678552235055e-09	0
6283185.307179586	2199.6996996997	3	0.14940456200733698	8.23644837333888e-10	0
6283185.307179586	2283.1831831831832	1	-1.028928114662874	5.266572411268206e-10	2
6283185.307179586	2109.259259259259	1	-0.4016420717848279	5.169699918899281e-10	0
6283185.307179586	1942.2922922922924	1	-0.6187308232732195	-1.822148284652161e-09	0
6283185.307179586	1302.2522522522522	2	0.32804454140322625	-3.6014556295931403e-10	1
6283185.307179586	1643.143143143143	2	1.4287796765933254	1.5270118371590035e-09	1
6283185.307179586	2116.2162162162163	2	-0.35710399320939135	4.4249198209978963e-10	1
6283185.307179586	1427.4774774774776	2	0.8928402470873857	-1.3958586010266175e-09	0
6283185.307179586	1726.6266266266266	1	-1.0324309015258368	-1.7595820494198487e-09	0
6283185.307179586	3048.4484484484487	2	-0.7632542868513299	-1.5485998020117286e-09	0
6283185.307179586	1545.7457457457458	1	0.9084713567066438	-1.2678328366593333e-09	0
6283185.307179586	1448.3483483483483	2	-1.0697893818559954	-7.701764321293332e-11	2
6283185.307179586	912.6626626626627	3	-1.030543153199634	1.576218568974161e-09	0
6283185.307179586	1142.2422422422424	2	-1.1668399784181775	-1.9098330031840414e-09	0
6283185.307179586	2130.13013013013	2	-0.9392106112497618	-1.179500624910137e-09	0
6283185.307179586	2589.289289289289	2	-0.9588926061140884	5.188898233915349e-10	1
6283185.307179586	1629.2292292292293	1	0.41551573729553315	1.9183809544648236e-09	0
6283185.307179586	1705.755755755756	3	1.1620188917191379	9.71242569147775e-10	2
6283185.307179586	2429.2792792792793	1	0.679648172115149	-1.674359271809373e-11	2
6283185.307179586	481.33133133133134	1	0.9269718928173174	1.1955275275422047e-09	0
6283185.307179586	1935.3353353353355	1	-0.1702913958487675	1.3262528045039187e-09	0
6283185.307179586	2255.3553553553556	3	-0.4420171926697478	4.777498100308573e-10	1
6283185.307179586	2561.4614614614616	3	-1.3216818838976359	-1.4322332577277282e-09	1
6283185.307179586	2213.613613613614	2	-0.1067923512499076	1.536230845867948e-09	0
6283185.307179586	1990.9909909909911	3	-0.7483341462583709	-1.6371353968198218e-09	0
6283185.307179586	592.6426426426426	1	-1.548020546211716	-7.847324330205016e-10	1
6283185.307179586	1330.08008008008	3	-1.0539516092900527	1.728731739172867e-09	0
6283185.307179586	1531.8318318318318	1	1.025686884335256	-5.828805252188634e-10	1
6283185.307179586	1740.5405405405406	3	-0.3746128485137443	-3.6072902774100643e-10	1
6283185.307179586	1434.4344344344345	1	0.2600322882200632	-1.8922181605537474e-09	0
6283185.307179586	1587.4874874874874	3	0.775867735630122	-3.862670311243148e-10	2
6283185.307179586	2234.4844844844847	3	-1.2142254605280693	-1.3344317002346042e-09	0
6283185.307179586	1441.3913913913914	2	-0.9568311232325275	3.9408281716530136e-10	2
6283185.307179586	363.06306306306305	2	1.3214633622670262	3.9641936954405106e-10	2
6283185.307179586	1434.4344344344345	3	0.4054123387531958	-1.5352604151176381e-09	0
6283185.307179586	2533.6336336336335	2	0.61496939830102	1.4018020750848664e-09	0
6283185.307179586	1441.3913913913914	2	0.8588519050113437	7.379123039085801e-10	1
6283185.307179586	857.007007007007	1	-0.31074229228888384	4.896754198209822e-10	0
6283185.307179586	829.1791791791792	1	0.28796874156837315	1.5491434178224435e-09	0
6283185.307179586	2171.871871871872	3	0.7591340868855645	-9.51021907833308e-10	0
6283185.307179586	947.4474474474474	3	0.30583391209578004	1.4674471361113876e-09	0
6283185.307179586	3305.855855855856	3	1.5647033762192502	-1.1068094518123594e-09	1
6283185.307179586	1851.851851851852	3	0.8057364138659255	-1.7981138962312252e-09	0
6283185.307179586	1684.884884884885	3	-1.403460068886849	-1.0837012229721463e-09	2
6283185.307179586	1427.4774774774776	1	-1.0418750795215843	-2.563707255894045e-10	1
6283185.307179586	1406.6066066066066	3	0.6871283246972428	1.3248898107218736e-09	0
6283185.307179586	870.9209209209209	3	-1.2271310539263265	-4.1899324818690346e-10	2
6283185.307179586	3945.895895895896	3	-0.9705649943204658	8.184685580196098e-10	0
6283185.307179586	3194.544544544545	1	0.47715357235712164	-8.20003827941763e-10	0
6283185.307179586	1170.0700700700702	3	1.2303641068901987	1.9693359230340577e-09	0
6283185.307179586	2011.8618618618618	2	0.07256911994968163	-1.572792691914955e-09	0
6283185.307179586	1872.7227227227227	3	0.9340113135131896	-1.8287005683263327e-09	0
6283185.307179586	509.1591591591592	1	-0.13251174728622894	1.8654466699303984e-09	0
6283185.307179586	1698.7987987987988	2	-1.3427106384897283	-1.7307342380230112e-09	1
6283185.307179586	1803.1531531531532	3	1.075072447722794	-6.596112814976416e-10	2
6283185.307179586	606.5565565565565	3	1.3293419435774836	-1.112519128365701e-09	2
6283185.307179586	1267.4674674674675	2	0.8793628355092133	8.19682142273844e-10	0
6283185.307179586	905.7057057057058	2	0.7084126293770927	1.8657613620152e-09	0
6283185.307179586	2004.904904904905	2	1.1761826627476482	-5.231347481510031e-10	1
6283185.307179586	1872.7227227227227	3	0.5555357284854008	-1.3193085437792842e-09	0
6283185.307179586	801.3513513513514	1	-0.24585618516428198	4.814275026109229e-10	0
6283185.307179586	1441.3913913913914	1	-0.8461948703469508	8.110407124997913e-10	0
6283185.307179586	724.8248248248249	2	-0.4885443239623941	-1.0579396452731313e-09	0
6283185.307179586	2039.6896896896897	3	-0.3502331967823267	-1.820919748997073e-09	0
6283185.307179586	2491.891891891892	3	1.4789784895490992	4.1955795451871017e-10	2
6283185.307179586	2658.858858858859	1	0.15245994180095535	9.714423847774246e-10	0
6283185.307179586	210.01001001001	2	0.6561106711130185	7.552534981514347e-10	2
6283185.307179586	1650.1001001001002	1	-0.26033917242225213	-1.7609358250026617e-09	0
6283185.307179586	502.2022022022022	1	-1.1709987386346972	9.597062127780754e-10	2
6283185.307179586	2839.73973973974	2	1.546636833697257	8.475142780448078e-10	2
6283185.307179586	1712.7127127127128	3	-1.0758179352309152	-1.0102722224503307e-09	0
6283185.307179586	1587.4874874874874	1	0.1878843479848904	-1.1292209840181442e-09	0
6283185.307179586	1914.4644644644645	3	1.4521922925760706	-2.3257045780174264e-10	2
6283185.307179586	2352.7527527527527	3	-0.4526904254426438	1.7045477310191162e-09	0
6283185.307179586	1956.2062062062062	1	1.3476766190760117	1.6292927906923077e-09	2
6283185.307179586	1851.851851851852	3	0.25209051102559954	2.911799796224079e-10	2
6283185.307179586	1907.5075075075076	2	1.4581876327845231	1.627269821461994e-09	2
6283185.307179586	1657.0570570570571	2	-0.8283904913908754	-8.334395804353761e-10	0
6283185.307179586	2561.4614614614616	1	-0.3008393570108814	1.013017948330295e-09	0
6283185.307179586	898.7487487487488	1	1.1192527111270731	1.5102623069712776e-09	0
6283185.307179586	3166.7167167167167	1	-0.42153792338341733	-6.405676064526303e-10	0
6283185.307179586	550.900900900901	2	0.49092056502536074	-2.1149352029712123e-10	1
6283185.307179586	1163.113113113113	1	-1.0418472912129952	-1.1315061924037568e-09	2
6283185.307179586	2116.2162162162163	3	-0.8278241459376281	-5.474983227987377e-10	1
6283185.307179586	1810.11011011011	2	0.8826266867789769	-1.2103119881439119e-09	0
6283185.307179586	1462.2622622622623	1	-0.07471026930736469	1.4432291030154302e-09	0
6283185.307179586	2060.5605605605606	2	-0.603670526537558	1.825723629097414e-09	0
6283185.307179586	2297.097097097097	1	-0.5123583475861051	-1.6861651150830134e-09	0
6283185.307179586	1288.3383383383384	2	-0.08771868829190921	1.7454461896166363e-09	0
6283185.307179586	2512.762762762763	3	-0.9532130111067499	3.5189179812688824e-10	1
6283185.307179586	2283.1831831831832	3	0.6444289143724626	-1.2676502070802242e-09	0
6283185.307179586	2881.4814814814818	2	-0.9161216843499502	7.393147627288756e-10	0
6283185.307179586	578.7287287287287	1	-0.20636562745920428	1.3993634255918976e-09	0
6283185.307179586	2199.6996996997	3	1.4390228526830162	1.4778483075496254e-09	1
6283185.307179586	1316.1661661661662	3	-0.7986268982294128	3.489455127882883e-10	2
6283185.307179586	1371.821821821822	3	1.10469689406361	-8.305195946345432e-10	1
6283185.307179586	2853.6536536536537	1	-0.34703480392794894	-9.409311563886353e-10	0
6283185.307179586	2206.6566566566567	1	-0.7483954728409018	-1.4049248505132416e-09	0
6283185.307179586	3062.3623623623625	2	-0.2454020814106772	-8.759867140141001e-10	0
6283185.307179586	1497.047047047047	2	0.43125983788572997	1.94253158394168e-09	0
6283185.307179586	1017.017017017017	3	-1.4729330873884652	-2.026091955987545e-11	2
6283185.307179586	1399.6496496496497	1	-1.3860369763215876	6.403649761443928e-10	2
