axial trapping frequency (MHz) 	 velocity(m/s) 	 ion collided with 	 angle(rads) 	 collision offset(m) 	 reorder? (1 is reorder 2 is ejection) 
6283185.307179586	1747.4974974974975	1	1.1282367317526587	-7.339629645746642e-10	0
6283185.307179586	3486.736736736737	3	-0.5461920478499989	1.951546024878688e-09	0
6283185.307179586	1170.0700700700702	1	-1.1160175452986116	1.406126643820432e-09	1
6283185.307179586	1552.7027027027027	1	-1.0549951585088924	-1.5579422105438835e-09	0
6283185.307179586	2283.1831831831832	1	0.45660761158281415	-7.391480863201682e-10	0
6283185.307179586	1086.5865865865867	1	-0.7848090001632955	-1.1240105417214049e-09	0
6283185.307179586	1893.5935935935936	2	1.3106534923460988	1.83509536986605e-09	0
6283185.307179586	2185.7857857857857	3	-0.22702937342087837	5.22372413520737e-10	0
6283185.307179586	2248.3983983983985	2	1.1754142211539143	-4.545738349317326e-11	1
6283185.307179586	210.01001001001	2	0.8294521703859279	-9.958364482817778e-10	2
6283185.307179586	1023.973973973974	1	-1.5382433053786682	1.6412668325455563e-09	2
6283185.307179586	1441.3913913913914	2	0.29254653591050706	1.1834472992793384e-09	0
6283185.307179586	2011.8618618618618	2	0.15553205547937288	3.898140123862198e-10	0
6283185.307179586	2971.921921921922	3	0.6001195749251851	9.088051080962151e-10	0
6283185.307179586	1510.960960960961	1	-0.865123873896462	-1.4363831452127176e-09	0
6283185.307179586	2039.6896896896897	3	-1.3605957158374895	-1.9939672463656904e-09	2
6283185.307179586	2199.6996996997	2	-1.2921283739523401	4.965585891030942e-10	2
6283185.307179586	1984.034034034034	2	1.2754616572438353	-1.796145815697428e-11	1
6283185.307179586	1643.143143143143	2	1.5622323108254705	-1.054529027316035e-09	2
6283185.307179586	2109.259259259259	1	1.285731450162071	1.9622140323704316e-09	0
6283185.307179586	2067.5175175175173	2	-1.480359374990769	-1.7806690210841747e-09	2
6283185.307179586	1650.1001001001002	3	1.3690754138252261	-7.353103582327881e-10	2
6283185.307179586	912.6626626626627	2	-0.7725163576547786	6.987763195951899e-10	1
6283185.307179586	383.93393393393393	1	1.1255567470931136	-1.3987623138502867e-09	0
6283185.307179586	523.0730730730731	3	-1.131009455541979	-1.0087305189983314e-09	0
6283185.307179586	1977.077077077077	1	-0.30218490207282667	-9.83838569354213e-10	0
6283185.307179586	1295.2952952952953	2	-0.8877821797021738	1.3595752722895571e-09	0
6283185.307179586	2491.891891891892	1	-0.6921261724452892	5.059159720934269e-10	2
6283185.307179586	3152.802802802803	3	0.8335985932996128	1.9978795096941262e-10	2
6283185.307179586	2123.1731731731734	1	0.41240274664485055	8.246267298377311e-10	0
6283185.307179586	1796.1961961961963	1	1.0913324857766251	-1.7115598912492646e-09	0
6283185.307179586	2596.2462462462463	2	1.543572047554418	1.4221996131014629e-09	1
6283185.307179586	258.70870870870874	2	-0.01861210380128875	-1.901599990670909e-10	0
6283185.307179586	843.0930930930931	2	0.8574018080134174	2.586601873166532e-10	2
6283185.307179586	1490.0900900900901	1	0.9053110213219662	2.3246136682660962e-10	2
6283185.307179586	1997.947947947948	3	-1.2644373733946324	1.1454895712634227e-09	0
6283185.307179586	2095.3453453453453	2	0.4814314733614169	-7.734520148920368e-10	0
6283185.307179586	947.4474474474474	3	-0.3147106502863346	-1.4352084722279153e-09	2
6283185.307179586	2394.4944944944946	3	-1.0382529132115919	2.9505787621173125e-10	2
6283185.307179586	3034.5345345345345	2	0.35653289440906777	-3.631791280164381e-10	1
6283185.307179586	2116.2162162162163	3	-0.9691343622171472	7.473318177766117e-10	0
6283185.307179586	2227.5275275275276	1	-0.49914819226654705	-3.8709262878134653e-10	0
6283185.307179586	1775.3253253253254	1	-1.059419232554901	2.2601557637636097e-11	2
6283185.307179586	1267.4674674674675	2	0.7729252732531795	1.9455833405956087e-09	0
6283185.307179586	2137.087087087087	1	-0.9904252706582816	1.573208271081519e-09	0
6283185.307179586	1629.2292292292293	3	0.14316739096961828	-9.686967483977412e-10	0
6283185.307179586	2526.676676676677	3	1.492639092557762	3.923414288620388e-11	1
6283185.307179586	2130.13013013013	2	-1.413632057493619	8.122287851218628e-10	2
6283185.307179586	1629.2292292292293	2	0.4866793135376084	1.2400752688906924e-09	0
6283185.307179586	3180.6306306306305	3	-0.07030029347325595	1.2376281688942443e-09	0
6283185.307179586	1970.1201201201202	3	0.5483154212847503	-4.880265091702413e-10	2
6283185.307179586	1615.3153153153153	2	1.2070816844770684	1.367828629966819e-09	0
6283185.307179586	1323.1231231231232	3	-0.8828910492549554	-1.9874103516985157e-09	0
6283185.307179586	2081.4314314314315	1	0.627217189118316	6.708066754386765e-10	2
6283185.307179586	1698.7987987987988	2	-1.2037785322407355	5.158815654721368e-10	1
6283185.307179586	1921.4214214214214	1	0.11342401241189237	-4.784018091747756e-10	0
6283185.307179586	2526.676676676677	2	0.9481889651437991	-6.137400529021115e-10	1
6283185.307179586	1531.8318318318318	3	-1.164217035035742	6.420174648782316e-10	1
6283185.307179586	1204.854854854855	1	-1.1823146408452296	-7.709506841401219e-10	0
6283185.307179586	1963.1631631631633	2	-0.6262000219560406	-4.02273972055324e-11	2
6283185.307179586	1949.2492492492493	2	-0.6184842620928886	-6.547648710435193e-10	0
6283185.307179586	3333.6836836836837	3	1.3690626443873253	-1.063413217879111e-09	2
6283185.307179586	1942.2922922922924	3	1.0467232660469703	3.5779430668393573e-10	2
6283185.307179586	1552.7027027027027	3	-0.9493095951917384	1.913866561563935e-09	0
6283185.307179586	1316.1661661661662	2	0.09572562131379692	-2.9174180541272895e-11	0
6283185.307179586	1615.3153153153153	1	0.5744308018042767	-9.172430717749638e-10	0
6283185.307179586	1274.4244244244244	2	-0.3813557219608177	-7.007288222184999e-10	0
6283185.307179586	3410.2102102102103	1	-0.8304013637296275	-6.866923097718712e-10	0
6283185.307179586	2157.957957957958	3	-1.169992285179963	-1.6424314288900064e-09	0
6283185.307179586	1128.3283283283283	2	0.1695747480390042	6.490822414267034e-10	0
6283185.307179586	2742.3423423423424	3	0.7354802630465822	-8.004192029203481e-11	1
6283185.307179586	2867.5675675675675	2	0.39479451428607604	-1.042175982332951e-09	0
6283185.307179586	2157.957957957958	2	1.4251526452538181	-1.953488841373517e-09	1
6283185.307179586	1747.4974974974975	3	1.2265971390303676	5.676410963195941e-10	2
6283185.307179586	2178.828828828829	1	0.5381918799106109	-1.499587009464341e-09	0
6283185.307179586	1740.5405405405406	3	0.9334728631064801	-9.5019004613734e-10	2
6283185.307179586	1163.113113113113	3	-1.1793722696160647	-2.6150095043195606e-10	2
6283185.307179586	2088.388388388388	2	0.5069456926716382	6.01499077579443e-10	0
6283185.307179586	3938.938938938939	3	-0.5618192885270414	1.9954027924165186e-09	0
6283185.307179586	2276.226226226226	2	-0.1281433431479806	-1.1750735577596271e-09	0
6283185.307179586	780.4804804804805	1	0.2638626769411956	2.4122592178101253e-10	0
6283185.307179586	836.1361361361362	2	1.5626297149670774	1.0073768744877983e-10	1
6283185.307179586	2415.3653653653655	1	-1.0393131503337076	-6.211330872688513e-10	0
6283185.307179586	1615.3153153153153	3	-0.031238268697471705	1.5365545646372854e-10	0
6283185.307179586	2234.4844844844847	2	-0.9141092107824275	-8.986044751308945e-10	0
6283185.307179586	2540.5905905905906	2	1.350252715205627	1.7211483423404786e-09	1
6283185.307179586	2631.031031031031	2	-0.5192290535020485	1.7627067472082532e-09	0
6283185.307179586	3055.4054054054054	1	1.3705552787423714	-1.8857220632093297e-09	0
6283185.307179586	1900.5505505505505	3	-0.4966172215579814	2.627881084603333e-10	0
6283185.307179586	1622.2722722722724	2	1.4439329642374332	9.800200379187866e-10	2
6283185.307179586	2074.474474474475	2	1.0521591278256852	4.747220571121138e-11	1
6283185.307179586	3076.2762762762763	3	1.222779619595892	-1.8099799904575789e-09	0
6283185.307179586	1782.2822822822823	1	-1.0955049921935875	1.0645632143363483e-09	2
6283185.307179586	2547.5475475475478	1	0.7783430728535099	-1.0296362797690592e-09	0
6283185.307179586	2951.051051051051	2	0.25592847809824115	-5.128644435803423e-10	0
6283185.307179586	1100.5005005005005	2	1.072272332985484	8.768991858434572e-10	2
6283185.307179586	2185.7857857857857	3	0.48558736162267113	-6.878662100753627e-10	1
6283185.307179586	2046.6466466466468	3	0.5784146233118936	1.644649263604818e-09	0
6283185.307179586	1330.08008008008	1	-1.3835014362473146	1.0696297427550386e-10	1
6283185.307179586	1949.2492492492493	2	-0.7923365387303245	-1.7731620405386812e-09	0
