axial trapping frequency (MHz) 	 velocity(m/s) 	 ion collided with 	 angle(rads) 	 collision offset(m) 	 reorder? (1 is reorder 2 is ejection) 
6283185.307179586	2631.031031031031	1	0.9191939184675189	7.986336279677157e-10	0
6283185.307179586	1427.4774774774776	3	-0.5402460556364921	1.356736274707748e-09	0
6283185.307179586	1608.3583583583584	3	-1.4117682286283468	1.6524251920001435e-09	2
6283185.307179586	1754.4544544544544	1	-0.125850997642877	-1.597487949657489e-09	0
6283185.307179586	1754.4544544544544	3	0.39816311985297825	1.0787197053942252e-10	1
6283185.307179586	1803.1531531531532	1	-0.21247602050022896	2.4050527347787163e-10	2
6283185.307179586	2658.858858858859	1	-1.010482692345648	-5.782730083060299e-10	2
6283185.307179586	1733.5835835835837	3	-0.7562399820089124	7.768172459215543e-10	0
6283185.307179586	1295.2952952952953	1	0.7443661557814889	1.233033856588668e-09	0
6283185.307179586	940.4904904904905	3	0.12097588238164647	-9.738155611810436e-10	0
6283185.307179586	1928.3783783783783	3	0.1096483157832513	-1.1175081663112051e-09	0
6283185.307179586	3438.038038038038	2	-0.2536559081484824	-1.3687315138434765e-09	0
6283185.307179586	2317.967967967968	3	0.4453209066062169	-2.320026463274083e-11	1
6283185.307179586	1594.4444444444446	3	-1.565951650365508	-1.7907245947624762e-09	2
6283185.307179586	1824.0240240240241	1	-0.4342276548398518	-6.932622153928994e-10	0
6283185.307179586	2109.259259259259	2	1.1958751710853082	-1.4988964827881776e-10	2
6283185.307179586	1879.6796796796798	2	1.1328874340208657	-1.1666675097896057e-09	0
6283185.307179586	1399.6496496496497	3	0.9468134243822868	-1.971065447238012e-09	0
6283185.307179586	2046.6466466466468	3	-0.05021945277584683	-1.7048167547120063e-09	0
6283185.307179586	3166.7167167167167	2	0.797439361696409	-1.2138340043946766e-09	0
6283185.307179586	1135.2852852852852	1	1.0115869821156211	-1.7961718499608855e-09	0
6283185.307179586	1448.3483483483483	3	0.3021589175432804	1.534299529757611e-09	0
6283185.307179586	1385.7357357357357	3	-0.46051026394714434	1.9159048475482055e-09	0
6283185.307179586	1698.7987987987988	2	-0.48176245082611824	1.0979472352362222e-09	0
6283185.307179586	1510.960960960961	3	-0.929706166617299	7.754062851333678e-10	2
6283185.307179586	1406.6066066066066	2	0.9997749840368604	4.887812211289945e-10	1
6283185.307179586	2992.792792792793	1	-1.0598159358539032	6.060312709244346e-10	2
6283185.307179586	1865.7657657657658	1	0.27853519934941406	1.1681753669283221e-09	0
6283185.307179586	2554.5045045045044	2	-0.26125912966990983	4.0965353262875386e-10	1
6283185.307179586	1441.3913913913914	3	0.8072906004469642	-1.2685411295098472e-09	0
6283185.307179586	1601.4014014014015	1	-0.7016213200589956	1.259262024190513e-09	0
6283185.307179586	2025.7757757757759	3	0.6993112733321105	1.6591239629117864e-09	0
6283185.307179586	2206.6566566566567	1	0.09176218535887859	-7.555892643947321e-10	0
6283185.307179586	1830.980980980981	3	-0.7946274865029881	-1.4086746581654955e-09	0
6283185.307179586	815.2652652652653	2	-0.766921008269485	2.70539998560258e-10	2
6283185.307179586	2352.7527527527527	2	1.120200209569091	5.557716475141288e-10	2
6283185.307179586	1643.143143143143	1	-1.048538949857635	1.5441072242916942e-09	0
6283185.307179586	2025.7757757757759	3	-1.0000346059411762	-1.5447249891868175e-10	2
6283185.307179586	3368.4684684684685	1	-1.0260385443118363	-1.2539110354190495e-09	0
6283185.307179586	2700.6006006006005	2	-1.3721772637264735	8.466827643560685e-11	1
6283185.307179586	1225.7257257257259	3	-1.2119004675198053	-2.504296523023921e-10	1
6283185.307179586	2477.977977977978	2	-0.9793305301805795	7.732983048751185e-10	0
6283185.307179586	2227.5275275275276	1	1.0171747888204417	-1.3780507865343351e-09	0
6283185.307179586	2032.7327327327328	1	-0.27474218010559204	1.8129204506906918e-09	0
6283185.307179586	1956.2062062062062	3	0.39888139813058765	1.588079475490114e-09	0
6283185.307179586	1135.2852852852852	2	-0.6312996677546866	-1.7374129423019948e-09	0
6283185.307179586	780.4804804804805	1	0.508355882399889	-1.0631906271598039e-09	0
6283185.307179586	752.6526526526527	3	-0.8303292855644596	-7.446344643142405e-10	0
6283185.307179586	2311.011011011011	1	-1.4685089813071204	-2.6468669924775557e-10	1
6283185.307179586	1580.5305305305305	1	-1.403439017600999	7.531737969523239e-10	2
6283185.307179586	1761.4114114114116	2	1.477246968184192	-2.0466243167163262e-10	2
6283185.307179586	2596.2462462462463	1	-0.7202455183799464	-1.0314438037537782e-09	0
6283185.307179586	1316.1661661661662	1	1.441400146254539	5.106341137200416e-10	2
6283185.307179586	1100.5005005005005	1	-1.546758866040972	1.9028183814406083e-09	1
6283185.307179586	1517.917917917918	1	1.4892650041492224	-7.644787311640929e-10	2
6283185.307179586	2457.1071071071074	2	-1.1815571148619146	-1.7193065960460437e-09	0
6283185.307179586	2283.1831831831832	2	-0.2984498938812308	1.2038577536635727e-09	0
6283185.307179586	1824.0240240240241	1	1.2433916338884323	-1.1139909200685341e-09	1
6283185.307179586	1316.1661661661662	2	0.26600229228525274	4.5346488013659443e-10	2
6283185.307179586	1761.4114114114116	3	0.05723825916237013	8.87396122535111e-10	0
6283185.307179586	2679.72972972973	3	0.3858693272766667	1.2977344817451082e-09	0
6283185.307179586	2137.087087087087	3	-0.26190748672866926	-1.0511676232106471e-09	0
6283185.307179586	1900.5505505505505	3	0.5928779081818321	1.3817800474922495e-09	0
6283185.307179586	877.877877877878	3	-0.9817735455916492	1.2237749948514365e-09	2
6283185.307179586	1914.4644644644645	1	-1.0629964599487112	9.70905819060728e-10	0
6283185.307179586	3403.253253253253	3	-0.3199167582699618	3.6205642978521667e-10	1
6283185.307179586	2262.3123123123123	1	-1.2158552894917192	1.4451877618349869e-09	0
6283185.307179586	2053.603603603604	1	-0.4062654534542087	-1.8403910893212859e-09	0
6283185.307179586	1281.3813813813815	3	1.1421045249842101	-2.2825161801325123e-11	1
6283185.307179586	1392.6926926926926	2	0.17656611265347255	1.0809938521038065e-09	0
6283185.307179586	1824.0240240240241	3	0.5498258977570925	7.607743469286972e-10	0
6283185.307179586	2067.5175175175173	3	1.4859330131398338	-1.3841247489222472e-09	2
6283185.307179586	2213.613613613614	3	0.40410671211040206	1.8616635807537383e-09	0
6283185.307179586	1086.5865865865867	2	-0.4817136686021182	-1.730047373947369e-10	1
6283185.307179586	1789.2392392392394	1	0.8710017068938622	-1.8579768337345054e-09	0
6283185.307179586	940.4904904904905	1	-1.007940879492637	7.19106729830893e-10	1
6283185.307179586	1698.7987987987988	2	-0.00040586993979752073	1.0755193033457303e-09	0
6283185.307179586	1803.1531531531532	1	-1.0707167419176695	1.0951311590110654e-09	0
6283185.307179586	2137.087087087087	2	-0.20198808055835937	3.37422731970732e-10	1
6283185.307179586	203.05305305305305	1	-0.26915113498117593	2.946151968978015e-11	0
6283185.307179586	2644.944944944945	1	-0.6735954382052963	-1.4173215237171226e-09	0
6283185.307179586	877.877877877878	2	-1.1576332012350925	-1.6605755945506908e-09	0
6283185.307179586	3257.157157157157	3	-1.278818595578182	-1.7847266518914108e-09	0
6283185.307179586	1893.5935935935936	1	0.7720956188439381	-3.8026219892001166e-10	1
6283185.307179586	474.3743743743744	2	-0.8568090227243381	-9.73962522281302e-10	2
6283185.307179586	1928.3783783783783	1	-0.2656132454602018	6.767502039494696e-11	2
6283185.307179586	1107.4574574574574	1	-0.5516523794680792	1.4796848864803255e-09	0
6283185.307179586	3389.3393393393394	1	0.2632847635614384	4.730147529199588e-10	0
6283185.307179586	1504.004004004004	2	0.5768351122582445	-6.833229936171948e-10	0
6283185.307179586	1775.3253253253254	2	-0.05530563248877707	1.2033191301276244e-09	0
6283185.307179586	1497.047047047047	1	-1.2885566756262081	1.3583486975868221e-09	2
6283185.307179586	2568.4184184184187	3	0.38400431372880495	1.421171604697569e-09	0
6283185.307179586	2213.613613613614	3	1.2688478654482913	1.0893511461056135e-09	1
6283185.307179586	1921.4214214214214	2	0.5043087772388755	-1.7564768388714042e-09	0
6283185.307179586	1337.0370370370372	1	0.9715442685455744	-1.882490563662517e-09	0
6283185.307179586	3236.286286286286	3	0.835924963750212	-1.8080185046280566e-09	0
6283185.307179586	1170.0700700700702	2	0.9465768589376933	-1.7715757730409105e-09	0
6283185.307179586	2032.7327327327328	2	-1.3462921588666756	1.7146865173884396e-09	2
6283185.307179586	717.8678678678679	2	-1.4446667039558785	-5.725905986992061e-10	2
6283185.307179586	634.3843843843844	3	0.5812301182535888	1.43950635375762e-09	0
