axial trapping frequency (MHz) 	 velocity(m/s) 	 ion collided with 	 angle(rads) 	 collision offset(m) 	 reorder? (1 is reorder 2 is ejection) 
6283185.307179586	1065.7157157157158	1	-1.238099404933691	-7.827059520859452e-10	1
6283185.307179586	2081.4314314314315	2	0.9177704805572424	9.56651153180234e-10	0
6283185.307179586	1698.7987987987988	1	-0.9380625022757377	-4.346879958885013e-10	2
6283185.307179586	1406.6066066066066	2	0.878327854989402	1.5120193279764573e-09	0
6283185.307179586	1698.7987987987988	2	-0.7540484137838911	-1.1489440251167028e-09	0
6283185.307179586	1636.1861861861862	3	-0.39944848191102933	-1.1957759108491124e-09	0
6283185.307179586	2770.1701701701704	2	-1.4910091856566658	-1.0534764622293174e-09	2
6283185.307179586	1677.927927927928	2	1.4815913677623977	-1.777042893663627e-10	2
6283185.307179586	2540.5905905905906	1	-0.7282183787751563	4.0080682010835516e-10	2
6283185.307179586	1830.980980980981	3	0.14791568837251412	1.4801765009793929e-09	0
6283185.307179586	3215.4154154154153	1	1.3509652870969493	-1.2071961862567686e-09	1
6283185.307179586	1260.5105105105106	1	-0.4745632026897102	-5.628693125403297e-10	2
6283185.307179586	1587.4874874874874	1	-1.565077787351426	-1.9986172882825563e-09	1
6283185.307179586	2290.1401401401404	3	0.01373782260753531	6.497498043041198e-10	0
6283185.307179586	1441.3913913913914	1	-0.12236159843297023	1.6002086792418978e-09	0
6283185.307179586	439.5895895895896	3	0.8921094490783097	-1.3509549937027672e-09	0
6283185.307179586	1378.7787787787788	2	-1.4689388720686145	6.191816610629336e-10	2
6283185.307179586	3124.974974974975	2	0.9984191373458629	-1.896278210322215e-09	0
6283185.307179586	996.1461461461462	2	-0.22128654844173856	3.103360566318291e-10	1
6283185.307179586	571.7717717717718	3	-0.6418522112032523	1.558099828233331e-09	0
6283185.307179586	2074.474474474475	1	1.3521934572566456	-1.134083137744947e-09	2
6283185.307179586	2846.6966966966966	3	-0.5280357727247009	-1.892107567432432e-10	2
6283185.307179586	1949.2492492492493	3	-1.1396112727462366	6.388347642880241e-10	1
6283185.307179586	1490.0900900900901	2	-0.3821282148692744	-1.309358620917978e-09	0
6283185.307179586	2505.805805805806	1	0.8065475057087861	-1.0067511917794816e-09	0
6283185.307179586	1093.5435435435436	2	0.8540947940110772	1.3310651136043932e-09	0
6283185.307179586	1051.801801801802	3	0.03816123151632156	-6.03090106887251e-10	0
6283185.307179586	1830.980980980981	2	0.950941928238449	-1.0185220986382154e-09	0
6283185.307179586	2700.6006006006005	3	0.3242201628271584	-1.0762995412971335e-09	0
6283185.307179586	1183.983983983984	1	-1.1449201463234722	-1.3540080236192558e-09	1
6283185.307179586	1886.6366366366367	1	-0.5863821621779518	-6.57976146942488e-10	0
6283185.307179586	1017.017017017017	2	1.3944231112317063	-1.7910629271222153e-09	1
6283185.307179586	1733.5835835835837	3	0.8592483920037775	1.5590401291727962e-09	0
6283185.307179586	1086.5865865865867	2	-1.4971056480130605	-5.522835056578974e-10	1
6283185.307179586	2338.838838838839	1	0.14063516143249744	5.5546142377712524e-11	2
6283185.307179586	2742.3423423423424	3	0.5154998527934991	1.0858521934389955e-09	0
6283185.307179586	1142.2422422422424	2	0.4377168902846744	2.3587948074587866e-10	1
6283185.307179586	2227.5275275275276	2	0.7380457518035741	-1.9177644214147775e-09	0
6283185.307179586	1399.6496496496497	1	-0.9766674848565525	1.9989674909205606e-09	0
6283185.307179586	1677.927927927928	2	0.38272633217941876	8.097625527840408e-10	0
6283185.307179586	2825.825825825826	1	0.8301788813026909	1.1072523894003635e-09	0
6283185.307179586	1364.864864864865	1	1.1114793948738955	7.126758982281134e-10	2
6283185.307179586	2032.7327327327328	1	-0.03381674516418198	-1.444268167581517e-09	0
6283185.307179586	2665.8158158158158	3	-0.39217010344744274	-1.994198506671024e-09	0
6283185.307179586	585.6856856856857	2	0.38192513793569227	4.910192185171258e-10	2
6283185.307179586	1455.3053053053054	2	-0.22031127009831653	7.798825325135693e-10	0
6283185.307179586	1232.6826826826828	3	-1.238681101344431	-1.2350361773351908e-09	1
6283185.307179586	1552.7027027027027	3	-1.1632078249187852	1.6880117909951898e-09	0
6283185.307179586	1504.004004004004	3	-0.4334901166586058	-6.898031212340663e-10	0
6283185.307179586	1030.930930930931	3	1.2356841052638994	6.282955289708117e-10	2
6283185.307179586	1239.6396396396397	2	-1.4403718932469474	-2.6382150876216364e-10	1
6283185.307179586	3159.75975975976	2	1.4854382014423884	5.115545590899189e-10	1
6283185.307179586	1886.6366366366367	3	-1.1777259121422863	-3.3456798403527666e-10	2
6283185.307179586	2227.5275275275276	1	1.301585537200273	-1.0012530823363016e-09	1
6283185.307179586	1114.4144144144145	3	-0.7974442684724012	1.5054901562045651e-09	0
6283185.307179586	2283.1831831831832	1	-0.5328198847953698	-1.612953192288449e-09	0
6283185.307179586	1128.3283283283283	1	0.664413053557313	2.8466825890670806e-10	2
6283185.307179586	1413.5635635635635	3	-0.8945829686554229	-1.2061908931884613e-09	0
6283185.307179586	2471.021021021021	2	0.18306516890733082	1.378328284613903e-09	0
6283185.307179586	1302.2522522522522	2	-0.9620099537828802	2.5370842281916423e-10	2
6283185.307179586	1872.7227227227227	3	-0.8011372134307629	1.6741999051521435e-09	0
6283185.307179586	1830.980980980981	1	-0.9439517729734509	1.6753974650422094e-10	2
6283185.307179586	1865.7657657657658	2	1.1092004459271916	-3.722812429036577e-10	1
6283185.307179586	1037.887887887888	1	-0.962159291442072	-1.6720877222051108e-09	0
6283185.307179586	1371.821821821822	3	0.4473301163229575	-1.6609623221800833e-10	2
6283185.307179586	1364.864864864865	2	0.00522466282012779	1.5730743302306902e-09	0
6283185.307179586	1803.1531531531532	3	-0.5771149943397216	1.7084596805149542e-09	0
6283185.307179586	912.6626626626627	1	0.4431116052295181	1.9870865353957075e-09	0
6283185.307179586	1114.4144144144145	1	0.26902502878216494	-9.426456093845428e-11	2
6283185.307179586	258.70870870870874	3	-0.5531668190937877	-3.070428050448801e-10	0
6283185.307179586	2290.1401401401404	3	1.288244870168326	-1.8293573123931417e-09	0
6283185.307179586	1761.4114114114116	1	0.16456010796971454	1.166691828250352e-09	0
6283185.307179586	2944.094094094094	2	-0.8056576131419657	1.5166782776691158e-09	0
6283185.307179586	2825.825825825826	3	0.6489551853581039	-4.441211810334896e-10	1
6283185.307179586	2429.2792792792793	2	0.16652731894722583	7.968379672002353e-10	0
6283185.307179586	2095.3453453453453	1	0.6018799306531508	-9.336152183024843e-10	0
6283185.307179586	2575.3753753753754	1	0.11598668361153308	6.442567197729082e-10	0
6283185.307179586	3145.845845845846	1	-0.8567893001695585	1.0155080603455762e-09	0
6283185.307179586	1030.930930930931	2	0.07607440045108627	-5.54128044939723e-10	2
6283185.307179586	703.9539539539539	1	0.3271866475199281	4.049095330258099e-10	2
6283185.307179586	1267.4674674674675	2	-0.4871441288812408	-1.0718541947753067e-09	0
6283185.307179586	1030.930930930931	3	-0.8843355684975289	8.979225975279994e-10	1
6283185.307179586	2004.904904904905	3	0.7514780780526209	1.465497538864349e-10	2
6283185.307179586	1406.6066066066066	1	-1.4039373793767096	7.627213560405456e-10	2
6283185.307179586	2262.3123123123123	1	0.8775369389980803	1.962046185405327e-09	0
6283185.307179586	1058.7587587587586	2	0.2575171800454943	-1.4655225630021246e-09	0
6283185.307179586	1239.6396396396397	1	1.5235507574962903	4.5937790901968273e-10	2
6283185.307179586	3020.6206206206207	3	-0.5036645573486138	-1.7784924695053515e-09	0
6283185.307179586	1010.0600600600601	3	1.0401532060073944	9.274243480423164e-10	2
6283185.307179586	2693.643643643644	2	-0.43737280385222976	1.1304666632305395e-10	2
6283185.307179586	3535.4354354354355	2	-0.9074135962272769	1.0506208274755589e-10	1
6283185.307179586	968.3183183183183	3	-1.4035835377176138	-1.7300156361632404e-09	2
6283185.307179586	2867.5675675675675	3	0.5036981878388835	5.250429537012674e-10	0
6283185.307179586	3994.5945945945946	1	1.5215933627062843	-6.002222950763457e-10	2
6283185.307179586	2241.4414414414414	2	1.0587509994198832	-2.579396569768786e-10	2
6283185.307179586	1267.4674674674675	3	-1.3447404607384033	-3.8983535775513726e-10	1
6283185.307179586	2477.977977977978	1	-1.168310663540799	-1.572457470277699e-09	0
6283185.307179586	1406.6066066066066	1	-1.076406813505394	3.381356335154622e-10	1
6283185.307179586	1844.8948948948948	2	-1.3670897060345948	-1.4636564295157136e-09	2
6283185.307179586	724.8248248248249	3	1.243074888605105	1.7573514702125706e-09	2
