axial trapping frequency (MHz) 	 velocity(m/s) 	 ion collided with 	 angle(rads) 	 collision offset(m) 	 reorder? (1 is reorder 2 is ejection) 
6283185.307179586	1427.4774774774776	4	1.150662691535366	7.884148374896568e-10	2
6283185.307179586	1719.6696696696697	1	1.3203847871263141	-3.0110397262743233e-10	2
6283185.307179586	836.1361361361362	2	1.4466630793585042	-1.6849286690441485e-09	1
6283185.307179586	1441.3913913913914	3	0.7588974309947529	6.165487577294279e-10	1
6283185.307179586	2067.5175175175173	2	0.33852907362015894	-8.819987366156234e-10	0
6283185.307179586	2888.4384384384384	2	1.4308620947767752	-7.567313800637145e-10	2
6283185.307179586	2324.924924924925	1	1.455056289067591	-3.1975484529879897e-10	2
6283185.307179586	870.9209209209209	1	-0.9819202984167342	-2.5650609737219854e-11	2
6283185.307179586	3194.544544544545	2	0.43201555135148473	8.132622123124602e-10	0
6283185.307179586	1170.0700700700702	4	0.2945129669233235	1.6675611145598077e-10	2
6283185.307179586	863.963963963964	3	0.39476696440990233	2.3041267496856906e-10	2
6283185.307179586	1851.851851851852	3	0.39469436222991083	-3.611306517421441e-10	1
6283185.307179586	1817.0670670670672	1	-0.15750436280868874	8.448608290989642e-10	0
6283185.307179586	2088.388388388388	2	-0.16244807359240432	-2.9821103668848626e-10	1
6283185.307179586	1580.5305305305305	4	0.1022112452385715	3.447649664806852e-10	2
6283185.307179586	975.2752752752752	1	-1.4627258687991787	1.7731492354483086e-09	1
6283185.307179586	2721.4714714714714	1	1.0054786745164854	-3.271686671442126e-10	2
6283185.307179586	1914.4644644644645	3	-0.283427414473564	1.5599884375428048e-10	1
6283185.307179586	1149.1991991991993	3	-0.690833316920944	7.09306294306218e-10	1
6283185.307179586	1629.2292292292293	1	-0.4266303208766531	1.0448948745591094e-09	0
6283185.307179586	1010.0600600600601	2	-1.397877905241445	4.74674225747876e-10	2
6283185.307179586	3124.974974974975	3	-1.1008403797542998	-1.476115596833167e-09	0
6283185.307179586	2373.6236236236236	4	0.9819719339831612	-1.1461755925477215e-09	0
6283185.307179586	1364.864864864865	3	-0.824532316385328	-1.4762788370238465e-09	0
6283185.307179586	1670.970970970971	3	-0.724773961663413	1.8740761194953697e-09	0
6283185.307179586	3020.6206206206207	2	0.8226314859388579	-1.0065493792308694e-10	1
6283185.307179586	954.4044044044044	1	-0.6484226110255994	1.867479274684061e-09	0
6283185.307179586	3166.7167167167167	1	0.4631693038899627	-1.4860057127967039e-09	0
6283185.307179586	2394.4944944944946	2	-1.2452521946245332	-9.6096342800675e-10	1
6283185.307179586	1190.940940940941	2	0.30700800009743245	-1.4985943037058862e-09	0
6283185.307179586	1712.7127127127128	2	0.7372132581812116	8.483244299199139e-11	1
6283185.307179586	1580.5305305305305	1	-0.9540763013797517	-8.508207764912435e-10	2
6283185.307179586	1879.6796796796798	2	-0.11665554666285938	-8.251138483273298e-10	0
6283185.307179586	1156.1561561561562	2	-0.5359583491752204	3.159114787020237e-10	2
6283185.307179586	1378.7787787787788	2	-1.3798271603002228	-1.8405168064006696e-09	2
6283185.307179586	2874.5245245245246	2	-1.3300475468882702	3.969348357335073e-10	1
6283185.307179586	2151.001001001001	3	-0.8897852814427442	6.349979839268275e-10	1
6283185.307179586	968.3183183183183	2	1.023428886246505	9.782426752960684e-10	1
6283185.307179586	411.76176176176176	4	-1.1147090503870838	2.425986475681729e-10	2
6283185.307179586	975.2752752752752	1	-1.004491315072174	-4.006783872297208e-10	2
6283185.307179586	585.6856856856857	4	0.9753337623677822	1.8178057326417297e-09	2
6283185.307179586	1357.9079079079079	1	-0.7524322530039332	3.715355968853792e-10	2
6283185.307179586	1956.2062062062062	3	-0.04624048133402581	-1.448778439642569e-09	0
6283185.307179586	2151.001001001001	3	0.7030103800496978	-1.0678813244867454e-09	0
6283185.307179586	1455.3053053053054	2	0.9554210517485955	-4.1563176904599974e-10	2
6283185.307179586	2568.4184184184187	3	1.319653552900867	3.9583124776126323e-10	2
6283185.307179586	1691.8418418418419	4	-0.3211804299604455	-1.279661327744385e-09	0
6283185.307179586	1232.6826826826828	2	-0.43027388348904716	-1.4643359599402853e-09	0
6283185.307179586	1037.887887887888	4	1.0658409636686086	-5.367737815913097e-10	2
6283185.307179586	1190.940940940941	1	0.5138353235292272	-1.5332778833371547e-09	0
6283185.307179586	1385.7357357357357	3	0.7833131074210762	-1.8658004064213287e-09	0
6283185.307179586	1218.7687687687687	4	1.2115710775729913	-8.256153273526432e-10	2
6283185.307179586	1636.1861861861862	3	-1.0241795064004378	8.702047897998506e-10	1
6283185.307179586	1455.3053053053054	2	1.0549838924540902	-1.3850509513971558e-09	0
6283185.307179586	2888.4384384384384	3	1.1798991842107278	-5.166655738632465e-10	2
6283185.307179586	1065.7157157157158	4	-0.6136305265435318	1.5119859727455319e-09	0
6283185.307179586	2206.6566566566567	3	-0.46540022717208207	-1.1239568945382465e-09	0
6283185.307179586	1552.7027027027027	4	1.5207032763336983	1.4681564262659285e-09	2
6283185.307179586	1949.2492492492493	2	1.3344226363467073	-1.8229417141044612e-09	1
6283185.307179586	1288.3383383383384	1	-0.1483758515124025	-9.053394654713652e-10	0
6283185.307179586	940.4904904904905	4	-1.357812892160795	-1.7810889322509846e-09	2
6283185.307179586	933.5335335335336	1	0.6902245626548655	-1.395594836599866e-09	0
6283185.307179586	857.007007007007	1	-1.5209286857253015	8.258104265345075e-10	1
6283185.307179586	1017.017017017017	2	-0.7809989311737229	5.012823960457223e-10	1
6283185.307179586	1921.4214214214214	2	-0.4153496344259531	1.2906804636589874e-09	0
6283185.307179586	2679.72972972973	3	-1.5644750794287188	-1.7707199532857267e-09	1
6283185.307179586	1197.897897897898	3	0.5130643939622872	1.921139309970285e-10	1
6283185.307179586	1740.5405405405406	2	-1.1528357946317809	-1.424258126825066e-09	0
6283185.307179586	1684.884884884885	1	1.5656859197753583	9.225571502478916e-10	2
6283185.307179586	1747.4974974974975	2	-1.3413675912461211	1.1082527078487506e-09	2
6283185.307179586	1733.5835835835837	1	0.515862840323027	-9.485541160503033e-10	0
6283185.307179586	1552.7027027027027	4	-0.8227068319217241	-6.966915972490768e-10	0
6283185.307179586	2004.904904904905	3	1.061425670446237	-1.7418881548342361e-09	0
6283185.307179586	2533.6336336336335	2	0.5379865271373419	1.7459271681771673e-09	0
6283185.307179586	877.877877877878	2	0.8747128036056329	-1.4409910775272687e-09	0
6283185.307179586	1559.6596596596596	3	-0.1119935764326907	3.190731055864995e-10	1
6283185.307179586	2081.4314314314315	4	1.2133074478897998	4.6472846590262113e-10	2
6283185.307179586	1643.143143143143	2	-1.1881927740831744	1.3939098209786595e-09	0
6283185.307179586	2192.742742742743	3	-0.17427335925993903	3.0400766972787974e-10	2
6283185.307179586	1997.947947947948	2	-0.2482436933007799	4.1629244712655733e-10	1
6283185.307179586	3431.0810810810813	4	-0.4769900723450562	-3.3729521387974924e-10	1
6283185.307179586	968.3183183183183	1	-0.6270719866924439	4.719630841039848e-10	0
6283185.307179586	1302.2522522522522	3	-0.4359585342706016	-9.415540260240388e-11	2
6283185.307179586	1657.0570570570571	2	1.5513968198160462	9.840382453712376e-10	1
6283185.307179586	2164.914914914915	1	0.5811247552323127	-5.787886317093292e-10	1
6283185.307179586	2283.1831831831832	3	1.529797723967583	1.7808198451511264e-09	1
6283185.307179586	2192.742742742743	2	-0.1708898948646549	1.8870085377414063e-09	0
6283185.307179586	2554.5045045045044	4	1.1681600269601513	-9.30411082030687e-10	1
6283185.307179586	502.2022022022022	3	0.7335085573662186	5.081954048505682e-10	2
6283185.307179586	787.4374374374374	1	-0.11362725451667388	1.6920979257173647e-09	0
6283185.307179586	2067.5175175175173	2	-1.18873469311602	1.797909500356985e-09	0
6283185.307179586	2784.084084084084	3	1.1668760528790942	-9.640318340716397e-10	1
6283185.307179586	1350.950950950951	4	-1.5643021948247702	-1.3555991554751501e-10	2
6283185.307179586	2269.2692692692694	4	-1.4871035907741446	1.5489606133279962e-09	2
6283185.307179586	2234.4844844844847	2	-1.5117324289718153	1.8271113256164583e-09	1
6283185.307179586	2651.901901901902	1	0.2752330000535854	4.1741236239183356e-10	0
6283185.307179586	1510.960960960961	3	-0.39692076805595966	-4.957192399069742e-10	1
6283185.307179586	1817.0670670670672	1	-1.2618751052041837	1.586436817561905e-10	2
6283185.307179586	2714.5145145145148	1	1.2702079426943893	-1.471367919554362e-09	0
6283185.307179586	1003.1031031031031	3	0.4820352449749312	5.010141216585801e-10	1
6283185.307179586	4732.0320320320325	2	0.007514447269591162	-2.8079984117469616e-10	1
6283185.307179586	383.93393393393393	3	-1.0784927371156514	-1.1268019875898263e-09	2
6283185.307179586	731.7817817817818	1	-1.3023200860888773	-1.8080577118655322e-09	1
6283185.307179586	2394.4944944944946	4	-0.28888763406662865	4.2220539461474786e-10	2
6283185.307179586	1559.6596596596596	4	-0.9089990097376999	1.0677685934013887e-09	0
6283185.307179586	2248.3983983983985	4	0.2043193537454251	-1.9161944212553744e-09	0
6283185.307179586	829.1791791791792	3	-0.4879787968074518	6.444410482551322e-10	1
6283185.307179586	1886.6366366366367	2	-1.5334176687325882	-1.2283158819878817e-09	2
6283185.307179586	2213.613613613614	1	-0.7034855960399851	-7.214629395779948e-10	0
6283185.307179586	1357.9079079079079	2	0.7174664880244177	9.40642026617521e-10	0
6283185.307179586	1469.2192192192192	1	0.3657554595660555	-9.899294594162088e-10	0
6283185.307179586	1580.5305305305305	3	-0.8880460163432101	-6.123973529911929e-10	2
6283185.307179586	2770.1701701701704	4	-0.28699124641150675	-2.5609228325731805e-11	2
6283185.307179586	1420.5205205205204	2	-1.1784426835640283	-1.69068370907313e-09	0
6283185.307179586	453.5035035035035	3	-0.5572546201722122	1.1039469834693893e-09	1
6283185.307179586	1135.2852852852852	2	1.05619620950984	9.385462144334578e-10	1
6283185.307179586	1462.2622622622623	2	1.3996485894781068	-1.3237491325703423e-09	2
6283185.307179586	1698.7987987987988	4	1.0503110056906726	-1.906031825598246e-09	0
6283185.307179586	1803.1531531531532	4	1.3410560604653976	-1.5371744895341264e-09	2
6283185.307179586	1288.3383383383384	1	0.12607319919742643	-1.3630705121970586e-09	0
6283185.307179586	787.4374374374374	2	0.7872838963808935	-4.903538263931929e-10	1
6283185.307179586	1371.821821821822	3	0.8169613184132243	-1.3370271998953776e-09	0
6283185.307179586	1545.7457457457458	2	-0.73324924366721	3.981388880157201e-10	1
6283185.307179586	2498.848848848849	1	1.0446600681905571	1.1350290626773379e-09	0
6283185.307179586	1065.7157157157158	4	-0.9151398012719677	-1.6402042539386448e-09	0
6283185.307179586	808.3083083083084	3	-0.16199370114083678	-1.1822088197963044e-09	0
6283185.307179586	3271.071071071071	2	0.059140111500425974	-9.44054779940509e-10	0
6283185.307179586	2874.5245245245246	1	0.1695461797658	1.0746241970253248e-09	0
6283185.307179586	2450.1501501501502	4	-0.07482108972282542	7.727196844539193e-10	0
6283185.307179586	2074.474474474475	4	-0.8824926678463128	-1.5554756752632432e-09	0
6283185.307179586	2818.868868868869	4	-0.16505425850122601	1.1714525874950492e-09	0
6283185.307179586	585.6856856856857	2	-0.26861611214151027	3.231132984356703e-10	1
6283185.307179586	1977.077077077077	4	0.5295055707208722	1.015918239450886e-09	0
6283185.307179586	1274.4244244244244	2	-0.30939441217224206	8.444132578109153e-10	0
6283185.307179586	2199.6996996997	4	0.41982939004191033	1.9776324601379077e-09	0
6283185.307179586	1879.6796796796798	3	0.23345636566235206	-6.985616849832571e-10	0
6283185.307179586	3716.3163163163163	1	0.36260022002831716	1.2846058912395135e-10	2
6283185.307179586	2269.2692692692694	2	-0.5251409988971216	4.615338617221867e-10	1
6283185.307179586	1114.4144144144145	3	-1.0372347915178661	2.7568505948569117e-10	1
6283185.307179586	2241.4414414414414	3	0.7642382914402077	4.6265168522550165e-10	2
6283185.307179586	1712.7127127127128	4	1.5270706227941573	6.966619953697851e-10	1
6283185.307179586	2046.6466466466468	2	1.1497350479045432	-1.9732356229386005e-09	0
6283185.307179586	808.3083083083084	3	-0.6175312197945707	1.6614240669558488e-10	1
6283185.307179586	1664.014014014014	1	0.41341038949932796	9.072325989694272e-10	0
6283185.307179586	752.6526526526527	3	-1.0247984524117815	1.468825046647412e-09	0
6283185.307179586	884.8348348348349	3	1.2242270420496957	-9.271576517771698e-11	1
6283185.307179586	1065.7157157157158	3	0.1967981147727822	2.1088210878645665e-10	1
6283185.307179586	1657.0570570570571	2	0.5412808177909039	4.052440550017314e-10	2
6283185.307179586	1538.788788788789	4	-1.409918967945118	2.0206191683819423e-10	2
6283185.307179586	1017.017017017017	2	0.9033332289659319	-5.214064468929469e-10	2
6283185.307179586	1177.027027027027	2	0.5962987649167264	1.0316700039477087e-09	0
6283185.307179586	1392.6926926926926	4	0.7409594582720547	1.9719265166159024e-09	0
6283185.307179586	2095.3453453453453	3	1.499854182930544	1.6425195113269804e-10	1
6283185.307179586	1204.854854854855	1	-0.3532808464462658	-3.9260964299175925e-10	2
6283185.307179586	1580.5305305305305	3	0.8312206328913931	-7.984317667732746e-10	0
6283185.307179586	1782.2822822822823	1	1.1806290821275502	6.583937663452889e-10	2
6283185.307179586	2484.934934934935	4	1.523560413528438	-1.8557867412491281e-09	1
6283185.307179586	2060.5605605605606	1	-0.8491461273274034	-6.415301695162427e-10	2
6283185.307179586	710.910910910911	4	1.003911737417606	-1.41288000339617e-10	2
6283185.307179586	2825.825825825826	1	-0.24723532930991232	9.498021821514603e-10	0
6283185.307179586	919.6196196196197	1	0.049828512009749915	3.7406214258013625e-10	0
6283185.307179586	1963.1631631631633	2	-0.9903790995157852	-5.187159037975504e-10	2
6283185.307179586	2742.3423423423424	1	0.9101062100645598	1.3577236201901086e-09	0
6283185.307179586	3298.898898898899	3	0.285452398764916	-3.8310729789604864e-10	1
6283185.307179586	1956.2062062062062	3	-0.7862869950024706	-1.4102199852184976e-09	0
6283185.307179586	1580.5305305305305	4	-0.4359148670213786	-1.5078067176055225e-09	0
6283185.307179586	2290.1401401401404	2	-0.3173234281593458	-6.82895618755e-10	0
6283185.307179586	1385.7357357357357	2	-0.6807800941430938	1.1738238603166838e-10	2
6283185.307179586	2269.2692692692694	1	-0.1787619660960249	1.715789928606552e-09	0
6283185.307179586	1072.6726726726727	1	1.4378842049941323	1.296994603323028e-09	2
6283185.307179586	2359.70970970971	4	0.5979930171910715	-1.6444855921000397e-09	0
6283185.307179586	2422.322322322322	2	-1.0197808496068368	-1.524986491297807e-09	0
6283185.307179586	4272.872872872873	2	-0.30777912599404544	-1.2808063072271902e-09	0
6283185.307179586	1490.0900900900901	4	-1.2561390643596981	7.473108237359351e-10	2
6283185.307179586	2429.2792792792793	4	0.9971018321640619	6.996047582408429e-10	1
6283185.307179586	1364.864864864865	1	-1.329665545128887	6.619064230702103e-10	2
6283185.307179586	2262.3123123123123	2	-0.6629517370828839	1.5475649608974713e-09	0
6283185.307179586	2311.011011011011	4	1.327364958067038	1.8833165687034534e-09	0
6283185.307179586	1441.3913913913914	1	-0.10232433415306064	1.98130046491548e-09	0
6283185.307179586	2686.6866866866867	3	-0.360198656724503	1.7935657149330535e-10	1
6283185.307179586	2206.6566566566567	2	-0.237085735571277	1.0613442408480866e-09	0
6283185.307179586	822.2222222222223	4	-0.5365991216952939	3.9608125125840034e-10	1
6283185.307179586	2888.4384384384384	4	0.34264465426653556	-9.162438518573337e-10	0
6283185.307179586	2498.848848848849	2	-0.5847341351512501	-9.125048367883703e-10	0
6283185.307179586	752.6526526526527	1	-1.1250227035153921	9.146489571882554e-10	2
6283185.307179586	3570.22022022022	4	-0.13435827389863486	-1.4991635218528577e-09	0
6283185.307179586	2359.70970970971	2	0.2909756072501757	3.736682788800713e-10	1
6283185.307179586	1719.6696696696697	3	1.0205794910192831	-1.0031206118730539e-10	1
6283185.307179586	2992.792792792793	1	0.5750479605309575	1.5626404566013488e-09	0
6283185.307179586	495.24524524524526	1	0.4717408480364589	-1.618653536319684e-09	2
6283185.307179586	1211.8118118118118	1	0.1131429949276459	1.3510937484818648e-10	2
6283185.307179586	1664.014014014014	4	-0.09292045720997666	-1.8798474717654073e-09	0
6283185.307179586	766.5665665665666	2	0.873116775341308	6.724212109538322e-10	2
6283185.307179586	982.2322322322323	1	0.6762485459680909	-9.291566028493339e-10	2
6283185.307179586	1643.143143143143	2	-0.6420989111498886	-1.1423913512873747e-09	0
6283185.307179586	717.8678678678679	1	1.0206525016552082	7.788944118861984e-10	0
6283185.307179586	2575.3753753753754	3	-1.0863867092716633	-1.4874435383181359e-09	0
6283185.307179586	2714.5145145145148	2	0.7191998601594136	-1.433162185628889e-09	0
6283185.307179586	2095.3453453453453	3	0.10434515797166166	1.3166413349164225e-09	0
6283185.307179586	2512.762762762763	1	1.3141111544009583	-2.3868626276105818e-11	2
6283185.307179586	1580.5305305305305	3	1.5122451047626977	-1.5930203419510277e-09	1
6283185.307179586	1761.4114114114116	1	0.0600712960375005	1.6681035610984187e-09	0
6283185.307179586	1517.917917917918	2	-0.044011042063020867	-1.1917040427789006e-09	0
6283185.307179586	488.2882882882883	3	-1.1291981815547265	-1.3944794733952636e-09	1
6283185.307179586	2429.2792792792793	1	1.129618499398756	1.00677926521545e-09	0
6283185.307179586	2547.5475475475478	4	0.04397179931721151	-1.967203660345418e-09	0
6283185.307179586	1323.1231231231232	1	-0.8418870745688429	1.6768890558882609e-09	0
6283185.307179586	850.0500500500501	3	1.4477782254793787	1.9953361864454246e-09	1
6283185.307179586	2617.1171171171172	3	1.0928193903872052	-1.2369854869442141e-09	0
6283185.307179586	1531.8318318318318	2	0.6598298051293918	1.3458562759442542e-09	0
6283185.307179586	1691.8418418418419	1	-0.8014711180826775	1.811390911768281e-09	0
6283185.307179586	926.5765765765766	1	-1.3183782612425492	1.8222359589033536e-09	2
6283185.307179586	1218.7687687687687	2	-0.7820266648068135	-1.9484575611392543e-09	0
6283185.307179586	933.5335335335336	1	1.2487975449702389	1.6088122265875021e-09	0
6283185.307179586	1149.1991991991993	2	-1.5554528707885613	-6.402925805120835e-10	2
6283185.307179586	2464.064064064064	1	0.7553370341651453	5.739301909129226e-10	0
6283185.307179586	2032.7327327327328	1	-0.9516179300496065	1.8354506060680651e-09	0
6283185.307179586	996.1461461461462	4	-0.6702917992538273	7.117807855313278e-10	2
6283185.307179586	1072.6726726726727	3	1.4937666299128742	9.935730428948085e-10	2
6283185.307179586	2304.054054054054	1	-0.2035056046138668	-1.6010469517531028e-09	0
6283185.307179586	2686.6866866866867	2	-0.3536017009957908	-1.1153289147775132e-10	1
6283185.307179586	877.877877877878	4	-0.36169195884581407	8.592033487227962e-10	2
6283185.307179586	1413.5635635635635	4	0.023577266962570897	1.310868477198952e-09	0
6283185.307179586	2157.957957957958	1	1.0109910972949692	3.9294924974298024e-10	2
6283185.307179586	1413.5635635635635	3	-0.2583095140431695	4.039658072760086e-10	1
6283185.307179586	662.2122122122122	3	-0.7360991057821643	-1.2751689680683476e-09	0
6283185.307179586	1747.4974974974975	1	0.9841586057473983	-1.679834333787976e-09	0
6283185.307179586	1552.7027027027027	3	-0.7618786038690879	5.915764721862933e-10	1
6283185.307179586	1232.6826826826828	3	-0.10518876642403985	1.0729631517164595e-09	0
6283185.307179586	968.3183183183183	2	-1.1919452957450818	-3.7873660716341205e-10	2
6283185.307179586	947.4474474474474	2	-0.2891998775180453	-7.629255479879183e-10	0
6283185.307179586	1392.6926926926926	1	-0.5077438780401711	-7.504176814447842e-10	0
6283185.307179586	571.7717717717718	3	-0.6525661280205081	1.2352158179111847e-09	0
6283185.307179586	1670.970970970971	4	-1.2835812180770358	1.2536191692846595e-09	1
6283185.307179586	3396.2962962962965	2	1.4374674613529885	1.498271563167825e-09	2
6283185.307179586	1385.7357357357357	1	0.42813871541383364	1.0247442335093923e-09	0
6283185.307179586	940.4904904904905	2	0.8148624412006771	-1.2282337093117177e-09	0
6283185.307179586	2039.6896896896897	1	-0.22256418704830394	-1.2774906373481564e-10	2
6283185.307179586	1768.3683683683685	1	-0.5037238199565315	9.288214915729769e-10	0
6283185.307179586	1796.1961961961963	1	-0.04015414507512727	2.4560051677719876e-10	2
6283185.307179586	1935.3353353353355	3	-1.4547649701066714	-1.1598697584147307e-09	1
6283185.307179586	3368.4684684684685	1	-1.0671394455413719	-9.499708480905787e-10	0
6283185.307179586	954.4044044044044	2	-0.8534234323777258	1.3841344522106985e-09	0
6283185.307179586	1970.1201201201202	1	0.353277330449586	1.9038917458634135e-09	0
6283185.307179586	2491.891891891892	3	1.3294436079065752	-1.322416812120547e-09	1
6283185.307179586	1399.6496496496497	1	0.36807071362742816	-1.5187205748740525e-09	0
6283185.307179586	1963.1631631631633	3	-0.06263748762784727	1.970604971581144e-09	0
6283185.307179586	1740.5405405405406	4	0.2559063138043911	1.2145856969481861e-09	0
6283185.307179586	2547.5475475475478	1	-0.4531500250278384	-1.0993414268646724e-09	0
6283185.307179586	676.1261261261261	1	0.0737433400162657	-1.1602627003571397e-09	1
6283185.307179586	2116.2162162162163	3	-0.8337778234439721	-7.495047964462202e-10	0
6283185.307179586	2436.2362362362364	2	1.547437608603326	-4.81965298116728e-10	1
6283185.307179586	2401.4514514514517	4	0.5530414950058851	4.757078098860358e-10	1
6283185.307179586	648.2982982982983	1	-0.01261155119921753	-1.5902079278470339e-09	0
6283185.307179586	3549.3493493493493	3	-1.5081849319050806	1.026816882440472e-09	1
6283185.307179586	2951.051051051051	1	1.0218192576199319	3.1247689183136975e-10	2
6283185.307179586	1740.5405405405406	1	-0.7401972022854492	-1.3469086039024043e-09	0
6283185.307179586	4307.657657657658	4	0.20886161531671266	-1.793274137259128e-09	0
6283185.307179586	780.4804804804805	1	-1.2144394860591898	-8.631276658973492e-10	2
6283185.307179586	2471.021021021021	4	-0.720071388633598	-2.5174566544537897e-10	2
6283185.307179586	2081.4314314314315	2	-0.8442684954490122	1.364358975021475e-09	0
6283185.307179586	780.4804804804805	1	0.4925105142121189	9.91061347975134e-10	0
6283185.307179586	1893.5935935935936	4	1.263191349414582	3.058347550393851e-10	1
6283185.307179586	2074.474474474475	1	-0.2710644633147268	1.3409821762307797e-09	0
6283185.307179586	1740.5405405405406	2	-1.2074278165605865	-1.179867798354615e-09	2
6283185.307179586	1928.3783783783783	4	0.3487250411522189	6.023676602351647e-10	0
6283185.307179586	2526.676676676677	4	0.7617723521766746	1.524538855491474e-09	0
6283185.307179586	3458.908908908909	3	-0.8634661275663281	-1.6399452885518522e-09	0
6283185.307179586	1803.1531531531532	3	-0.6969822679538823	-1.606764386578814e-09	0
6283185.307179586	752.6526526526527	3	1.2558676085356657	1.0768708845900749e-09	1
6283185.307179586	1010.0600600600601	1	-1.4695921860087167	-1.5660426208736911e-09	2
6283185.307179586	3111.061061061061	1	-0.3581550840456962	1.0251731878305696e-09	0
6283185.307179586	1587.4874874874874	4	-1.438122743546622	7.008982184157877e-10	2
6283185.307179586	4161.561561561562	1	-1.0830658195582934	5.805921431143854e-10	2
6283185.307179586	1984.034034034034	4	-1.0543577297547015	1.6079267927911343e-09	0
6283185.307179586	850.0500500500501	1	-0.9235479885061817	-4.98510763230569e-10	1
6283185.307179586	2262.3123123123123	1	-0.4588729665819229	1.0323844752750436e-09	0
6283185.307179586	3305.855855855856	3	0.2602296404896496	-5.15075380582449e-10	0
6283185.307179586	1803.1531531531532	3	-1.1131639749753535	-2.919097248193853e-10	2
6283185.307179586	2526.676676676677	4	-0.8887800750804107	1.7811102533111365e-09	0
6283185.307179586	1128.3283283283283	4	-1.1518923343170564	-1.5052197610055123e-09	0
6283185.307179586	3431.0810810810813	4	0.13565248774783067	1.4953432305283298e-09	0
6283185.307179586	2881.4814814814818	4	1.0403222465070163	4.619856590861388e-10	1
6283185.307179586	2185.7857857857857	4	-1.4185349558254705	-1.5162073323500333e-09	2
6283185.307179586	2345.795795795796	1	-0.8844336252032399	-2.8656879178360485e-10	2
6283185.307179586	1121.3713713713714	1	0.9266752091999901	8.433750762205026e-10	0
6283185.307179586	843.0930930930931	1	0.5797313111793931	1.8782714033786477e-09	0
6283185.307179586	2095.3453453453453	3	-1.5651499969610525	5.427363751344477e-11	2
6283185.307179586	2130.13013013013	4	0.7491275570559703	-1.117993900307937e-09	0
6283185.307179586	738.7387387387388	1	1.4034201190569848	-1.848994064043436e-10	2
6283185.307179586	1893.5935935935936	1	0.3115915392974815	1.662898472182369e-09	0
6283185.307179586	1378.7787787787788	3	0.2848813218454167	-4.806864785032903e-10	1
6283185.307179586	1970.1201201201202	3	-1.5320817666841386	-1.7429708844377868e-09	1
6283185.307179586	1921.4214214214214	3	-0.8527093794081357	9.12382347520364e-10	0
6283185.307179586	2338.838838838839	3	-1.17148337839575	-3.150043157745886e-11	2
6283185.307179586	2144.0440440440443	3	-1.3274434517494484	6.977467254940226e-10	2
6283185.307179586	1587.4874874874874	2	-1.1878068145444967	-8.484029044853552e-10	2
6283185.307179586	2248.3983983983985	1	0.6394115843724939	1.9926161425837796e-09	0
6283185.307179586	564.8148148148148	1	0.7830461413794243	-2.085641494134229e-10	2
6283185.307179586	1504.004004004004	2	1.5686705392254394	-1.7832473033170842e-09	1
6283185.307179586	453.5035035035035	4	-0.8373012952666138	1.9376364704231787e-09	2
6283185.307179586	1239.6396396396397	2	-0.1492237731757453	7.287717134133063e-10	0
6283185.307179586	2276.226226226226	3	0.14370733014839931	9.232191289043456e-10	0
6283185.307179586	1357.9079079079079	2	-1.5571304363590401	7.804985335675239e-11	2
6283185.307179586	2679.72972972973	1	-0.42075546903119854	-1.5977811121916279e-09	0
6283185.307179586	1594.4444444444446	1	-0.2632711777531054	3.186077898702202e-10	2
6283185.307179586	731.7817817817818	3	0.8301653427889497	6.65591835493412e-10	1
6283185.307179586	1462.2622622622623	4	1.4496626466399762	4.591341853460454e-10	1
6283185.307179586	2937.1371371371374	1	-0.2889317619358953	1.9136254797764663e-09	0
6283185.307179586	1462.2622622622623	1	-1.1590203377196293	5.13944629193272e-10	2
6283185.307179586	1601.4014014014015	3	-0.13581370416827232	1.0465872915607987e-09	0
6283185.307179586	1865.7657657657658	4	-0.720568133858635	-1.171829449256348e-10	2
6283185.307179586	2916.2662662662665	2	-1.2217507843199944	2.5410380056025993e-10	1
6283185.307179586	1058.7587587587586	4	0.5358216096551192	-1.5907996069412636e-09	0
6283185.307179586	1413.5635635635635	2	0.0640088793967577	-1.4656988217052627e-09	0
6283185.307179586	1559.6596596596596	3	0.6328430569321633	-1.913860790865111e-09	0
6283185.307179586	2937.1371371371374	1	1.0656798707420982	1.7750924072624397e-11	2
6283185.307179586	543.943943943944	2	-0.8150398854595569	5.587737931130076e-10	2
6283185.307179586	1406.6066066066066	4	0.39986427773467326	-1.235007691745515e-09	0
6283185.307179586	2728.4284284284286	2	0.3844627470745736	-5.514740309779512e-10	0
6283185.307179586	717.8678678678679	3	0.9368432926166554	9.639333420085318e-10	2
6283185.307179586	1622.2722722722724	3	-0.1734998802156269	1.3801598152512843e-09	0
6283185.307179586	2554.5045045045044	1	0.3442967573681097	1.4112534921602141e-09	0
6283185.307179586	2144.0440440440443	3	0.42458711080175005	-1.7295502442655542e-09	0
6283185.307179586	3382.3823823823823	1	-1.4426022154078262	3.348442587274062e-10	2
6283185.307179586	1246.5965965965966	4	-1.371011040819498	1.7673496580475992e-09	2
6283185.307179586	2700.6006006006005	2	0.8367934606901919	6.725099730894363e-10	0
6283185.307179586	592.6426426426426	3	0.7302461689261208	2.566859454389156e-10	2
6283185.307179586	1566.6166166166167	4	-0.10572490591066686	-1.8406032354562278e-09	0
6283185.307179586	3069.319319319319	4	-1.2040182780674789	-5.675504128479797e-10	2
6283185.307179586	2331.881881881882	1	1.5037980460474243	-1.533240658230042e-09	2
6283185.307179586	3083.2332332332335	3	-0.7753085097937445	1.0597296966016359e-10	1
6283185.307179586	1274.4244244244244	2	-1.0080234888756539	-1.659466680011787e-09	0
6283185.307179586	627.4274274274275	1	1.4854266687603666	-1.0322176982492578e-10	2
6283185.307179586	1643.143143143143	1	-1.1007905314765274	1.8622033929749667e-10	2
6283185.307179586	1357.9079079079079	2	0.9531569144248611	-1.3965777560604358e-09	0
6283185.307179586	1636.1861861861862	2	-0.3371665757977338	8.356462835252155e-10	0
6283185.307179586	1288.3383383383384	2	-0.6854793045957787	-1.5956203730291754e-09	0
6283185.307179586	1462.2622622622623	2	-0.7737288415022371	1.8798504021847933e-09	0
6283185.307179586	1921.4214214214214	2	-0.7673809695792425	1.668543060613513e-09	0
6283185.307179586	2199.6996996997	1	-0.985624883012512	1.045670817162469e-09	0
6283185.307179586	2116.2162162162163	4	0.17885870215149602	-1.0692894921805545e-09	0
6283185.307179586	1044.8448448448448	2	-0.40240055894763116	1.9571186098884114e-09	0
6283185.307179586	1385.7357357357357	4	0.09220451489250059	-8.472977320367625e-10	0
6283185.307179586	912.6626626626627	2	-0.7571793555672488	-2.1508854417556124e-10	1
6283185.307179586	2624.0740740740744	3	-0.8333736560053999	-1.4350837807036179e-09	0
6283185.307179586	648.2982982982983	3	-1.553464406180652	1.6608411876442425e-09	2
6283185.307179586	961.3613613613613	4	0.8734386978629001	-1.7251728674972911e-09	0
6283185.307179586	3646.746746746747	1	0.9708841105072881	-1.966313067192577e-09	0
6283185.307179586	1740.5405405405406	4	-0.32430639393152916	-9.715290015074332e-10	0
6283185.307179586	2735.3853853853852	4	0.7911906509130562	6.81374774533918e-11	2
6283185.307179586	2408.4084084084084	2	1.1593722080081141	1.0131173970165298e-09	1
6283185.307179586	1343.993993993994	1	-0.1177550917770449	-4.5143578596331405e-10	2
6283185.307179586	2192.742742742743	2	-0.9095401559693255	1.0613074335075682e-09	0
6283185.307179586	1580.5305305305305	3	-0.44366799548887625	-4.5372914340776837e-10	2
6283185.307179586	1218.7687687687687	4	1.213591613274934	1.085061348258236e-09	1
6283185.307179586	1330.08008008008	4	-1.2082058119196848	1.2258479875465019e-09	2
6283185.307179586	2394.4944944944946	1	-0.3181567319674341	-8.686961122691024e-10	0
6283185.307179586	857.007007007007	3	-1.5086304509691006	7.352296990790077e-10	2
6283185.307179586	1914.4644644644645	1	0.35736985983866365	1.2538993044038502e-09	0
6283185.307179586	2422.322322322322	1	-1.3906716007423479	2.2863226217062946e-10	2
6283185.307179586	2171.871871871872	2	-0.7290279902134392	1.0969901247548572e-09	0
6283185.307179586	745.6956956956957	3	-1.1714473497220226	-5.880852058030694e-10	1
6283185.307179586	1510.960960960961	3	-1.4441008166393718	7.167147282275632e-10	1
6283185.307179586	2185.7857857857857	4	-0.4460418581146435	-4.2413926428337857e-10	0
6283185.307179586	2074.474474474475	4	0.859187456664368	3.2969137547547825e-10	1
6283185.307179586	453.5035035035035	3	-0.04923773110554808	1.4174820531409187e-09	0
6283185.307179586	3347.5975975975975	3	-1.299194483285568	1.301606421723464e-09	1
6283185.307179586	1037.887887887888	2	0.8047621356536139	1.4938472677742077e-09	0
6283185.307179586	1775.3253253253254	4	-1.4889386321631037	1.2461717205354554e-09	2
6283185.307179586	634.3843843843844	1	1.3682380160970755	1.166468516287494e-09	2
6283185.307179586	975.2752752752752	3	0.41768018743462276	1.2158963667107412e-09	0
6283185.307179586	2387.5375375375374	4	-1.3094960517925929	-1.7209268111380039e-09	0
6283185.307179586	2999.7497497497498	2	1.4300875817197398	8.874661474604555e-10	2
6283185.307179586	787.4374374374374	4	-0.056270964396522016	-9.854782707673082e-10	0
6283185.307179586	1079.6296296296296	3	0.15482931708633485	-1.7189535799030652e-09	0
6283185.307179586	3138.888888888889	3	1.459705029242666	-1.8286512933341213e-09	2
6283185.307179586	4258.958958958959	1	0.15528254908334538	2.9469469254181347e-10	1
6283185.307179586	1594.4444444444446	3	-0.8668741114439052	5.47630206038242e-10	1
6283185.307179586	2937.1371371371374	3	-1.2430113288947384	1.3039481139434217e-09	0
6283185.307179586	1587.4874874874874	2	0.6043315881990825	3.9207461259636974e-10	2
6283185.307179586	2220.5705705705705	4	0.5513908308540998	1.4148491657814167e-09	0
6283185.307179586	1879.6796796796798	1	-1.0164763541988024	-1.3940832940707107e-09	0
6283185.307179586	822.2222222222223	1	1.1248191196647266	1.736169641359913e-09	0
6283185.307179586	2457.1071071071074	1	0.18279666681909168	-8.842802099384223e-10	0
6283185.307179586	2839.73973973974	2	-0.9058623203734129	-1.1747605502068145e-09	0
6283185.307179586	3090.19019019019	4	-0.7145529808662471	-2.7209289760871694e-10	2
6283185.307179586	495.24524524524526	2	1.1980959470198607	3.127600122763323e-10	1
6283185.307179586	1963.1631631631633	2	1.3213087753771675	2.1571947184577503e-10	1
6283185.307179586	2011.8618618618618	1	1.160014762297052	1.5227116889698089e-09	0
6283185.307179586	2304.054054054054	2	-0.5162148833116262	-5.354488208534818e-10	0
6283185.307179586	2672.772772772773	2	-0.41314535958755694	-1.0184207967331332e-09	0
6283185.307179586	1990.9909909909911	3	1.2555593465792985	6.878443238870472e-10	1
6283185.307179586	1851.851851851852	3	-0.9824107777975585	-1.7936288720711408e-09	0
6283185.307179586	1197.897897897898	2	-0.8257549667322578	-1.948641027515037e-09	0
6283185.307179586	488.2882882882883	4	1.0386277160831492	-1.2507719085245805e-09	0
6283185.307179586	801.3513513513514	1	-0.381302913298722	-3.739726108824809e-10	2
6283185.307179586	1914.4644644644645	4	-1.1644500040171761	7.868679297478318e-10	1
6283185.307179586	1330.08008008008	1	1.2423167869496932	-1.919150049104087e-09	0
6283185.307179586	3417.1671671671675	4	-0.14025231114623793	-3.7701310749372745e-10	0
6283185.307179586	2144.0440440440443	2	-0.9877700079816492	1.2415554128469456e-09	0
6283185.307179586	1037.887887887888	3	1.171530749463607	1.159374528537488e-09	1
6283185.307179586	3584.1341341341345	3	0.13254779176855802	1.816582172104986e-09	0
6283185.307179586	1580.5305305305305	2	-0.6673293926408221	1.7737972243036105e-09	0
6283185.307179586	2916.2662662662665	2	-0.4697724514031594	4.800872647312733e-12	1
6283185.307179586	1079.6296296296296	3	-0.8612836643276152	-1.6513009816713926e-10	1
6283185.307179586	2658.858858858859	3	-1.3581179365284057	9.098006296675214e-10	1
6283185.307179586	1371.821821821822	3	1.2099475196851568	6.57617007751246e-11	2
6283185.307179586	1664.014014014014	2	0.4355666092269934	-2.916963867941184e-10	2
6283185.307179586	1121.3713713713714	4	0.5791714257514671	1.4567390640142281e-09	0
6283185.307179586	1211.8118118118118	3	-0.4345574430725234	1.3227025050787181e-09	0
6283185.307179586	703.9539539539539	4	-1.4429557873701115	-1.4064031418120921e-09	2
6283185.307179586	2053.603603603604	1	1.4679038584045618	1.8852186700846775e-10	2
6283185.307179586	1114.4144144144145	1	0.1890232903025637	1.2302785245079694e-09	0
6283185.307179586	641.3413413413414	1	0.7190409388615917	-1.590957236391936e-09	1
6283185.307179586	1211.8118118118118	4	-1.4654601352125505	6.487099461449573e-10	2
6283185.307179586	3361.511511511512	1	-0.701563067458896	7.418240247216846e-10	0
6283185.307179586	787.4374374374374	1	0.5532862986854297	-1.5566725179342196e-10	2
6283185.307179586	1928.3783783783783	3	0.9340042057642317	-3.1244477371679625e-10	2
6283185.307179586	2477.977977977978	4	-1.559165128521618	-7.787112377781439e-10	2
6283185.307179586	397.84784784784785	4	-0.576423106489648	-6.8143951103278356e-12	0
6283185.307179586	1824.0240240240241	1	-1.393584160448136	9.616950911678694e-10	2
6283185.307179586	1462.2622622622623	1	-1.4057437023361827	-1.5748424184885869e-09	1
6283185.307179586	1253.5535535535537	4	-0.5842494366087656	1.8031437967259964e-09	0
6283185.307179586	1406.6066066066066	2	0.44148590631988194	7.571138488191534e-10	0
6283185.307179586	2151.001001001001	1	-0.25679073080056947	-1.3653299248905837e-09	0
6283185.307179586	1260.5105105105106	1	0.1236300212700201	6.531124633382303e-10	0
6283185.307179586	2018.818818818819	1	-1.1447998881050734	5.737401711903086e-10	2
6283185.307179586	1677.927927927928	2	0.7455272437890654	-4.548257288143344e-10	1
6283185.307179586	2345.795795795796	4	-0.5899437084809049	-1.6454122460130034e-09	0
6283185.307179586	2123.1731731731734	1	0.570495284160748	1.6017594052774804e-09	0
6283185.307179586	2797.997997997998	4	-0.7080344465874445	-1.863958162781952e-09	0
6283185.307179586	376.97697697697697	4	0.5879289110578676	1.4264201592505491e-10	0
6283185.307179586	1872.7227227227227	4	0.1822331116735696	8.815298161687335e-10	0
6283185.307179586	1928.3783783783783	3	-0.5784884589234133	-2.208471623853071e-10	2
6283185.307179586	1768.3683683683685	3	-1.5599403396281506	3.6531377963945734e-10	2
6283185.307179586	1343.993993993994	1	0.34886225762668044	-1.8177271463031125e-09	0
6283185.307179586	1017.017017017017	3	-0.8615553744801732	-1.6361506645370493e-09	0
6283185.307179586	2505.805805805806	4	-0.9468409524971718	6.29531171641334e-10	2
6283185.307179586	1865.7657657657658	4	-1.1882084571880338	-3.99339817855513e-10	2
6283185.307179586	1670.970970970971	3	-0.35002319118974246	-1.7420496590746028e-09	0
6283185.307179586	1170.0700700700702	3	0.9042499060047255	-1.0868620700201845e-09	0
6283185.307179586	1010.0600600600601	2	-1.540058147061561	1.6680036621610852e-09	1
6283185.307179586	1963.1631631631633	4	-1.0037877135746105	1.7820480325564449e-09	0
6283185.307179586	1615.3153153153153	3	0.5972340661333448	2.865261156945633e-10	2
6283185.307179586	2359.70970970971	2	-0.8533626211518774	3.7790702284423857e-10	1
6283185.307179586	877.877877877878	2	0.7393757457083026	-1.1771643843805518e-09	0
6283185.307179586	1900.5505505505505	3	-1.461183825652672	1.9549060082002167e-10	2
6283185.307179586	1462.2622622622623	1	1.5630758025602938	4.6551576384894955e-10	1
6283185.307179586	870.9209209209209	4	0.21426949046446064	-6.770831457219547e-10	0
6283185.307179586	2777.127127127127	1	-0.25165341463723157	1.6724413762238407e-10	2
6283185.307179586	2185.7857857857857	2	0.833498257437594	1.0269694098402639e-09	0
6283185.307179586	2540.5905905905906	2	1.4314444988488049	-1.6938094237999977e-10	2
6283185.307179586	349.14914914914914	2	-1.4650955932961187	1.0416859290714048e-09	1
6283185.307179586	578.7287287287287	1	0.15584610035845836	6.01034564401445e-10	0
6283185.307179586	2846.6966966966966	4	0.5643775362944266	1.7894299930679358e-09	0
6283185.307179586	933.5335335335336	1	-1.0543188611672711	-9.539535637269414e-10	2
6283185.307179586	1684.884884884885	4	0.6349394288933032	1.1142988333009256e-09	0
6283185.307179586	1886.6366366366367	2	-0.36961011484057193	-1.966361578244073e-09	0
6283185.307179586	3180.6306306306305	1	-1.0066658100971413	-1.2403958608362169e-09	0
6283185.307179586	703.9539539539539	3	-0.9641293882288361	-6.394759007258536e-10	1
6283185.307179586	2443.193193193193	4	1.0167918281233757	1.902501455469049e-10	2
6283185.307179586	1580.5305305305305	4	-0.959663665435429	1.8150365920663649e-09	0
6283185.307179586	2568.4184184184187	4	-1.0065908866670026	1.8254470227007738e-09	0
6283185.307179586	1830.980980980981	4	-0.7816273753559764	-1.224763804496655e-09	0
6283185.307179586	2283.1831831831832	3	0.17201769291108593	-1.7735704073272164e-09	0
6283185.307179586	1559.6596596596596	2	-1.1025164622138088	7.387623052317974e-10	1
6283185.307179586	1677.927927927928	4	-0.7728046843626677	1.29476734570596e-09	0
6283185.307179586	1065.7157157157158	2	0.3167828040064371	1.2255827728982208e-09	0
6283185.307179586	1058.7587587587586	2	-1.029027187286574	1.3844555305603877e-09	0
6283185.307179586	1044.8448448448448	4	-0.041364769651398126	2.9561501356451457e-10	1
6283185.307179586	1476.176176176176	4	0.3788666915077017	-1.0225239677169646e-09	0
6283185.307179586	1636.1861861861862	2	0.685715750312395	1.5338626815288588e-09	0
6283185.307179586	3090.19019019019	4	-1.335705420157298	-3.3167483275232103e-10	2
6283185.307179586	530.03003003003	1	0.01972833749779679	-1.7974954248459319e-09	0
6283185.307179586	1337.0370370370372	4	0.14398535308996707	-1.344836501646657e-09	0
6283185.307179586	4098.94894894895	4	-1.281031849979986	1.2570657152482598e-09	1
6283185.307179586	3194.544544544545	2	1.212221340545049	-3.2390353123886416e-10	1
6283185.307179586	1517.917917917918	3	1.4236030968416786	1.1916054072884968e-10	2
6283185.307179586	1643.143143143143	4	1.0129366737079377	-1.0166911050804716e-09	0
6283185.307179586	2589.289289289289	4	-0.09100212828959342	4.1179695378668067e-10	1
6283185.307179586	759.6096096096096	2	-1.4034632271523235	-1.599341279323937e-09	1
6283185.307179586	2484.934934934935	3	1.1681009937895732	-2.9108175413060304e-10	2
6283185.307179586	509.1591591591592	1	-1.239821121897314	-8.737486808316932e-10	1
6283185.307179586	1316.1661661661662	2	-1.1182202408965864	1.8457871431692782e-09	0
6283185.307179586	2860.610610610611	3	0.9215532890235467	-6.526702179253766e-10	1
6283185.307179586	1712.7127127127128	2	-0.5938984611641712	-2.1290466252009614e-10	2
6283185.307179586	1337.0370370370372	1	-0.5584072740711798	-1.1712098369786246e-10	1
6283185.307179586	1942.2922922922924	1	0.40284556939456717	-8.304519426653754e-12	2
6283185.307179586	2401.4514514514517	3	-0.5295840941340988	-3.636886601248094e-10	2
6283185.307179586	1121.3713713713714	4	-1.5500089207701269	-9.107670499399081e-10	1
6283185.307179586	1664.014014014014	4	-1.0689128326854815	-3.431820764346421e-11	2
6283185.307179586	1615.3153153153153	1	-1.1019353331607518	-4.088382300774977e-10	1
6283185.307179586	1524.8748748748749	4	0.710894793911593	-5.343961352276461e-10	1
6283185.307179586	2568.4184184184187	2	0.9535741012113288	1.32862704281659e-09	0
6283185.307179586	2331.881881881882	3	-1.4516704856587694	1.1373967339962443e-09	2
6283185.307179586	683.0830830830831	1	0.6515594288321154	1.6754541344200835e-09	0
6283185.307179586	1399.6496496496497	4	0.4095241656080355	1.3117346857736778e-09	0
6283185.307179586	947.4474474474474	2	-1.461865682700109	-1.5506366419611777e-09	2
6283185.307179586	1065.7157157157158	3	1.0469422114174365	1.538372899260018e-09	0
6283185.307179586	2234.4844844844847	2	-0.14087857543741422	1.9877394026590815e-09	0
6283185.307179586	1058.7587587587586	2	-0.6783989970683098	1.5198751627044909e-09	0
6283185.307179586	877.877877877878	1	-0.4933769929326284	-1.119699401419772e-09	0
6283185.307179586	1538.788788788789	3	1.3654255316849477	-6.148023252353485e-10	2
6283185.307179586	216.96696696696696	1	-0.7921238647647353	1.2695573964747228e-09	0
6283185.307179586	585.6856856856857	4	1.4044170579147157	4.630436455685329e-10	1
6283185.307179586	1851.851851851852	1	0.09843771048497585	-1.861837541332144e-09	0
6283185.307179586	1851.851851851852	3	-0.029644139747728504	-1.725877683231028e-09	0
6283185.307179586	2408.4084084084084	2	1.226797858602763	1.8930526126454605e-09	0
6283185.307179586	2283.1831831831832	1	-1.1702056949394217	1.1148346432834946e-09	0
6283185.307179586	1316.1661661661662	1	-0.40406140722664197	-6.545680565448051e-10	2
6283185.307179586	1865.7657657657658	3	0.5464486620751052	1.0558312692901208e-09	0
6283185.307179586	1601.4014014014015	3	-0.7342122639329862	1.555561874949435e-10	1
6283185.307179586	1434.4344344344345	1	0.6250950401830253	-1.5150765521930732e-10	2
6283185.307179586	1650.1001001001002	2	1.1373769797629603	-5.031743732746619e-10	1
6283185.307179586	1462.2622622622623	4	-1.0157693205012412	9.178583271158058e-10	1
6283185.307179586	1100.5005005005005	4	0.9209994198292937	1.7989473988672774e-09	0
6283185.307179586	2693.643643643644	4	-1.1696435540520949	1.356561045471139e-10	2
6283185.307179586	1156.1561561561562	4	1.0727318067004292	1.9031287119812784e-09	0
6283185.307179586	1441.3913913913914	1	-1.3403646557780367	5.538332450014176e-10	1
6283185.307179586	905.7057057057058	2	1.0775894821090861	4.441383357030851e-10	1
6283185.307179586	1177.027027027027	1	-1.425759570670215	1.0866482044994399e-09	2
6283185.307179586	1330.08008008008	2	-0.01083707257689337	1.9224678181216475e-09	0
6283185.307179586	2164.914914914915	3	1.5564294790670195	-7.425408606107334e-10	2
6283185.307179586	1204.854854854855	1	-0.521610432444551	-1.4672119163139184e-09	0
6283185.307179586	1775.3253253253254	4	0.2590293896915148	-1.1733623543162418e-09	0
6283185.307179586	1037.887887887888	2	-0.296739234124358	1.0304823455962896e-09	0
6283185.307179586	1163.113113113113	3	-0.4025853626185478	-1.629996650831716e-09	0
6283185.307179586	1190.940940940941	3	-0.8048837142457885	7.733092047906197e-10	1
6283185.307179586	1295.2952952952953	2	-0.05976496178790014	1.3411626613419275e-09	0
6283185.307179586	2582.3323323323325	1	0.8760735279861112	-2.159295911119354e-10	2
6283185.307179586	2213.613613613614	4	-1.4708009510346944	-8.521672468358341e-10	2
6283185.307179586	1023.973973973974	1	0.36306538866216265	-1.7310735779974988e-09	0
6283185.307179586	1357.9079079079079	1	-0.8767108384343739	1.0082379334053027e-09	0
6283185.307179586	2081.4314314314315	2	-0.8312852976333522	-9.075141510882886e-10	0
6283185.307179586	2241.4414414414414	3	-1.0764324813197104	1.4734620797513278e-09	0
6283185.307179586	3396.2962962962965	4	-0.6965452635220124	-7.520442076478116e-10	0
6283185.307179586	1239.6396396396397	2	0.35134456905741196	-6.47003242911332e-11	1
6283185.307179586	1684.884884884885	4	-0.4027608101318545	-2.550673170553655e-10	2
6283185.307179586	1879.6796796796798	2	-1.340875135777202	-1.2288909137007287e-09	2
6283185.307179586	1664.014014014014	2	1.4814761211735412	-1.8296834345712238e-09	1
6283185.307179586	2477.977977977978	2	-0.4532443023594728	-2.7516498391292553e-10	2
6283185.307179586	1761.4114114114116	4	-0.5439887498733353	-1.3599189822613935e-09	0
6283185.307179586	1956.2062062062062	2	-0.28454172616330076	-1.9584195293528893e-09	0
6283185.307179586	1462.2622622622623	4	0.32579152116988697	3.4498639758545747e-10	1
6283185.307179586	2053.603603603604	3	1.2391542916562859	-7.055979727668e-10	2
6283185.307179586	2067.5175175175173	1	0.6830061867747368	1.8928216672532838e-10	2
6283185.307179586	1970.1201201201202	4	-0.680685102995663	-1.2591428975285131e-09	0
6283185.307179586	1928.3783783783783	4	1.0603500934695669	-5.834405189815848e-10	2
6283185.307179586	2032.7327327327328	2	-1.4057533396707338	1.0278217625113855e-09	1
6283185.307179586	1065.7157157157158	4	-1.3835482577574394	-1.8246128699883735e-09	2
6283185.307179586	2004.904904904905	3	-1.1286588355655403	2.6596806008487877e-11	2
6283185.307179586	1747.4974974974975	3	1.0300610521070839	9.965647757617672e-10	0
6283185.307179586	2269.2692692692694	1	-1.0333067567905878	-2.778402294203804e-11	1
6283185.307179586	2234.4844844844847	1	-0.5151982117769689	6.949108979256208e-10	0
6283185.307179586	1128.3283283283283	1	-0.22006412262232322	8.121900919578137e-10	0
6283185.307179586	3326.7267267267266	1	-1.4520016300545175	-3.228833885069436e-10	1
6283185.307179586	2255.3553553553556	3	1.4344061790729579	4.8374283535579576e-11	2
6283185.307179586	1963.1631631631633	1	-0.4494759297022197	1.1434682726368693e-09	0
6283185.307179586	2533.6336336336335	4	0.938000812767799	-5.836828298501953e-10	1
6283185.307179586	1643.143143143143	2	-0.0719401298323088	-5.788309510466739e-10	0
6283185.307179586	1023.973973973974	1	-0.518642816921469	-9.390905096062473e-10	0
6283185.307179586	780.4804804804805	4	-0.015656908106882916	-1.032950982452241e-09	0
6283185.307179586	2053.603603603604	4	-0.4306180327365512	-5.011768135852909e-10	0
6283185.307179586	2540.5905905905906	2	1.1437854878543878	5.260270991514161e-10	1
6283185.307179586	1204.854854854855	1	0.2505797953805031	4.650594719881265e-10	0
6283185.307179586	1990.9909909909911	4	0.7934880050291846	-1.6764072139853088e-09	0
6283185.307179586	1037.887887887888	1	0.36688320934378904	-5.3547557283095886e-11	2
6283185.307179586	2164.914914914915	1	-0.31756199942181507	-6.887790147074546e-10	0
6283185.307179586	1691.8418418418419	1	-1.212804189104979	1.0656048755443428e-09	2
6283185.307179586	1517.917917917918	1	0.7833211644223548	-1.272912340820449e-09	0
6283185.307179586	648.2982982982983	4	-0.6071949407927897	-3.7335495080655e-10	0
6283185.307179586	1281.3813813813815	1	-1.5583395735875032	1.863711085311828e-09	2
6283185.307179586	1288.3383383383384	3	-0.17723999472334961	-1.4984987316660386e-09	0
6283185.307179586	2457.1071071071074	3	-0.10836101785294217	-1.0429055458493559e-09	0
6283185.307179586	1017.017017017017	3	-0.04089720038698852	-1.7125184192090931e-09	0
6283185.307179586	2032.7327327327328	4	0.9096295357651378	-1.2160067072269025e-09	0
6283185.307179586	2874.5245245245246	4	0.309705076753952	-1.87870353062159e-09	0
6283185.307179586	2526.676676676677	1	-1.2563639552750472	1.281796579289848e-09	1
6283185.307179586	1803.1531531531532	4	0.049373146610035334	-4.436150596786241e-10	0
6283185.307179586	1817.0670670670672	1	-1.5684433304834062	-3.114684782012976e-11	2
6283185.307179586	495.24524524524526	2	0.9185571342778922	1.936137203901616e-09	0
6283185.307179586	1629.2292292292293	1	0.22864695133116109	3.34613425790789e-10	1
6283185.307179586	2151.001001001001	3	0.09521745493878186	-1.5258109776672985e-09	0
6283185.307179586	1712.7127127127128	3	1.2785923197480864	-7.791263913122425e-10	1
6283185.307179586	1664.014014014014	4	-1.366265199056472	7.481325209269568e-10	2
6283185.307179586	1128.3283283283283	3	-1.3113979619522973	1.7544724127063354e-09	1
6283185.307179586	1469.2192192192192	3	-0.11277436095745097	-3.02375108741963e-10	1
6283185.307179586	2311.011011011011	2	-0.7898856749696289	-1.564792732120631e-09	0
6283185.307179586	1448.3483483483483	4	-0.4640274867947407	5.324210394145201e-10	2
6283185.307179586	1107.4574574574574	1	-0.09385775529476592	-2.4528071479466584e-10	2
6283185.307179586	1225.7257257257259	2	1.147917089323732	8.909546261100159e-10	2
6283185.307179586	1476.176176176176	1	-0.29182298944115725	5.283487246511677e-10	0
6283185.307179586	1378.7787787787788	2	-0.0832297094018819	8.024650268199815e-10	0
6283185.307179586	1504.004004004004	1	-0.021979732947862374	-1.417989641630507e-09	0
6283185.307179586	1295.2952952952953	4	-0.5400451258367067	4.6460092021477806e-10	1
6283185.307179586	1844.8948948948948	3	1.162935462867873	-1.1458467990422633e-09	1
6283185.307179586	1531.8318318318318	2	-0.458158542994237	-3.440964390214184e-10	2
6283185.307179586	2213.613613613614	2	0.7581215643494543	1.9591399997641806e-09	0
6283185.307179586	1093.5435435435436	3	-0.8455221860440003	8.45712077283259e-10	2
6283185.307179586	1524.8748748748749	3	0.9477874822532395	7.782365182828891e-10	1
6283185.307179586	2422.322322322322	4	0.043515552425891224	1.9926602293493116e-09	0
6283185.307179586	1956.2062062062062	4	-1.0493069348849495	3.385514000003113e-10	2
6283185.307179586	2025.7757757757759	2	1.1579397369475077	-1.5199763828936907e-09	0
6283185.307179586	1907.5075075075076	2	0.6152412149806965	9.821992728471669e-10	0
6283185.307179586	787.4374374374374	4	-1.0436176406681914	1.031211119117298e-09	2
6283185.307179586	2373.6236236236236	3	-1.4397402508966268	1.8949331175407863e-09	2
6283185.307179586	1232.6826826826828	4	0.5928471828105537	8.675516964932721e-10	0
6283185.307179586	2582.3323323323325	4	-0.2814404681938598	1.5877364321631656e-09	0
6283185.307179586	2206.6566566566567	1	1.5388595429860428	1.2934420905792175e-10	2
6283185.307179586	3556.3063063063064	2	1.0138492992481303	2.0749737477611193e-10	1
6283185.307179586	1615.3153153153153	1	-0.3355544222686635	9.992808272844298e-10	0
6283185.307179586	1545.7457457457458	2	0.7177562262870958	8.224459965217694e-10	0
6283185.307179586	1204.854854854855	2	1.451379498706412	-8.838474621751269e-10	1
6283185.307179586	1789.2392392392394	3	-1.4933464187300851	7.174863934009767e-10	1
6283185.307179586	3354.5545545545547	4	-0.1280708396517516	-9.0687676068911e-10	0
6283185.307179586	2276.226226226226	2	0.07043696897778218	2.5666151100969525e-11	2
6283185.307179586	1010.0600600600601	3	-0.426741959426046	-1.0683702361291814e-09	0
6283185.307179586	1824.0240240240241	1	-0.02433663152568699	3.1357730384643703e-10	2
6283185.307179586	2185.7857857857857	3	0.8449554427574464	-5.775439182720029e-10	1
6283185.307179586	1163.113113113113	2	0.3630384130182813	7.974229581936533e-10	0
6283185.307179586	1921.4214214214214	3	-1.2387363713804445	-8.131851967870931e-10	2
6283185.307179586	2004.904904904905	1	0.24017989654274485	1.5252353925826323e-09	0
6283185.307179586	1378.7787787787788	2	1.4564143763961317	-5.72117079504376e-10	1
6283185.307179586	1615.3153153153153	4	0.8899947242771789	-2.0512185785602274e-10	1
6283185.307179586	2784.084084084084	2	-1.1475657725088286	-1.2226165058539547e-09	0
6283185.307179586	4898.998998998999	4	0.39077753629872447	1.4555832196343745e-09	0
6283185.307179586	1670.970970970971	1	-0.34988936315992003	2.2971881460019642e-10	2
6283185.307179586	3194.544544544545	3	-1.2628087257618235	1.5084043276757614e-09	0
6283185.307179586	1691.8418418418419	4	-1.510603924929382	1.3555864559869674e-10	2
6283185.307179586	2944.094094094094	2	1.3695686215122547	-1.456973559964761e-09	2
6283185.307179586	1963.1631631631633	1	0.29836634238931503	1.7321879695002322e-09	0
6283185.307179586	1879.6796796796798	2	-0.12764691706114717	-4.5378556444114575e-10	1
6283185.307179586	293.4934934934935	2	-0.8189835177546855	1.3008723357065723e-09	0
6283185.307179586	3298.898898898899	2	1.4995392824608649	-1.0932450461169112e-09	2
6283185.307179586	2248.3983983983985	4	0.8099295354652272	-9.535345328268656e-10	0
6283185.307179586	2672.772772772773	3	-0.5739056026456114	-5.283329257933498e-10	0
6283185.307179586	1956.2062062062062	4	1.4135577474285954	-6.963354894586678e-10	2
6283185.307179586	1907.5075075075076	2	-1.332509907281706	-6.964404142617517e-10	1
6283185.307179586	1281.3813813813815	3	0.955719584751157	9.623590896679108e-10	1
6283185.307179586	843.0930930930931	4	-0.9457539097317756	8.409312196655613e-10	2
6283185.307179586	3361.511511511512	2	-0.30932524543155426	1.7414447452481464e-09	0
6283185.307179586	1357.9079079079079	4	-0.410667553852611	5.941828705890207e-11	2
6283185.307179586	3737.187187187187	3	-0.010393443247681988	-1.0783313914809227e-09	0
6283185.307179586	1330.08008008008	1	1.0134049846902964	-8.66128368057797e-10	1
6283185.307179586	926.5765765765766	4	1.0317444533636229	-6.488721173605692e-10	1
6283185.307179586	230.88088088088088	4	0.6657381376161013	-9.67852332091099e-10	0
6283185.307179586	1183.983983983984	1	-0.3495516466895967	1.6770482314211466e-09	0
6283185.307179586	2429.2792792792793	1	0.492606073882337	-1.7260235961980778e-09	0
6283185.307179586	2825.825825825826	2	-1.3360494699764154	-1.6841930563581063e-09	1
6283185.307179586	1587.4874874874874	4	-0.7904622254911642	1.6380890586709797e-09	0
6283185.307179586	1914.4644644644645	2	-0.9944832611937049	-8.439582972205715e-10	1
6283185.307179586	1392.6926926926926	1	-1.3667106837432472	-8.915200574584149e-10	1
6283185.307179586	1928.3783783783783	1	0.26493900539153836	-6.359972598313247e-10	0
6283185.307179586	1079.6296296296296	1	-1.210112813786989	-1.4429969530702539e-09	2
6283185.307179586	710.910910910911	2	-1.0062498272807558	-1.7747254208088565e-09	0
6283185.307179586	2220.5705705705705	1	-1.3765343567521537	6.529058751673083e-11	2
6283185.307179586	3695.4454454454453	3	0.37556623971419567	-1.9074997023664332e-09	0
6283185.307179586	669.1691691691692	1	1.310776405570378	-1.5233618120598323e-09	2
6283185.307179586	2109.259259259259	2	0.24367970932535266	-1.5519035323178624e-10	1
6283185.307179586	1754.4544544544544	1	0.4131648109663095	1.0296235509315244e-09	0
6283185.307179586	919.6196196196197	3	0.002454060822278503	5.722338235499588e-10	0
6283185.307179586	2679.72972972973	2	-0.6129875006921159	1.6707885907486194e-09	0
6283185.307179586	2665.8158158158158	4	-0.2627059982566664	1.1772443167189192e-09	0
6283185.307179586	1677.927927927928	1	1.4595991551823455	3.245821561200583e-11	2
6283185.307179586	1330.08008008008	2	0.29602185893960775	-1.213858429570877e-09	0
6283185.307179586	2770.1701701701704	3	0.5016258409939138	1.364602188456665e-09	0
6283185.307179586	1281.3813813813815	2	0.0871769237619926	1.712799891865728e-09	0
6283185.307179586	2484.934934934935	4	0.21317394904810483	2.068970742564342e-10	2
6283185.307179586	1580.5305305305305	3	-0.8253847273182786	-8.07108205994654e-11	2
6283185.307179586	3792.842842842843	2	0.8794347082936707	1.938884345978596e-09	0
6283185.307179586	2471.021021021021	1	1.3865691702613812	-1.746242221181612e-09	1
6283185.307179586	1197.897897897898	1	-1.4726894789228748	-8.195597269020848e-10	2
6283185.307179586	3201.5015015015015	4	-1.092500795951173	3.743936931054309e-10	2
6283185.307179586	1942.2922922922924	1	0.3423651298391204	7.347893231429732e-10	0
6283185.307179586	1504.004004004004	3	-1.3767371738705805	1.3288104875534996e-09	1
6283185.307179586	2185.7857857857857	1	0.560173213897182	8.582719492792821e-10	0
6283185.307179586	1448.3483483483483	1	0.3778027514982416	1.8186987688103849e-09	0
6283185.307179586	1149.1991991991993	3	1.1091014518071511	9.360646995188787e-10	2
6283185.307179586	1483.1331331331332	4	-1.0049785350471416	-2.762986762068515e-11	2
6283185.307179586	1121.3713713713714	4	-1.0690678064125954	-1.1295260025454758e-09	0
6283185.307179586	1879.6796796796798	3	0.6409269843154966	1.894923129232962e-09	0
6283185.307179586	3472.822822822823	2	0.30834935795080654	7.280189274871313e-10	0
6283185.307179586	724.8248248248249	1	1.1947752027512553	1.4286242453736927e-09	0
6283185.307179586	752.6526526526527	1	-0.09679331525810575	-4.570786146625814e-10	1
6283185.307179586	1747.4974974974975	3	0.041432376182291675	1.892660561208967e-09	0
6283185.307179586	989.1891891891892	3	1.1040250501256819	-1.6558491879047905e-09	0
6283185.307179586	1566.6166166166167	3	-0.3674434850149295	8.181219455961672e-10	0
6283185.307179586	1970.1201201201202	3	0.792313231243321	8.224301293706272e-10	0
6283185.307179586	4043.2932932932936	2	-0.9120801937071586	4.802361751012932e-10	1
6283185.307179586	223.92392392392392	3	1.1963215548498058	3.7506706716873406e-10	1
6283185.307179586	2060.5605605605606	1	-0.4029204145016536	3.6616276298777244e-11	2
6283185.307179586	1462.2622622622623	2	-0.8759941604085832	-1.8567646600770945e-09	0
6283185.307179586	1149.1991991991993	3	0.018843948474938532	-1.6258361030633811e-09	0
6283185.307179586	2971.921921921922	2	1.1930871301099475	1.5038378381747966e-09	0
6283185.307179586	3563.2632632632635	4	-1.1728151476456954	-7.696495486925083e-10	1
6283185.307179586	2484.934934934935	3	0.26861340887937835	-1.882795626963755e-09	0
6283185.307179586	1023.973973973974	3	0.6197060010101123	-1.0839557581350078e-09	0
6283185.307179586	258.70870870870874	3	-0.09661276482344139	1.7584855840423596e-09	2
6283185.307179586	857.007007007007	3	-0.2157654234170896	9.481164776309724e-10	0
6283185.307179586	2081.4314314314315	4	-0.9644820426273046	-1.6083438835059322e-09	0
6283185.307179586	2011.8618618618618	2	-0.6310942229200732	1.6044009503336473e-09	0
6283185.307179586	3159.75975975976	4	0.13462248234727947	5.578031719393296e-10	0
6283185.307179586	2422.322322322322	4	1.3564465126471386	1.8457450940292224e-09	1
6283185.307179586	1886.6366366366367	1	-0.082145925350533	-7.144370091024031e-10	0
6283185.307179586	1246.5965965965966	4	-0.8553394753352279	3.5121095133230214e-10	2
6283185.307179586	1622.2722722722724	2	-0.853218175558676	5.316033463777008e-10	1
6283185.307179586	808.3083083083084	1	-1.414724657439878	1.7051816550828927e-09	1
6283185.307179586	63.913913913913916	1	-0.1149084516627994	-1.2274427206037812e-09	0
6283185.307179586	1142.2422422422424	3	1.236776020748962	-1.6524519582495728e-09	1
6283185.307179586	710.910910910911	3	0.5171277855054197	-1.0889023583318302e-09	0
6283185.307179586	2324.924924924925	4	-0.29845387642548094	1.7820135961723338e-09	0
6283185.307179586	2074.474474474475	3	0.04782678640636284	-1.6984061919953715e-09	0
6283185.307179586	2345.795795795796	2	1.1819255333272074	1.622417699371925e-09	0
6283185.307179586	1810.11011011011	3	-1.2385281534896009	4.762351991112066e-10	1
6283185.307179586	1177.027027027027	1	1.0187750399245554	-5.151752068747241e-10	2
6283185.307179586	1524.8748748748749	2	0.36919709526868405	-1.9113400630713427e-10	2
6283185.307179586	905.7057057057058	2	-0.9080356557656214	-7.573710293339727e-10	1
6283185.307179586	1058.7587587587586	4	-0.11157435550895434	-3.4556027350140627e-10	0
6283185.307179586	2137.087087087087	3	1.340494108965621	-4.452188490929223e-10	1
6283185.307179586	418.7187187187187	3	-0.3084749704891032	-6.011985413675707e-11	1
6283185.307179586	961.3613613613613	4	-1.4743131483505767	-9.419489155639857e-10	2
6283185.307179586	1629.2292292292293	3	1.1769545264340509	-2.7748981746701277e-10	1
6283185.307179586	1497.047047047047	3	1.468446788581574	-1.7644047898247075e-09	1
6283185.307179586	1977.077077077077	2	0.494855223663186	5.115586001780955e-10	0
6283185.307179586	2102.3023023023025	1	0.9014258430014208	1.8730290908469022e-10	2
6283185.307179586	2060.5605605605606	2	0.6505260190332014	-4.327195472698823e-10	1
6283185.307179586	1427.4774774774776	4	0.6648473328658135	1.9544586321139053e-10	2
6283185.307179586	2123.1731731731734	1	1.5628430030739247	-8.154933785684736e-10	1
6283185.307179586	683.0830830830831	3	0.7218617239462328	-2.780695845844062e-10	1
6283185.307179586	1837.937937937938	4	-0.6736191608555001	-1.960458894571101e-09	0
6283185.307179586	1990.9909909909911	4	0.36082206374915504	-1.4630828762521235e-10	2
6283185.307179586	1183.983983983984	1	0.1490521221798491	8.605803651046659e-10	0
6283185.307179586	836.1361361361362	2	0.9951839883103695	1.004570377380771e-09	1
6283185.307179586	1990.9909909909911	4	0.48836628662566506	1.0579571770523958e-09	0
6283185.307179586	523.0730730730731	1	1.0549345967017238	-8.290764468028273e-10	2
6283185.307179586	2290.1401401401404	1	-1.0559933283675909	-1.5606906859391618e-09	0
6283185.307179586	1413.5635635635635	4	0.08996843139953925	-1.7985420239979064e-09	0
6283185.307179586	2067.5175175175173	3	0.49935195920562947	1.1570840656594062e-10	2
6283185.307179586	1698.7987987987988	1	-0.455093244997548	-5.498900483936354e-10	2
6283185.307179586	2596.2462462462463	4	-0.8662562073617894	-1.0027600161219718e-09	0
6283185.307179586	1441.3913913913914	2	1.0341699781776659	-1.5740948349124918e-09	0
6283185.307179586	2199.6996996997	4	-1.4359307160856338	6.774273197528631e-10	2
6283185.307179586	1295.2952952952953	2	1.2972999998850638	-4.8940136283015364e-11	1
6283185.307179586	1775.3253253253254	1	0.24146790609813373	-4.5221076119918184e-10	1
6283185.307179586	1984.034034034034	1	-0.9833626083143405	-8.054436637849132e-10	1
6283185.307179586	3055.4054054054054	1	1.5552563698444892	-1.0397091171300517e-09	2
6283185.307179586	1712.7127127127128	2	0.683138796307651	5.477656807207595e-10	1
6283185.307179586	1517.917917917918	3	0.5101027728111682	-1.1179467390084998e-09	0
6283185.307179586	2304.054054054054	3	1.068839238213641	1.4129226921674799e-09	0
6283185.307179586	1490.0900900900901	2	-0.32557623861009977	-1.9562774124971537e-09	0
6283185.307179586	2199.6996996997	4	1.106716395922808	-1.1309794208543221e-09	0
6283185.307179586	1135.2852852852852	3	-0.7086828460432353	3.1127052855178706e-10	1
6283185.307179586	1949.2492492492493	2	0.19292670998571348	-2.155233418698183e-10	2
6283185.307179586	2464.064064064064	3	-0.15799462855870705	-1.9995315716439013e-09	0
6283185.307179586	1740.5405405405406	1	-1.4494611850982309	-9.591989496926625e-10	2
6283185.307179586	3326.7267267267266	4	-1.4084701733319478	1.0931690251711267e-09	2
6283185.307179586	1253.5535535535537	4	-0.7917274480262605	1.3690042110855154e-09	0
6283185.307179586	509.1591591591592	4	-1.0177639948420008	-1.2885354125813203e-09	0
6283185.307179586	1030.930930930931	3	1.5179213323179668	1.913664970437756e-09	2
6283185.307179586	1580.5305305305305	1	-0.6136657677752986	-1.7216841903018674e-09	0
6283185.307179586	2025.7757757757759	3	0.4142402639736047	1.8471496938601602e-09	0
6283185.307179586	2603.2032032032034	3	0.48947964599407046	-3.056535732478652e-10	1
6283185.307179586	912.6626626626627	2	0.7122614969980461	-1.810334232395841e-09	0
6283185.307179586	3695.4454454454453	2	-0.9106030391309469	4.526880315368459e-10	2
6283185.307179586	2220.5705705705705	2	-1.5262632382887422	-4.856759742410129e-12	2
6283185.307179586	2742.3423423423424	4	-1.4391494923344572	1.4126059580249321e-09	2
6283185.307179586	2345.795795795796	1	-0.9136178718000437	1.022145703611737e-09	0
6283185.307179586	2109.259259259259	1	1.030276921540728	1.797165050313604e-10	1
6283185.307179586	1580.5305305305305	4	0.43231215631821396	1.1905436839056827e-09	0
6283185.307179586	1942.2922922922924	3	-1.1903925807472793	3.789414535942776e-10	2
6283185.307179586	1517.917917917918	1	0.37383650317591854	8.650999360882885e-10	0
6283185.307179586	2464.064064064064	4	0.321960604816806	1.2191977870295658e-09	0
6283185.307179586	2164.914914914915	1	-1.4322896137665162	8.949289168278365e-10	2
6283185.307179586	1824.0240240240241	1	0.881347602432534	1.0612394437576875e-09	0
6283185.307179586	1302.2522522522522	2	1.4493113566228288	7.252636706890775e-10	2
6283185.307179586	3264.1141141141143	2	-0.8102981813099072	2.0608844485691395e-10	2
6283185.307179586	1204.854854854855	1	0.9343776423564569	-9.08370582003883e-10	1
6283185.307179586	1670.970970970971	3	-0.83711992685077	-1.6361611105093812e-09	0
6283185.307179586	1837.937937937938	1	-1.1537997579646508	1.6807431547076688e-09	0
6283185.307179586	1121.3713713713714	4	1.3902913785090427	-1.627548243268107e-09	2
6283185.307179586	1211.8118118118118	1	-0.05312263650135196	-1.2790655273734736e-09	0
6283185.307179586	1274.4244244244244	2	-0.10192286118736216	-1.0101661149037474e-09	0
6283185.307179586	1288.3383383383384	3	1.5101991091482785	6.669177351229955e-10	1
6283185.307179586	696.996996996997	1	1.2549267491992304	-3.914057067541004e-10	2
6283185.307179586	1476.176176176176	2	0.017086553479077615	1.894971659164116e-09	0
6283185.307179586	2436.2362362362364	3	1.4353858446876426	-1.0235696462314815e-09	2
6283185.307179586	2582.3323323323325	4	-0.05540252203313778	-1.8629906007593987e-09	0
6283185.307179586	1274.4244244244244	3	-1.5388684721502535	3.136266894577064e-10	1
6283185.307179586	2088.388388388388	3	-1.2458555903727695	1.633675320164998e-09	0
6283185.307179586	1510.960960960961	2	-0.589432069430091	6.265364871419918e-10	0
6283185.307179586	2276.226226226226	4	-0.6779689968707038	-1.1637223950560194e-09	0
6283185.307179586	1149.1991991991993	4	0.4777242974220566	-1.1689488732661668e-09	0
6283185.307179586	2547.5475475475478	3	1.505509324813846	-5.886923801710494e-10	2
6283185.307179586	1288.3383383383384	2	-0.08369569414458167	-1.3136438498742057e-09	0
6283185.307179586	1357.9079079079079	4	0.2936240363879108	7.621265303965539e-10	0
6283185.307179586	2290.1401401401404	1	-1.0671617537043259	1.8074704501411467e-09	0
6283185.307179586	2839.73973973974	1	1.1483100943713502	1.856373847638367e-09	0
6283185.307179586	349.14914914914914	3	-1.3658513944481536	9.157539410146735e-10	2
6283185.307179586	655.2552552552553	2	-0.693038084812473	-1.1205928911056224e-09	0
6283185.307179586	1399.6496496496497	3	1.086261907571164	-1.8908992055346927e-09	0
6283185.307179586	2011.8618618618618	2	-0.13997685644843183	-1.4574401540795457e-09	0
6283185.307179586	1830.980980980981	1	0.7364054577066135	-1.6939858072084193e-09	0
6283185.307179586	1858.8088088088089	2	-0.6017581528012688	1.2419889610041676e-09	0
6283185.307179586	884.8348348348349	4	-0.7419907509862669	-1.28395363374098e-09	0
6283185.307179586	1789.2392392392394	4	1.1050152456406157	1.2635665847443636e-09	0
6283185.307179586	1608.3583583583584	4	-0.8406706766483566	-4.913686464291884e-10	2
6283185.307179586	2248.3983983983985	4	1.4326716541130544	-1.6434001128678335e-09	2
6283185.307179586	1615.3153153153153	4	-1.1324362723060535	3.0395409095044726e-10	2
6283185.307179586	1984.034034034034	1	1.4081237674007245	1.7825414269898247e-09	2
6283185.307179586	655.2552552552553	1	-1.1249585624822414	4.976679948634969e-10	1
6283185.307179586	1455.3053053053054	3	-0.4774007166080887	-3.150481226750301e-10	1
6283185.307179586	1420.5205205205204	1	1.1377286250893244	-1.3260519494701683e-10	2
6283185.307179586	1970.1201201201202	4	0.35262427095991056	7.988564670075646e-10	0
6283185.307179586	1003.1031031031031	1	1.3743265986650943	-8.125411872369881e-10	2
6283185.307179586	1587.4874874874874	2	-0.9640573324979387	-2.829091905746282e-10	2
6283185.307179586	1684.884884884885	4	0.9771923194604808	-1.1532426912962295e-10	1
6283185.307179586	2881.4814814814818	1	-1.2032026686192219	2.0845767883460708e-10	1
6283185.307179586	1483.1331331331332	2	-0.1971877668242159	1.6417585749964509e-09	0
6283185.307179586	140.44044044044045	3	-0.8173381529130115	-1.7825888080561092e-09	0
6283185.307179586	3131.931931931932	4	1.260826288173905	-1.669135853937495e-09	0
6283185.307179586	2610.16016016016	4	0.1993991898705778	2.811201425350883e-10	1
6283185.307179586	1420.5205205205204	2	-1.292213716580075	7.763196897205938e-10	1
6283185.307179586	2213.613613613614	4	-0.6554814181235853	-1.5551537554308493e-09	0
6283185.307179586	1476.176176176176	2	-0.20717569937243097	5.348888328561144e-10	0
6283185.307179586	1337.0370370370372	3	1.0640649308010142	-4.1633622421359946e-10	1
6283185.307179586	634.3843843843844	1	1.517831063688459	-1.7388489938544938e-09	2
6283185.307179586	1288.3383383383384	3	-1.5246171726553983	4.0268885101026673e-10	1
6283185.307179586	1601.4014014014015	2	1.2700744773724675	-6.791843558593608e-10	1
6283185.307179586	1288.3383383383384	3	-0.31792292127962773	4.6529459020682796e-10	2
6283185.307179586	3173.673673673674	4	0.34411407024165275	-4.296164705499562e-12	1
6283185.307179586	954.4044044044044	3	-1.2198636490278525	9.941264168276647e-10	2
6283185.307179586	1726.6266266266266	4	0.08045564602867561	1.4342938482114486e-09	0
6283185.307179586	1239.6396396396397	3	-0.6909981924926915	1.6158383965211509e-09	0
6283185.307179586	877.877877877878	4	1.2522129092618286	1.4428047436821573e-09	2
6283185.307179586	1121.3713713713714	4	-0.8681098326784642	-7.044326704917658e-11	1
6283185.307179586	2582.3323323323325	2	1.5449723160461453	-8.567526853160333e-11	1
6283185.307179586	1253.5535535535537	2	-1.0717237128406596	-1.4706220184471085e-09	0
6283185.307179586	1858.8088088088089	2	0.057429649656421056	3.335259375451702e-10	2
6283185.307179586	1921.4214214214214	3	-0.581727199442391	-1.9664537390959177e-09	0
6283185.307179586	1392.6926926926926	2	-0.8855392647507273	-4.909213189693339e-10	1
6283185.307179586	3097.1471471471473	2	0.3437137882829542	-4.41517649557385e-10	0
6283185.307179586	1733.5835835835837	3	-1.4458250321038713	1.21987600778685e-09	2
6283185.307179586	467.4174174174174	4	-1.5398294827348171	1.585047928942352e-09	2
6283185.307179586	1949.2492492492493	2	1.2407871447022814	-7.993164163806843e-10	2
6283185.307179586	2234.4844844844847	1	0.08342959423239904	-1.5462429733233789e-09	0
6283185.307179586	1302.2522522522522	1	0.843238558155329	-1.634672972302643e-09	0
6283185.307179586	2881.4814814814818	2	0.2100719039490624	-1.775826771448093e-09	0
6283185.307179586	1309.2092092092093	1	0.5824026253704839	-8.649592176794287e-10	0
6283185.307179586	2276.226226226226	1	1.1350613483394785	-1.1972539603954606e-09	0
6283185.307179586	968.3183183183183	2	0.6785533805257455	-3.725320556719605e-10	2
6283185.307179586	2916.2662662662665	1	-0.15908801995016164	8.83154114785357e-10	0
6283185.307179586	1963.1631631631633	3	-0.6761348517443592	1.6204382223442168e-10	2
6283185.307179586	2032.7327327327328	3	0.7703572527916629	-1.1932050851509826e-10	2
6283185.307179586	2512.762762762763	1	-0.9956937898661354	1.1148512729147514e-09	0
6283185.307179586	2345.795795795796	4	-0.5121909829250577	1.0441568539171358e-09	0
6283185.307179586	766.5665665665666	2	-0.8539577239448546	1.4254196648270774e-09	0
6283185.307179586	2053.603603603604	2	1.3024020248639974	1.949354124890279e-09	0
6283185.307179586	2359.70970970971	2	1.4119312857232935	1.252454809227677e-09	2
6283185.307179586	2317.967967967968	4	-1.3514252555218678	-2.464468487077997e-10	2
6283185.307179586	1197.897897897898	1	-0.44725522575505217	-2.2932853673087467e-10	2
6283185.307179586	2902.352352352352	1	-0.3512590882458426	-7.830034452592223e-10	0
6283185.307179586	1747.4974974974975	2	1.5271357301856128	1.4249525871120162e-09	1
6283185.307179586	1017.017017017017	4	-0.6601832244987342	-1.2207677813193884e-09	0
6283185.307179586	2554.5045045045044	2	-0.9815030148294739	-7.530957148911561e-10	1
6283185.307179586	2700.6006006006005	3	-0.41517132791643485	-1.1436608486461713e-10	2
6283185.307179586	2352.7527527527527	3	-0.5083164186571616	6.612276608079753e-10	0
6283185.307179586	1392.6926926926926	2	0.7040691155296006	-7.959508227703127e-10	0
6283185.307179586	1997.947947947948	3	-1.3859434096586032	-1.7662778059369263e-09	1
6283185.307179586	3208.4584584584586	3	0.4190101425178563	1.8374859014658277e-09	0
6283185.307179586	1559.6596596596596	2	0.7426850872814121	-1.7277731420239166e-09	0
6283185.307179586	2888.4384384384384	4	-0.2837851006150909	1.8805022274959775e-09	0
6283185.307179586	4029.3793793793793	1	1.162653875419903	-1.2507572587514843e-10	2
6283185.307179586	836.1361361361362	3	-0.905097022600402	1.473109328228092e-09	0
6283185.307179586	1100.5005005005005	4	0.2143923958154661	-1.460696330576797e-09	0
6283185.307179586	1670.970970970971	2	1.07853053540539	3.7048957656991673e-10	1
6283185.307179586	982.2322322322323	3	0.5323590464924775	1.7174526298291666e-09	0
6283185.307179586	989.1891891891892	2	1.416038367675176	1.3035590714450177e-09	2
6283185.307179586	1267.4674674674675	1	-0.3478649822675657	-1.0418255865003174e-09	0
6283185.307179586	1253.5535535535537	4	0.775655153876337	-8.027019244065876e-10	0
6283185.307179586	1065.7157157157158	2	0.6454389382965866	-9.747525327482917e-10	0
6283185.307179586	968.3183183183183	3	-1.3721206672585473	1.8774633867247038e-10	2
6283185.307179586	1385.7357357357357	2	0.5280692825672331	-9.26512430645154e-11	2
6283185.307179586	1956.2062062062062	2	0.534882619856099	1.3196977410841755e-09	0
6283185.307179586	3298.898898898899	4	1.2599753407688876	-9.317967357251351e-11	2
6283185.307179586	1225.7257257257259	1	0.017734504303647425	-1.880238848403788e-09	0
6283185.307179586	516.1161161161161	2	0.6905616026019996	1.1586985395555483e-10	2
6283185.307179586	1392.6926926926926	4	-0.2133272218225124	9.481729902099036e-10	0
6283185.307179586	982.2322322322323	3	0.8349351424224563	5.293682962459637e-10	2
6283185.307179586	530.03003003003	4	1.4824942700308625	1.2674919697853905e-09	2
6283185.307179586	1824.0240240240241	1	0.7452311668618559	-1.0353218237362203e-09	0
6283185.307179586	2749.2992992992995	4	-0.12280916759434746	-7.997545457490176e-10	0
6283185.307179586	1935.3353353353355	2	0.27590135233227486	-1.47051349781903e-09	0
6283185.307179586	2450.1501501501502	1	0.6078905887845911	-1.274333584091744e-09	0
6283185.307179586	857.007007007007	1	0.8930611763606979	1.5003577258207601e-09	0
6283185.307179586	1782.2822822822823	4	1.0432106617817318	-4.940286984115297e-10	2
6283185.307179586	1239.6396396396397	3	-0.4065822175949274	1.2650692184455211e-10	2
6283185.307179586	1051.801801801802	2	1.2766168394777972	9.528765482843334e-10	1
6283185.307179586	1754.4544544544544	4	-0.7231008241013213	-3.004576121404927e-10	2
6283185.307179586	3598.0480480480483	4	0.6525354517871076	1.984665169243623e-09	0
6283185.307179586	1003.1031031031031	2	-0.6808086469662435	-7.518639126655492e-10	1
6283185.307179586	2380.5805805805808	4	-0.45379789809878823	1.871221071103329e-09	0
6283185.307179586	690.04004004004	3	0.5528283525458253	1.5720869563145723e-09	0
6283185.307179586	2881.4814814814818	1	-1.365994258321101	-1.6796889327732223e-09	1
6283185.307179586	1385.7357357357357	3	0.38955058922218955	1.7154672381380795e-09	0
6283185.307179586	2818.868868868869	3	-0.5783513829685174	1.2224866925341757e-09	0
6283185.307179586	2116.2162162162163	3	1.3243568482578407	-1.360567210119065e-10	2
6283185.307179586	3389.3393393393394	3	0.6640287678808252	1.1585664496448618e-09	0
6283185.307179586	2811.911911911912	2	0.7842999822497165	-1.7261486875329163e-09	0
6283185.307179586	1267.4674674674675	4	-1.0880087024976601	4.786546150852329e-10	2
6283185.307179586	3305.855855855856	2	-0.85059938458066	8.331770300985168e-10	0
6283185.307179586	1670.970970970971	3	1.0276282261958158	1.1966426141826396e-10	1
6283185.307179586	3222.3723723723724	2	-0.016489749139813048	-5.75762236483322e-10	0
6283185.307179586	1225.7257257257259	2	-0.35772049588943444	1.2590231628132835e-09	0
6283185.307179586	1211.8118118118118	4	-0.7981951775228127	3.3579401033534855e-10	2
6283185.307179586	1197.897897897898	2	1.1636710863675983	1.499254109682048e-09	0
6283185.307179586	446.54654654654655	1	1.3817611620771428	-1.247273563074578e-09	2
6283185.307179586	1817.0670670670672	2	-0.27677130853224186	-9.534163526923876e-10	0
6283185.307179586	1990.9909909909911	1	-0.13980116115682106	1.4610657116106082e-09	0
6283185.307179586	2352.7527527527527	1	0.2527970425408894	4.163465531297837e-10	0
6283185.307179586	1504.004004004004	2	-1.0252216561227163	-1.0147928547751152e-09	0
6283185.307179586	2394.4944944944946	3	0.40831159404054373	6.20793719353174e-11	1
6283185.307179586	1364.864864864865	1	1.4664247456199995	-4.753066852665713e-10	2
6283185.307179586	2366.6666666666665	4	-0.6674499841514918	-9.486469123099175e-10	0
6283185.307179586	1337.0370370370372	1	0.09019691194527746	3.4320472790639263e-10	1
6283185.307179586	1517.917917917918	2	1.2653758563574309	-8.876554348360415e-10	1
6283185.307179586	1239.6396396396397	1	1.2021183189022726	7.510318894133002e-10	2
6283185.307179586	1789.2392392392394	3	-1.1602171289694667	1.2061649158976932e-09	0
6283185.307179586	1670.970970970971	4	1.2636986548263676	1.7840558250846827e-09	0
6283185.307179586	2359.70970970971	4	1.06333521736676	6.411366046775561e-10	2
6283185.307179586	1030.930930930931	1	-0.05489708889778244	3.3835981849639005e-10	0
6283185.307179586	2199.6996996997	2	0.7000529666304303	3.2402653412835526e-10	2
6283185.307179586	2804.954954954955	3	-1.3286022226353487	4.2758236350999706e-10	2
6283185.307179586	1531.8318318318318	2	1.2448008949859761	1.1162826804220025e-09	1
6283185.307179586	2791.041041041041	1	0.8252650995089716	-1.739414159863833e-09	0
6283185.307179586	2178.828828828829	3	-0.4810891552479588	-1.3134567462453366e-09	0
6283185.307179586	1517.917917917918	1	0.8448305878682913	-8.616940797187746e-10	1
6283185.307179586	1872.7227227227227	4	0.24728238320436402	-2.9446010838286284e-11	2
6283185.307179586	877.877877877878	4	0.37049385304202986	-1.675628697980773e-10	2
6283185.307179586	1030.930930930931	4	0.773812008555534	-8.273851498327419e-10	0
6283185.307179586	2930.1801801801803	3	-0.27950171752336694	-1.2337006825140142e-09	0
6283185.307179586	752.6526526526527	1	-1.2098318965922144	8.325771053673454e-10	2
6283185.307179586	1935.3353353353355	1	1.2813481844166348	1.6837827947839374e-09	0
6283185.307179586	2018.818818818819	2	1.0506975205826317	-8.482818886185815e-10	1
6283185.307179586	2874.5245245245246	2	-0.33032570092814795	-1.0399227716343927e-10	1
6283185.307179586	2116.2162162162163	4	0.35457598997271167	1.8929494482130004e-09	0
6283185.307179586	585.6856856856857	2	-0.15348489468129745	1.5519939447967752e-09	0
6283185.307179586	1225.7257257257259	2	-1.372083057776541	7.249908982040191e-11	2
6283185.307179586	1928.3783783783783	2	-0.17376988137719596	1.2378689893860804e-11	1
6283185.307179586	1629.2292292292293	1	0.44828861360649386	-2.448545205468697e-10	2
6283185.307179586	2596.2462462462463	3	-1.1877034515557445	9.295890139958782e-10	2
6283185.307179586	2234.4844844844847	1	1.4019394957348288	-1.8470577525275301e-09	2
6283185.307179586	2742.3423423423424	2	-0.2782972275896076	3.7262780111472835e-10	1
6283185.307179586	2394.4944944944946	1	0.9020829572329605	2.549186918797501e-10	2
6283185.307179586	3305.855855855856	1	1.0929931778421977	-1.4099215532238954e-09	0
6283185.307179586	1594.4444444444446	3	-1.5257818480461924	-6.192265608832468e-10	1
6283185.307179586	1260.5105105105106	1	0.6631908145873919	5.610871987685652e-10	0
6283185.307179586	3041.4914914914916	2	-1.346192007077353	-1.3642292840064845e-09	1
6283185.307179586	2644.944944944945	4	-0.8491345206608553	-8.722833320523331e-10	0
6283185.307179586	3006.706706706707	1	0.7957355130272461	-2.623871716235603e-10	2
6283185.307179586	1545.7457457457458	4	0.8712359643550052	9.801914740700879e-10	0
6283185.307179586	2693.643643643644	4	1.4412097129736319	2.9237470058146097e-10	2
6283185.307179586	530.03003003003	3	-0.9738308519056862	-1.649544638138667e-09	0
6283185.307179586	1163.113113113113	3	0.6818091694909056	1.529343743742621e-09	0
6283185.307179586	1552.7027027027027	4	0.15775784413455107	-3.8078544842832466e-10	1
6283185.307179586	787.4374374374374	4	-1.030343807210376	1.4510612274505086e-09	2
6283185.307179586	2700.6006006006005	3	-0.24696947555308912	-9.976401256551665e-10	0
6283185.307179586	2011.8618618618618	1	-0.4410320700511434	-1.4603815678260368e-09	0
6283185.307179586	1629.2292292292293	2	0.9131017773102421	-5.878057207080222e-10	2
6283185.307179586	1183.983983983984	1	0.5854957711211517	-2.12260503865439e-11	2
6283185.307179586	1267.4674674674675	2	-1.2766140867309346	-1.5839802878792303e-09	1
6283185.307179586	1990.9909909909911	3	-0.03295788619572648	-1.8163719393064537e-09	0
6283185.307179586	877.877877877878	3	-0.5651396023312456	1.94187177339629e-09	0
6283185.307179586	1615.3153153153153	1	1.5283395607436332	-4.953640619439033e-10	2
6283185.307179586	2234.4844844844847	4	0.1412825821708581	4.6311999835223383e-10	1
6283185.307179586	1065.7157157157158	3	-0.18034830764629484	-1.4753278040142618e-10	2
6283185.307179586	1483.1331331331332	4	1.2771526708071117	1.2125170755198786e-09	2
6283185.307179586	1601.4014014014015	2	-1.270087692216682	4.996615035863122e-10	2
6283185.307179586	1726.6266266266266	4	0.7331003897679178	-1.7347921574655764e-09	0
6283185.307179586	3062.3623623623625	3	1.3301315230966253	-3.5770664033121317e-10	1
6283185.307179586	1970.1201201201202	4	-0.7639292091580557	-3.2935358836271837e-10	2
6283185.307179586	1552.7027027027027	1	-0.9659626127493592	2.5080092526309005e-10	2
6283185.307179586	2324.924924924925	2	0.28132764050554426	9.951160936011018e-11	2
6283185.307179586	1879.6796796796798	3	-1.4316240966967981	-9.734339929073488e-10	2
6283185.307179586	1079.6296296296296	2	1.018474171723807	1.563545285790443e-09	0
6283185.307179586	1990.9909909909911	4	-0.802702843258388	1.9888346755015327e-09	0
6283185.307179586	2060.5605605605606	1	-0.19424333227917745	-1.012471098147663e-09	0
6283185.307179586	1323.1231231231232	1	-1.3560707665831095	1.4493413011331033e-09	2
6283185.307179586	1149.1991991991993	3	1.4618871766162966	-3.6050894046235143e-10	2
6283185.307179586	1587.4874874874874	1	-0.9102863617519851	1.4649207854180323e-09	0
6283185.307179586	1830.980980980981	2	1.360015761318615	-1.4130605188841047e-09	1
6283185.307179586	1587.4874874874874	4	0.7902687863668234	-1.0822839519338113e-09	0
6283185.307179586	1643.143143143143	2	-0.929868871896881	-8.474693330756235e-10	0
6283185.307179586	467.4174174174174	3	0.8622725430454343	-1.6407026573123293e-09	0
6283185.307179586	1893.5935935935936	4	1.4052232415378287	-7.671311753024997e-10	2
6283185.307179586	2151.001001001001	1	1.280399141798266	6.746313298065846e-10	2
6283185.307179586	1712.7127127127128	1	1.2585015692599968	1.7650590118048225e-09	0
6283185.307179586	1573.5735735735736	1	0.6058800715819439	-7.686878601035367e-10	0
6283185.307179586	474.3743743743744	2	-0.9827182117780717	1.3966169410338191e-09	0
6283185.307179586	2603.2032032032034	1	-0.4463408191657152	1.4078558936144395e-09	0
