axial trapping frequency (MHz) 	 velocity(m/s) 	 ion collided with 	 angle(rads) 	 collision offset(m) 	 reorder? (1 is reorder 2 is ejection) 
6283185.307179586	363.06306306306305	4	0.02973332164402942	-1.7661171417591143e-09	0
6283185.307179586	1462.2622622622623	4	-0.10022408883141365	8.430611780368304e-12	2
6283185.307179586	1142.2422422422424	2	0.6982355820488624	-9.735646342194682e-10	0
6283185.307179586	912.6626626626627	3	-0.11116129657824092	1.1495979308892092e-09	0
6283185.307179586	2151.001001001001	1	1.1351102728472782	-1.5129672892624729e-09	0
6283185.307179586	801.3513513513514	4	1.5065015271149567	1.928655728328726e-09	2
6283185.307179586	1761.4114114114116	4	-1.036543466627549	-1.8328620278935407e-10	2
6283185.307179586	1851.851851851852	3	1.1935906211540246	-1.8716710033801837e-09	0
6283185.307179586	1698.7987987987988	1	1.2259428958355012	-6.362380379601551e-10	2
6283185.307179586	2561.4614614614616	3	-0.050868415929866684	1.2587438350351518e-09	0
6283185.307179586	2867.5675675675675	2	-0.36353818463012	-1.8626832701487104e-09	0
6283185.307179586	2116.2162162162163	2	0.40532796075579847	-6.123463582475335e-10	0
6283185.307179586	1970.1201201201202	1	-1.4669517242056291	-1.2476561915177468e-09	2
6283185.307179586	1183.983983983984	2	-1.266511536344494	1.8772097220643665e-09	0
6283185.307179586	1977.077077077077	2	0.9277853125209403	8.451956232579202e-10	0
6283185.307179586	2491.891891891892	4	0.15463631488766372	-7.653127073292083e-10	0
6283185.307179586	620.4704704704704	2	0.33136554968988574	1.305043045688912e-10	2
6283185.307179586	1455.3053053053054	2	1.1443194833001575	-7.757450964555816e-10	1
6283185.307179586	843.0930930930931	1	0.40143603054887067	-1.8320821692518312e-09	0
6283185.307179586	2046.6466466466468	2	-0.33726093547339153	1.0116268484234392e-09	0
6283185.307179586	2387.5375375375374	1	-1.3630890064831773	-1.7207498968618863e-09	2
6283185.307179586	2338.838838838839	1	-0.5886639493183999	-1.9965052547414736e-11	1
6283185.307179586	1900.5505505505505	3	1.1241494412682598	7.192153605041752e-10	2
6283185.307179586	2199.6996996997	3	0.4593062383675175	1.1991969320705637e-10	2
6283185.307179586	2046.6466466466468	3	-1.4751124523185988	-1.2016282672086503e-09	2
6283185.307179586	1490.0900900900901	3	0.035620500676460054	1.5473126050614434e-09	0
6283185.307179586	1601.4014014014015	2	-1.570148106163411	-1.2090047899803502e-09	0
6283185.307179586	1594.4444444444446	1	0.708071855552614	3.001947094230354e-10	2
6283185.307179586	1030.930930930931	2	-0.6030318546095831	-1.9216648482917038e-09	0
6283185.307179586	2206.6566566566567	1	0.8313452327249777	2.5982835420707597e-10	2
6283185.307179586	2484.934934934935	1	-0.6257782701856536	-1.4452452627250373e-09	0
6283185.307179586	1392.6926926926926	3	-0.9605906215249299	1.4826513998699582e-09	0
6283185.307179586	1747.4974974974975	4	0.41533800021292056	6.323851433153308e-10	0
6283185.307179586	3326.7267267267266	4	-0.08134364791575632	2.1143428580499886e-10	1
6283185.307179586	1225.7257257257259	4	-1.1012121467255658	-8.587709697419351e-10	2
6283185.307179586	1747.4974974974975	1	0.02841777750344532	9.431326903651788e-10	0
6283185.307179586	1204.854854854855	4	1.1155501177914027	1.992255988756315e-09	0
6283185.307179586	523.0730730730731	4	-1.5564887018689249	1.597205421297403e-09	2
6283185.307179586	1156.1561561561562	3	1.3314317902719077	8.718227855982239e-10	1
6283185.307179586	745.6956956956957	1	1.4624273403794095	7.449638608835088e-10	2
6283185.307179586	1949.2492492492493	2	-0.05534380196165167	-4.6418175745486506e-10	1
6283185.307179586	1114.4144144144145	4	0.4262520740466371	-5.852502743716644e-10	0
6283185.307179586	2304.054054054054	3	0.5016146179582566	1.8620403884594876e-09	0
6283185.307179586	2352.7527527527527	1	1.4723774835884735	-1.7894659059430242e-09	2
6283185.307179586	2102.3023023023025	1	-0.6320209503381737	1.1227404104238752e-09	0
6283185.307179586	1615.3153153153153	2	-0.9767282882068186	-5.688465872845131e-10	1
6283185.307179586	1552.7027027027027	2	-1.5486639922808585	-5.677093418505162e-10	2
6283185.307179586	1149.1991991991993	4	0.7972537838140941	1.3256144381101304e-09	0
6283185.307179586	1079.6296296296296	4	1.1114870124634648	-3.0568241808916103e-10	2
6283185.307179586	884.8348348348349	1	0.29520576371912766	6.533155062679886e-10	0
6283185.307179586	2178.828828828829	4	1.1811930986642092	-1.175855156765811e-09	0
6283185.307179586	3034.5345345345345	1	1.2614340639060226	-1.6095654013059743e-09	0
6283185.307179586	1302.2522522522522	3	0.6097558424934664	-1.7359278290214495e-09	0
6283185.307179586	1420.5205205205204	1	0.7849019699045563	1.9810037826488734e-10	2
6283185.307179586	2276.226226226226	2	-1.461366964942692	-1.6293741066701175e-09	2
6283185.307179586	1761.4114114114116	3	1.1166596443692356	-9.084867763560772e-10	1
6283185.307179586	1677.927927927928	2	-1.5283774097292881	1.4239414355614685e-10	2
6283185.307179586	2422.322322322322	3	-0.28724001901768803	-1.8477775835707778e-09	0
6283185.307179586	1462.2622622622623	1	-0.42117907815453437	1.807282822633893e-09	0
6283185.307179586	1079.6296296296296	1	0.8402354074700749	1.0753194498366465e-10	2
6283185.307179586	2130.13013013013	3	-1.2311729721457614	1.5942206993853838e-09	0
6283185.307179586	669.1691691691692	1	-0.4754078992634023	-9.029445782937389e-10	2
6283185.307179586	1017.017017017017	2	0.6631659975900095	-1.0523057001268752e-09	0
6283185.307179586	2011.8618618618618	1	1.316805127250872	1.5636298540690233e-09	1
6283185.307179586	3236.286286286286	1	-1.1618480313672248	-1.8619975682208004e-09	0
6283185.307179586	1747.4974974974975	2	-1.1126110541269232	2.3012974375644594e-10	1
6283185.307179586	1559.6596596596596	1	0.6400596006172923	-1.8796599334204617e-09	0
6283185.307179586	2832.7827827827828	4	-0.9141415365783658	1.218179260760758e-09	0
6283185.307179586	877.877877877878	4	0.8812623505961725	2.669426349888878e-10	1
6283185.307179586	1267.4674674674675	1	1.0597822647404587	-1.76686681381406e-09	0
6283185.307179586	2102.3023023023025	4	-0.10617660076918822	-5.821266500148286e-11	2
6283185.307179586	2269.2692692692694	1	-0.5071211555453441	-1.4069884115128582e-09	0
6283185.307179586	2032.7327327327328	4	1.0734325965626512	-9.555939724344307e-10	0
6283185.307179586	1990.9909909909911	3	-1.3557044738361888	6.583741316452123e-10	2
6283185.307179586	1747.4974974974975	4	-0.7971240589446036	-1.884693230757417e-09	0
6283185.307179586	1420.5205205205204	1	-0.05845319595180154	7.52320640530598e-10	0
6283185.307179586	2693.643643643644	4	-1.2669254027062453	-5.204425201567414e-10	2
6283185.307179586	3055.4054054054054	1	1.0109836330209445	1.5681074416457991e-09	0
6283185.307179586	4794.644644644644	3	-0.7882342270815129	-1.8817853375466513e-09	0
6283185.307179586	1789.2392392392394	2	0.8389712385333419	-2.6579729421273344e-10	1
6283185.307179586	1657.0570570570571	1	-0.4604797142131174	3.5514920967038544e-10	2
6283185.307179586	801.3513513513514	2	-0.8256624022763726	8.134055788566285e-10	1
6283185.307179586	2526.676676676677	1	-0.7181637325048547	-1.5181666377756367e-10	2
6283185.307179586	2241.4414414414414	3	1.4038816972882247	4.595281867844921e-10	1
6283185.307179586	2164.914914914915	2	0.8446260461986306	-1.1461590888405465e-09	0
6283185.307179586	870.9209209209209	2	0.7761954024981352	-1.0167443188707197e-09	0
6283185.307179586	2436.2362362362364	1	1.2783385114721373	3.3204624588185397e-10	2
6283185.307179586	4732.0320320320325	4	0.4686164998075819	1.4169357581403925e-09	0
6283185.307179586	947.4474474474474	2	-1.5518811497103866	6.777330780620928e-10	2
6283185.307179586	2081.4314314314315	2	0.43565755049747557	-1.2135852433899334e-09	0
6283185.307179586	1357.9079079079079	2	1.2516838032213449	7.663056646694367e-10	2
6283185.307179586	1622.2722722722724	1	-1.191872107670637	1.7038590045005264e-10	1
6283185.307179586	2081.4314314314315	4	0.48565900189309863	-2.7407225053108114e-10	2
6283185.307179586	1156.1561561561562	1	0.5867875349714851	1.1771769471226391e-09	0
6283185.307179586	905.7057057057058	2	0.4131536517026557	2.0102844088672496e-11	2
6283185.307179586	1552.7027027027027	4	-0.027623275432212102	-1.5359527406837006e-09	0
6283185.307179586	1163.113113113113	4	-1.343465907067269	-6.67467906575697e-10	2
6283185.307179586	968.3183183183183	3	0.2952466059196941	1.5441191119181837e-09	0
6283185.307179586	3799.7997997998	3	0.10701794295041411	6.988246122297778e-10	0
6283185.307179586	1566.6166166166167	1	0.8656970155254062	-3.066423012467744e-10	2
6283185.307179586	940.4904904904905	1	1.472239823540447	1.464006328592767e-10	2
6283185.307179586	2373.6236236236236	3	-0.7873578911068927	9.447080816456964e-10	0
6283185.307179586	794.3943943943945	2	-1.1064538523287868	-1.0788519423918161e-09	2
6283185.307179586	836.1361361361362	4	-0.9957412490426787	1.1190621454580434e-09	1
6283185.307179586	1545.7457457457458	1	-0.6323414637148155	1.5723685671450656e-09	0
6283185.307179586	2707.5575575575576	1	1.1270385314647027	-1.9897598544515253e-09	0
6283185.307179586	1274.4244244244244	3	-1.53155263813423	-8.540491393619957e-10	1
6283185.307179586	975.2752752752752	2	0.167440713842256	1.9037897840645264e-09	0
6283185.307179586	2491.891891891892	2	-0.4924339944485354	5.977546153073533e-10	0
6283185.307179586	5003.353353353354	2	1.4702279115424792	-1.3676820104653694e-09	2
6283185.307179586	571.7717717717718	3	-0.6381589204521081	7.310219202640138e-10	2
6283185.307179586	1517.917917917918	4	0.34170871229817523	4.2085435309979275e-10	2
6283185.307179586	1928.3783783783783	3	-0.9905949986282552	-1.6492676398767136e-09	0
6283185.307179586	2401.4514514514517	3	0.5054983177292907	1.282285403782806e-09	0
6283185.307179586	947.4474474474474	4	-0.26233761793807764	-7.969578979911001e-10	0
6283185.307179586	815.2652652652653	1	0.8314924394570049	-1.236856077527988e-09	2
6283185.307179586	2352.7527527527527	3	-0.23693789427989898	-5.396753932935204e-10	0
6283185.307179586	1900.5505505505505	3	-0.8025390243689222	1.2953025656704977e-09	0
6283185.307179586	1420.5205205205204	2	0.37228664052456995	-5.067934135670377e-10	1
6283185.307179586	1378.7787787787788	4	-0.16636308347892736	1.6466682955937221e-09	0
6283185.307179586	1524.8748748748749	1	-0.950487257255088	1.1472501097963639e-09	0
6283185.307179586	829.1791791791792	4	-1.2256025329728564	-1.7687067199382547e-09	0
6283185.307179586	2074.474474474475	1	-0.3062431486686119	1.9268869674744556e-09	0
6283185.307179586	794.3943943943945	1	0.9231559271774845	-1.1363569554479276e-09	2
6283185.307179586	940.4904904904905	2	-0.9118801897651038	1.8885324972188557e-09	0
6283185.307179586	1420.5205205205204	2	0.0013927941563594004	-8.392387161860238e-10	0
6283185.307179586	1552.7027027027027	4	-0.9601794964364871	-5.913381508680793e-10	2
6283185.307179586	836.1361361361362	4	-0.5254272858659434	1.8990355030060913e-09	0
6283185.307179586	2575.3753753753754	4	1.271343584432259	-1.22968386393073e-09	1
6283185.307179586	2046.6466466466468	4	-0.6755423128761552	-1.8196287825213654e-09	0
6283185.307179586	1956.2062062062062	2	1.5045214425338473	6.670415631223997e-10	1
6283185.307179586	1420.5205205205204	1	1.5639882827054081	1.1252683051004772e-09	2
6283185.307179586	1448.3483483483483	4	-0.285939146039895	2.0895354258439372e-10	2
6283185.307179586	2157.957957957958	3	-0.6549699573812003	1.3451406798562322e-10	1
6283185.307179586	516.1161161161161	1	0.7851249629441925	-1.5254033908756523e-09	1
6283185.307179586	2060.5605605605606	2	1.131384577126548	-4.458142298146579e-12	2
6283185.307179586	1448.3483483483483	4	1.220851263772261	-3.2328480346690526e-10	1
6283185.307179586	1977.077077077077	1	0.08225606196107416	1.3121641717915995e-09	0
6283185.307179586	1350.950950950951	1	0.40643644067561313	4.3676330025608464e-10	0
6283185.307179586	2477.977977977978	4	-0.2264961069512781	-1.5008670116184934e-09	0
6283185.307179586	982.2322322322323	4	1.559009595147708	-2.112340939641263e-11	2
6283185.307179586	822.2222222222223	2	-0.007735490427920766	-2.3108615893125466e-10	1
6283185.307179586	1879.6796796796798	3	-1.167232243986661	1.8433179106843482e-09	0
6283185.307179586	1886.6366366366367	2	-0.8797096765131167	-2.436634364691899e-10	2
6283185.307179586	1552.7027027027027	2	-0.1864569481209446	-6.174180623498683e-10	0
6283185.307179586	1643.143143143143	1	-1.4258649371742826	4.2264369357365785e-10	1
6283185.307179586	488.2882882882883	3	0.2732683644507814	4.92521590853117e-10	1
6283185.307179586	1984.034034034034	2	1.2459093201342135	-1.883697821369899e-09	0
6283185.307179586	1232.6826826826828	1	-1.518722511945518	-1.5612502230307524e-09	2
6283185.307179586	1504.004004004004	4	-1.3186498948558416	8.585249791557455e-10	2
6283185.307179586	335.2352352352352	4	-0.8803289343052805	-5.227784647993028e-10	0
6283185.307179586	1288.3383383383384	4	-1.3422541606119374	4.4873076226624206e-10	2
6283185.307179586	1796.1961961961963	1	-1.1326025595241078	-1.070575726541201e-09	1
6283185.307179586	1218.7687687687687	2	-1.1135452822071676	2.8367946158409396e-10	2
6283185.307179586	954.4044044044044	1	-0.936974521706726	7.740857751250119e-10	0
6283185.307179586	1058.7587587587586	4	-0.3425103077975782	1.144450431894379e-09	0
6283185.307179586	1580.5305305305305	2	-1.5098679652512093	-1.911891481324773e-09	2
6283185.307179586	2060.5605605605606	3	0.5673772956189795	-2.9149304728477213e-10	1
6283185.307179586	1573.5735735735736	4	0.6180126849479226	-1.5174691080302254e-09	0
6283185.307179586	870.9209209209209	3	-0.5396044444429398	-1.414511463725595e-09	0
6283185.307179586	2032.7327327327328	1	0.24492733873521977	1.9386138161694948e-09	0
6283185.307179586	2721.4714714714714	2	1.5388815179258661	1.8106126587872933e-09	1
6283185.307179586	3841.541541541542	4	0.5629440037562268	-1.4207822848326484e-10	2
6283185.307179586	1323.1231231231232	4	-0.5897701793910843	1.0139351059156947e-09	0
6283185.307179586	1580.5305305305305	3	1.2314720508827959	-1.721748773331254e-09	0
6283185.307179586	2338.838838838839	1	0.1327818595472241	3.2984577117545015e-10	1
6283185.307179586	703.9539539539539	4	1.0981197646443297	9.26691874517013e-10	2
6283185.307179586	815.2652652652653	3	0.6338094610573548	1.8030419076437728e-09	0
6283185.307179586	1664.014014014014	3	-0.6897502811318225	-1.7389882796064825e-09	0
6283185.307179586	2415.3653653653655	4	0.9460264192767189	-2.7511210488855733e-11	2
6283185.307179586	1385.7357357357357	1	-1.057722996192255	2.359470844283052e-10	1
6283185.307179586	2102.3023023023025	2	-0.7130012977898513	-1.4969016874335534e-09	0
6283185.307179586	808.3083083083084	3	0.7511034634737919	1.6103248912131112e-09	0
6283185.307179586	1302.2522522522522	3	0.8108470152720093	-2.7218130518554334e-10	2
6283185.307179586	690.04004004004	1	0.8593831974972077	1.5092602737370564e-09	0
6283185.307179586	2756.256256256256	4	-1.1337467898471056	1.857651495662212e-09	0
6283185.307179586	1657.0570570570571	3	-0.04903494977614886	1.899693139528152e-09	0
6283185.307179586	2874.5245245245246	3	-1.363088534429175	9.459328676919258e-10	2
6283185.307179586	1030.930930930931	4	1.2947964969579036	-1.2199159513741844e-09	2
6283185.307179586	599.5995995995996	2	-0.8776208373302552	1.928727256392335e-09	0
6283185.307179586	1670.970970970971	2	-0.4177831327711219	-1.521736513954388e-09	0
6283185.307179586	1907.5075075075076	1	0.7942126937415646	1.957376810759022e-09	0
6283185.307179586	2345.795795795796	3	-1.1344103403334866	-8.798033766311737e-11	1
6283185.307179586	1128.3283283283283	3	0.9173939438469518	-1.0211461477488627e-10	1
6283185.307179586	1316.1661661661662	4	-0.8609365923825788	-1.063518782636653e-09	0
6283185.307179586	1190.940940940941	3	-1.0473239579021159	-3.029423610280016e-10	1
6283185.307179586	1330.08008008008	4	-0.8900613814153362	-7.871401964808481e-10	0
6283185.307179586	2825.825825825826	1	1.4400078670825383	-1.4480718998362978e-09	2
6283185.307179586	2290.1401401401404	3	1.0981298133134634	-5.289830905359118e-10	1
6283185.307179586	2408.4084084084084	1	-0.285371600808509	1.0193959182616444e-09	0
6283185.307179586	1670.970970970971	3	-0.39819992478246347	1.842976977979711e-09	0
6283185.307179586	863.963963963964	3	0.9664656210034122	5.763415981623618e-10	1
6283185.307179586	2157.957957957958	3	-0.29823393673245246	-3.205358157434239e-10	2
6283185.307179586	1803.1531531531532	3	-0.3144276182384198	3.2805995531130623e-10	1
6283185.307179586	1573.5735735735736	1	0.4631593917191106	-8.072664499385925e-11	2
6283185.307179586	2025.7757757757759	4	-0.6087199180432646	-2.55277721687345e-10	2
6283185.307179586	1017.017017017017	2	-0.16407572244709456	2.3041126037356724e-10	2
6283185.307179586	2331.881881881882	2	0.41462887776345614	-9.3662711883622e-10	0
6283185.307179586	1984.034034034034	4	-0.11238543139066515	-1.3911521166610342e-09	0
6283185.307179586	1670.970970970971	3	0.6410818961417868	-1.327770632906421e-10	2
6283185.307179586	1719.6696696696697	3	-0.44165474942039595	1.2571546507800402e-09	0
6283185.307179586	1295.2952952952953	1	1.5200651857162204	-1.266868840404877e-09	2
6283185.307179586	1170.0700700700702	4	-0.48996861634978073	1.2993341185791544e-09	0
6283185.307179586	1455.3053053053054	4	0.2335854736010452	1.744717447476725e-09	0
6283185.307179586	1337.0370370370372	3	-0.5259701978804188	2.0241754502247401e-10	2
6283185.307179586	2978.878878878879	4	-1.0437636000571402	1.3081155967676562e-09	0
6283185.307179586	2102.3023023023025	2	-0.15590910014662485	1.7775770270484585e-09	0
6283185.307179586	2164.914914914915	3	0.45325746920484544	3.7758533120195156e-10	2
6283185.307179586	731.7817817817818	1	-1.2873515460695424	-5.236087450456696e-10	2
6283185.307179586	905.7057057057058	4	-0.28472826309769217	-1.650174129363428e-09	0
6283185.307179586	1121.3713713713714	1	0.049291916686483805	-5.656507629336952e-10	1
6283185.307179586	1587.4874874874874	1	0.48189930315018215	1.9736803440915492e-09	0
6283185.307179586	1914.4644644644645	1	-1.4636340187803776	-1.2310993393260554e-10	1
6283185.307179586	1337.0370370370372	1	-0.2975208573592192	-7.356509566128176e-10	0
6283185.307179586	3020.6206206206207	4	-0.9574405770342537	-7.321881777952312e-10	0
6283185.307179586	1023.973973973974	4	0.5985025562164044	1.257851996561143e-09	0
6283185.307179586	1253.5535535535537	3	-0.6121344245875475	1.4643800516188519e-09	0
6283185.307179586	1545.7457457457458	3	1.186397926166868	5.770263239210389e-10	2
6283185.307179586	2651.901901901902	1	-1.3511883035883259	1.18136527811508e-09	2
6283185.307179586	2359.70970970971	2	-1.5273398740489341	1.2226035974512322e-09	2
6283185.307179586	1670.970970970971	3	0.563122057401606	1.6647708271174944e-09	0
6283185.307179586	766.5665665665666	2	1.1971340106437722	-8.514231727527446e-10	1
6283185.307179586	2032.7327327327328	2	-0.7488998590935463	-8.625975563034955e-10	0
6283185.307179586	1747.4974974974975	3	-0.5306208435074535	-6.990168350948257e-10	0
6283185.307179586	1441.3913913913914	4	-0.7335036618720311	1.242423819878869e-10	2
6283185.307179586	1190.940940940941	1	-0.8756821752280293	1.3415672688677618e-09	0
6283185.307179586	1385.7357357357357	4	1.1625695875344308	1.7569734725195313e-09	0
6283185.307179586	2283.1831831831832	4	-1.482198403652203	1.5762380870505658e-09	2
6283185.307179586	1309.2092092092093	1	0.05734383988724745	-1.3342329860274313e-09	0
6283185.307179586	954.4044044044044	4	1.499431209975985	-1.910116529281072e-09	2
6283185.307179586	3145.845845845846	3	1.4143455765333526	5.105170443655268e-10	2
6283185.307179586	2519.7197197197197	4	0.06477732708613027	-5.794491088091172e-10	0
6283185.307179586	669.1691691691692	1	0.1408776120884223	5.394972141076418e-10	0
6283185.307179586	1531.8318318318318	3	-0.3428938341017209	1.5085002410733931e-09	0
6283185.307179586	1747.4974974974975	1	0.6350472229874637	1.4206342959443699e-09	0
6283185.307179586	1121.3713713713714	3	-1.4855822974142376	1.6115061678118294e-09	1
6283185.307179586	1072.6726726726727	1	-0.4704567705042286	3.095156741193449e-10	2
6283185.307179586	968.3183183183183	2	-1.1658992930978291	-1.389340485433578e-09	1
6283185.307179586	1615.3153153153153	4	0.5299343868707762	1.6992673765734626e-09	0
6283185.307179586	1239.6396396396397	4	-0.2616869848654324	-6.833620331876062e-10	0
6283185.307179586	1545.7457457457458	1	0.9771843246664318	-5.98781967346778e-10	1
6283185.307179586	1490.0900900900901	2	0.14407323576096442	-1.6276382609856218e-09	0
6283185.307179586	3208.4584584584586	4	-1.555359710987121	1.8543486085859903e-09	2
6283185.307179586	1691.8418418418419	3	-1.2129712281052842	-1.4370352455074187e-09	0
6283185.307179586	2735.3853853853852	1	-0.5496189199048911	-4.772524689555807e-10	1
6283185.307179586	383.93393393393393	4	-0.8522622037211355	-1.646074467758124e-09	0
6283185.307179586	2366.6666666666665	4	-0.061601618937806135	-5.614634396614257e-10	0
6283185.307179586	857.007007007007	3	-1.1477264327469214	-9.648137756625999e-10	2
6283185.307179586	2373.6236236236236	3	-0.766343835277706	4.423755149303566e-10	2
6283185.307179586	1030.930930930931	1	-0.9900117794945621	-1.6486906769331823e-09	0
6283185.307179586	2345.795795795796	4	0.5901003385797541	-1.3682890770053035e-09	0
6283185.307179586	2457.1071071071074	2	1.5162904211679114	8.41074889673384e-10	1
6283185.307179586	1803.1531531531532	2	-1.328627081734974	2.221578772992442e-10	1
6283185.307179586	1935.3353353353355	4	-0.5419439541719997	-1.0008146539990738e-09	0
6283185.307179586	3681.5315315315315	4	1.104727872274962	1.5228194916072296e-09	0
6283185.307179586	2484.934934934935	1	0.5386646160846142	1.3272029109871897e-10	2
6283185.307179586	794.3943943943945	1	-1.057502394111599	-1.296034677342365e-10	1
6283185.307179586	1719.6696696696697	3	1.2031654923349482	1.287622428197631e-09	1
6283185.307179586	1949.2492492492493	4	1.0971145979740973	-3.2618664059000147e-10	1
6283185.307179586	1768.3683683683685	3	-1.0183241723973169	1.5860109621751212e-10	1
6283185.307179586	1712.7127127127128	3	-1.3070809819789717	-1.0066176925100186e-09	2
6283185.307179586	2297.097097097097	3	-1.4572658802836738	-1.7573681028056638e-09	2
6283185.307179586	2568.4184184184187	1	1.480665617078213	1.864828432640455e-09	2
6283185.307179586	2039.6896896896897	1	0.07532554353490317	8.012139651410713e-10	0
6283185.307179586	1378.7787787787788	4	-1.0179978781897168	-8.377835033720947e-11	2
6283185.307179586	975.2752752752752	1	-0.40712364804393575	-5.255934006389467e-10	1
6283185.307179586	884.8348348348349	1	0.3418911251084078	8.313771041324132e-10	0
6283185.307179586	2283.1831831831832	3	-1.55598956153624	-1.982374022660012e-09	2
6283185.307179586	3291.941941941942	1	1.080654232968131	-1.3499535911802446e-09	0
6283185.307179586	1343.993993993994	3	-1.4115502854701865	1.1424800901675038e-10	2
6283185.307179586	1204.854854854855	4	0.05685951182444504	-1.8801491233217288e-10	2
6283185.307179586	968.3183183183183	2	0.019085741276391843	-1.6180122035731263e-09	0
6283185.307179586	1441.3913913913914	3	1.3344951849711162	8.556700769063761e-10	2
6283185.307179586	2964.964964964965	4	1.3951933716182765	1.6248329476958224e-09	2
6283185.307179586	1357.9079079079079	3	-0.21456957633132223	-4.8059807256953406e-11	2
6283185.307179586	1524.8748748748749	3	1.1115317429069327	9.466813822949611e-10	2
6283185.307179586	1997.947947947948	3	-0.49185320934013443	1.836961305113154e-09	0
6283185.307179586	2644.944944944945	1	-0.2626401217853964	1.8194690632898152e-09	0
6283185.307179586	2749.2992992992995	2	0.8216424428144542	-1.2283649268599307e-09	0
6283185.307179586	2923.223223223223	3	-0.15504976093842804	-2.8001571940385444e-10	2
6283185.307179586	1086.5865865865867	1	-0.5707321820518461	-1.1044655868760343e-09	0
6283185.307179586	1218.7687687687687	1	-1.4981967745696385	1.0104660393943874e-09	1
6283185.307179586	1316.1661661661662	4	0.32269030749330985	8.857254162779059e-10	0
6283185.307179586	2978.878878878879	1	1.2286347581327286	-5.18539934648016e-10	2
6283185.307179586	2825.825825825826	4	-0.20774541139118052	1.5243360987886727e-09	0
6283185.307179586	1719.6696696696697	3	-0.38579379770414635	-1.6055468015451628e-09	0
6283185.307179586	752.6526526526527	4	-0.6157648204584556	-1.2310377825007613e-09	0
6283185.307179586	1538.788788788789	2	-0.3258853244193123	-1.4478587142057436e-09	0
6283185.307179586	1650.1001001001002	4	-1.0889482929493517	-8.61796412998496e-10	1
6283185.307179586	1789.2392392392394	1	0.5138566515634975	-1.2025181551737649e-09	0
6283185.307179586	3431.0810810810813	1	0.6151784687908215	-4.32197346290102e-10	1
6283185.307179586	2178.828828828829	1	0.5416517521359365	-1.161411643182933e-09	0
6283185.307179586	1670.970970970971	4	-1.1599157633540154	-9.641333374083373e-10	2
6283185.307179586	3431.0810810810813	4	-1.0295035670946704	-1.5790548404744608e-10	2
6283185.307179586	1997.947947947948	2	-0.8378026928873443	1.8814613762832932e-09	0
6283185.307179586	1851.851851851852	2	0.06959028312495885	-1.52461506175437e-09	0
6283185.307179586	516.1161161161161	1	-0.8286272538907837	-1.6676224148543835e-09	1
6283185.307179586	509.1591591591592	2	1.367997893873948	7.155258011521057e-10	2
6283185.307179586	989.1891891891892	1	1.4457704295859544	-1.8594843418172494e-10	2
6283185.307179586	1636.1861861861862	3	1.5144153429310845	-2.1359515144509226e-10	2
6283185.307179586	1364.864864864865	2	0.4956002022705568	9.210988201100359e-10	0
6283185.307179586	2171.871871871872	2	0.6962969148496931	-2.8481058949513767e-11	1
6283185.307179586	1350.950950950951	3	1.0976803383224576	-1.71291898074306e-09	0
6283185.307179586	1622.2722722722724	3	-1.3796273577932519	-1.89684295471965e-09	1
6283185.307179586	1691.8418418418419	3	-0.7480881289045483	7.24439599332997e-10	0
6283185.307179586	759.6096096096096	3	-0.8830221681635138	1.2658882649444297e-09	0
6283185.307179586	2624.0740740740744	3	1.1499389186217304	6.464153204291468e-10	2
6283185.307179586	3333.6836836836837	4	-0.3311385257144761	-1.870524627454526e-09	0
6283185.307179586	1281.3813813813815	1	0.6553016528623088	-8.841855039882249e-10	0
6283185.307179586	2784.084084084084	1	0.9513911916383084	4.4172076281029327e-10	2
6283185.307179586	1281.3813813813815	3	0.505428194706457	1.0667232949628283e-09	0
6283185.307179586	2561.4614614614616	4	-0.5129440407486552	-5.588684443221043e-10	0
6283185.307179586	1316.1661661661662	3	0.10558147594489697	-9.068272317060266e-10	0
6283185.307179586	1691.8418418418419	3	-0.8813819587632437	-1.195144059470756e-09	0
6283185.307179586	1789.2392392392394	2	-1.1806704473430245	-8.718770362102167e-11	1
6283185.307179586	1170.0700700700702	4	1.023786554340501	-4.59271764597438e-10	2
6283185.307179586	2637.987987987988	3	0.08231741785179558	8.208951636568942e-10	0
6283185.307179586	1677.927927927928	3	-0.07724045971688032	-1.4475414264286997e-09	0
6283185.307179586	1469.2192192192192	1	0.562800148773237	-9.697381994921504e-10	0
6283185.307179586	1622.2722722722724	4	0.823017182428949	1.4094314930289422e-09	0
6283185.307179586	1232.6826826826828	1	-1.0874287914990055	-1.9104464245565624e-09	0
6283185.307179586	1121.3713713713714	1	0.22393446568352648	-1.3372428056754982e-09	0
6283185.307179586	1733.5835835835837	3	0.6869947021759808	-5.632685504257178e-10	1
6283185.307179586	2248.3983983983985	4	-1.4001667330304393	1.1896988380785491e-09	2
6283185.307179586	3382.3823823823823	3	0.4065458705499254	-1.798255308175398e-09	0
6283185.307179586	794.3943943943945	3	0.5634630367183315	8.100499142036131e-10	1
6283185.307179586	2178.828828828829	3	-1.3967514682509443	-1.846215648475738e-09	1
6283185.307179586	905.7057057057058	1	-0.5410701746346491	-1.7015629219466933e-09	0
6283185.307179586	1218.7687687687687	2	-0.22107804814767462	8.735680418970352e-10	0
6283185.307179586	1803.1531531531532	2	-1.0560238830076507	1.0780804578514034e-09	0
6283185.307179586	4182.4324324324325	4	0.39674844226653216	-4.862178968916041e-10	0
6283185.307179586	2290.1401401401404	2	-0.6730989087994356	-1.413119026627227e-09	0
6283185.307179586	2714.5145145145148	1	-0.18932757658900257	-7.787650684356283e-10	0
6283185.307179586	2074.474474474475	2	1.3835470482178893	-3.3621982667248625e-10	2
6283185.307179586	2338.838838838839	1	1.1928783099358706	-1.9916444823732937e-09	0
6283185.307179586	1017.017017017017	3	-1.0069479471087504	1.843418488589965e-09	0
6283185.307179586	1420.5205205205204	3	-1.3806497841389116	-1.3517398331878368e-09	2
6283185.307179586	1156.1561561561562	2	0.7415876810867115	1.105121121932995e-09	0
6283185.307179586	1504.004004004004	1	-0.04305742460458584	1.3532862190887515e-09	0
6283185.307179586	1267.4674674674675	2	0.6875887836878976	-1.595519758784846e-09	0
6283185.307179586	2603.2032032032034	1	-1.488438560616809	4.1237052222885526e-10	2
6283185.307179586	1531.8318318318318	2	-0.014395050236285067	-1.9244853408396303e-09	0
6283185.307179586	1163.113113113113	2	0.9230796504403824	-9.570630221765937e-10	1
6283185.307179586	1316.1661661661662	1	-0.11283935944620227	-8.250921474450764e-10	0
6283185.307179586	829.1791791791792	1	-1.524912872530313	1.9150536815794135e-09	2
6283185.307179586	1817.0670670670672	3	-0.8639549941546114	1.6676434596315762e-09	0
6283185.307179586	3201.5015015015015	1	0.8220069340457536	5.207651099849482e-10	1
6283185.307179586	954.4044044044044	1	-0.47924594491670525	-1.5971185296058478e-09	0
6283185.307179586	1622.2722722722724	4	-0.5066113643154562	-1.8602017945102252e-09	0
6283185.307179586	585.6856856856857	4	0.34886254575311804	-1.699250995095635e-09	0
6283185.307179586	1622.2722722722724	3	-0.1010492624546846	-1.7087719811763764e-09	0
6283185.307179586	1239.6396396396397	4	-0.32981774483428006	-1.2446317382950385e-10	2
6283185.307179586	2164.914914914915	2	1.3115319470503448	1.4214252601093306e-09	2
6283185.307179586	2380.5805805805808	4	0.08409732270698211	9.287543081952578e-11	2
6283185.307179586	1803.1531531531532	4	0.20178182409617196	-4.366999569452315e-10	0
6283185.307179586	1448.3483483483483	1	0.7705693721927211	-1.535713880708189e-09	0
6283185.307179586	2665.8158158158158	4	-0.2842531296958253	1.96833477843595e-09	0
6283185.307179586	2164.914914914915	2	0.8191315325876589	-5.09668138005317e-10	2
6283185.307179586	1357.9079079079079	3	0.1859775952652838	-1.3383326950199594e-09	0
6283185.307179586	1079.6296296296296	4	-0.17694306813114102	-1.7893308525600333e-09	0
6283185.307179586	4022.4224224224226	3	-0.8606896389644362	8.323322020978645e-11	1
6283185.307179586	1239.6396396396397	1	1.5157230153609214	1.222501146364357e-09	2
6283185.307179586	1879.6796796796798	3	0.7240742532688524	-1.0635640093673175e-09	0
6283185.307179586	947.4474474474474	4	-0.578460357286428	6.133455060024642e-10	1
6283185.307179586	2958.008008008008	4	0.56313375981598	1.915356266794467e-09	0
6283185.307179586	1197.897897897898	2	1.3927537370242664	-9.682792756195697e-10	1
6283185.307179586	954.4044044044044	1	1.0304110216038271	8.298596569335832e-10	1
6283185.307179586	884.8348348348349	1	1.1184908959667559	-8.456514535053535e-10	2
6283185.307179586	599.5995995995996	3	0.12183746579218924	-4.197218465724585e-10	1
6283185.307179586	2707.5575575575576	3	1.0191247472321852	-8.43188759912836e-10	0
6283185.307179586	2568.4184184184187	2	0.8880284290743461	-6.113060282453993e-10	1
6283185.307179586	2436.2362362362364	2	0.12456099090743944	1.877802204203998e-09	0
6283185.307179586	1775.3253253253254	1	-0.17650027103838606	9.116395004251359e-10	0
6283185.307179586	1566.6166166166167	4	-0.8832353357797872	-1.936479637635274e-09	0
6283185.307179586	2366.6666666666665	2	1.0875095700764148	1.3017561180139658e-09	0
6283185.307179586	1629.2292292292293	4	-0.5338638750272606	-1.2074062950649244e-09	0
6283185.307179586	4231.131131131131	3	0.03519335531044199	-7.986051345365581e-10	0
6283185.307179586	2707.5575575575576	3	-0.5711307455156887	-1.5409905282392035e-09	0
6283185.307179586	3118.018018018018	2	-0.006391324964292622	1.5757852596975588e-09	0
6283185.307179586	2825.825825825826	1	-1.1245982523600184	-7.87078769722824e-10	2
6283185.307179586	3201.5015015015015	1	-1.1037980861227676	8.118034574244426e-10	1
6283185.307179586	2276.226226226226	1	1.3058377849008251	-2.2760818534114074e-10	2
6283185.307179586	2804.954954954955	3	0.7045537809068603	-1.54337597925969e-09	0
6283185.307179586	1566.6166166166167	4	-0.04911959713094949	1.129041483101391e-09	0
6283185.307179586	759.6096096096096	1	0.4382763746441589	1.5110360103969615e-09	0
6283185.307179586	2672.772772772773	3	-0.15203155470918595	1.9808833470227926e-09	0
6283185.307179586	787.4374374374374	2	-1.3988807673409742	1.7013566515222073e-09	1
6283185.307179586	1559.6596596596596	3	-1.2800789961676422	-9.091945351315377e-10	1
6283185.307179586	2401.4514514514517	1	0.4576600305645733	2.8794547296799094e-10	2
6283185.307179586	1622.2722722722724	3	-0.36925332373164044	1.947238750074479e-09	0
6283185.307179586	2512.762762762763	1	0.31049783534387054	-1.4488559941990563e-10	1
6283185.307179586	870.9209209209209	3	-1.0691131007307848	3.85516874387378e-10	1
6283185.307179586	1197.897897897898	2	0.2139763124370353	8.137817353765823e-12	2
6283185.307179586	1963.1631631631633	1	0.9893843284365125	-1.5610561740710658e-09	0
6283185.307179586	2338.838838838839	2	1.1031656189355155	-1.6281036651201797e-09	0
6283185.307179586	815.2652652652653	1	-0.0696801033600527	-7.899149291658194e-10	1
6283185.307179586	1803.1531531531532	2	0.398437742019351	1.8282900822901302e-09	0
6283185.307179586	2484.934934934935	4	-1.323083032945767	-1.7809818813861308e-10	2
6283185.307179586	2477.977977977978	2	0.04965865384297685	-1.739637423962973e-09	0
6283185.307179586	662.2122122122122	1	1.0733681591921531	1.891943359264356e-09	0
6283185.307179586	3055.4054054054054	4	0.5903274557868907	-9.267849738459095e-10	0
6283185.307179586	1872.7227227227227	3	0.7974658792414488	1.7092526113968855e-09	0
6283185.307179586	2519.7197197197197	1	0.4400979643086731	-9.942120630025042e-10	0
6283185.307179586	1817.0670670670672	1	-1.5527736478240255	-1.096345326336647e-09	1
6283185.307179586	2526.676676676677	4	0.8929536194575256	-1.5177742859552656e-09	0
6283185.307179586	2304.054054054054	2	0.5613349731866872	-1.2990243154067241e-09	0
6283185.307179586	2561.4614614614616	4	0.030413802848307192	-7.202606102171707e-10	0
6283185.307179586	1364.864864864865	2	-0.34390325264701027	1.8608639884124546e-09	0
6283185.307179586	2728.4284284284286	2	1.2547616073939727	9.919364306864468e-10	1
6283185.307179586	836.1361361361362	3	0.004377179368533213	3.435833399018337e-10	1
6283185.307179586	1900.5505505505505	1	-1.3702425994520684	1.7615015111134154e-09	2
6283185.307179586	1984.034034034034	1	-0.4403688989197254	-6.202294675432669e-10	0
6283185.307179586	1573.5735735735736	2	0.9027730179424287	2.545780142785849e-10	2
6283185.307179586	1705.755755755756	4	-0.5958544048914102	1.5377147800673117e-09	0
6283185.307179586	488.2882882882883	3	0.5663205055314484	7.626903253245378e-10	1
6283185.307179586	4022.4224224224226	3	0.9543674107223152	1.255002081419378e-09	0
6283185.307179586	2540.5905905905906	1	-0.6983255466353373	1.9152316140516015e-09	0
6283185.307179586	1830.980980980981	4	-1.214025099736411	4.3058688220548604e-10	2
6283185.307179586	2665.8158158158158	3	-0.22021616225121732	4.325590373479091e-10	1
6283185.307179586	1907.5075075075076	1	-1.234564580703064	-1.327673318090724e-09	1
6283185.307179586	1462.2622622622623	3	0.13621241991576993	-3.9749935511674604e-10	2
6283185.307179586	1476.176176176176	2	0.7978742631187883	1.9190453241157614e-09	0
6283185.307179586	822.2222222222223	2	-1.194746992332829	4.529357053206215e-10	2
6283185.307179586	1483.1331331331332	2	-0.6531298328590555	-5.895018596112012e-10	1
6283185.307179586	1782.2822822822823	4	-1.0767883483398826	1.097837292298015e-09	0
6283185.307179586	1865.7657657657658	3	-0.18905303860038525	-1.5747358137603937e-09	0
6283185.307179586	2255.3553553553556	2	0.434755244239025	1.826772503013454e-09	0
6283185.307179586	1615.3153153153153	1	-0.027661024072376472	8.977878817234599e-10	0
6283185.307179586	2248.3983983983985	3	0.2606223638830947	1.4562027761086413e-09	0
6283185.307179586	2804.954954954955	4	0.8816806301013891	1.1809087665885387e-10	1
6283185.307179586	836.1361361361362	2	0.7255912468319434	-8.459611533571834e-10	2
6283185.307179586	1030.930930930931	4	0.26214470622512565	5.872555549196738e-10	1
6283185.307179586	773.5235235235235	3	0.8088894101911803	7.457157925785555e-10	1
6283185.307179586	1364.864864864865	2	-1.1493134250460475	2.530059521872662e-10	1
6283185.307179586	2756.256256256256	1	-1.180096429931645	-1.8529280363473612e-09	0
6283185.307179586	1399.6496496496497	1	0.16584984023805083	-5.536875940961777e-10	2
6283185.307179586	2109.259259259259	3	0.6622482162027774	-1.5676112399763504e-09	0
6283185.307179586	2888.4384384384384	3	-0.4098798539091286	-3.2501611997689257e-10	1
6283185.307179586	2262.3123123123123	3	-0.13937562544125814	-1.8664986906442094e-09	0
6283185.307179586	3354.5545545545547	2	-0.8945180997995242	-3.666830999748818e-10	2
6283185.307179586	1378.7787787787788	3	-1.0219012349932095	1.6548172014778568e-09	0
6283185.307179586	2067.5175175175173	3	-0.5196290883417991	1.665425812865609e-09	0
6283185.307179586	1796.1961961961963	3	-0.6348786050354405	3.9183776812812125e-10	1
6283185.307179586	411.76176176176176	1	0.2471461978830376	-3.6672618249448657e-10	0
6283185.307179586	1037.887887887888	3	0.10163081466866064	-1.1787725382799158e-09	0
6283185.307179586	2004.904904904905	1	-0.9371327161753786	-1.5990984629656337e-10	2
6283185.307179586	4203.303303303303	4	0.32591939887725796	1.606767351784013e-09	0
6283185.307179586	2457.1071071071074	1	-1.352180894342159	-7.566614007033014e-10	2
6283185.307179586	2144.0440440440443	2	-0.22682669744163864	7.273132250524683e-10	0
6283185.307179586	2081.4314314314315	3	-0.5781719609825096	2.742373975368903e-10	2
6283185.307179586	850.0500500500501	4	-1.3844360992785754	8.798540070616724e-10	2
6283185.307179586	1810.11011011011	1	1.2977254263460174	-1.5418587567577454e-09	2
6283185.307179586	2860.610610610611	2	-0.6800967550790872	-4.1432794847304643e-10	2
6283185.307179586	2519.7197197197197	3	-0.14664728857126064	1.4239114714526566e-09	0
6283185.307179586	1524.8748748748749	4	-0.48108494711150085	-1.6705384230183054e-10	2
6283185.307179586	1524.8748748748749	2	1.3692043826822218	3.968746939172392e-10	1
6283185.307179586	1810.11011011011	1	-0.6979566911977654	-1.0752283056603735e-09	0
6283185.307179586	3187.5875875875877	1	0.1407768942194021	-1.025196723730447e-09	0
6283185.307179586	550.900900900901	1	1.4282014283505249	1.5679279125635307e-09	2
6283185.307179586	1371.821821821822	1	-1.0808589037010288	1.0797104369176513e-09	0
6283185.307179586	1712.7127127127128	3	0.4817463862481124	-7.536548888189927e-10	0
6283185.307179586	397.84784784784785	1	0.7255607251694616	-1.138467165885612e-09	2
6283185.307179586	1337.0370370370372	1	-0.7897306031208802	4.2267214249923417e-10	2
6283185.307179586	3104.1041041041044	3	0.18909445421103133	-1.6176348060793662e-09	0
6283185.307179586	1594.4444444444446	2	-0.5252361517256736	4.865622404187193e-10	1
6283185.307179586	2637.987987987988	4	-0.042051978812345014	-1.7866036882281993e-09	0
6283185.307179586	2130.13013013013	4	-0.7531916128677013	7.551507339228296e-10	0
6283185.307179586	1323.1231231231232	1	-0.9313197793272701	-1.342701763921879e-09	0
6283185.307179586	2617.1171171171172	2	-0.605998544986658	-1.2638686409090866e-10	2
6283185.307179586	1371.821821821822	1	0.5499419753197721	1.0485291288190247e-09	0
6283185.307179586	536.986986986987	2	0.33145743465633615	1.8468407323698844e-09	0
6283185.307179586	599.5995995995996	1	0.8103557942865773	-1.7572401241616486e-09	2
6283185.307179586	2018.818818818819	4	1.3093697938666136	-9.475994186829238e-10	2
6283185.307179586	606.5565565565565	2	-0.4319155963514638	-1.781909814305335e-09	0
6283185.307179586	1629.2292292292293	3	-1.1347327221262777	1.6613593849742827e-09	0
6283185.307179586	2797.997997997998	3	1.5644672256535288	1.6119788233587096e-09	2
6283185.307179586	2366.6666666666665	2	1.3125915243111277	1.6513464666563696e-09	0
6283185.307179586	3410.2102102102103	2	-0.39249946408352776	-9.872910625365177e-10	0
6283185.307179586	112.61261261261262	2	-0.2458789039882161	-4.462527425638409e-10	0
6283185.307179586	655.2552552552553	2	-0.07568220280750615	-7.035922945821733e-10	2
6283185.307179586	1267.4674674674675	1	0.09968651164456155	-5.343561330971682e-10	2
6283185.307179586	1065.7157157157158	1	0.9875147342176591	1.407151757630796e-09	0
6283185.307179586	634.3843843843844	2	-0.5521927439927312	1.5587942544467346e-09	0
6283185.307179586	1726.6266266266266	1	0.797816334904681	-1.8862699962429096e-09	0
6283185.307179586	2004.904904904905	3	-0.5776345743931569	-1.9308266028891e-09	0
6283185.307179586	1768.3683683683685	3	0.035683755579735355	8.137975128122831e-10	0
6283185.307179586	1385.7357357357357	3	-0.20814902521810197	2.790883355765534e-10	2
6283185.307179586	989.1891891891892	4	0.2973490031014179	6.1685520482085e-10	2
6283185.307179586	968.3183183183183	2	0.900237064720975	4.1275724822248283e-10	2
6283185.307179586	2756.256256256256	1	1.0345782211647832	3.813949463409984e-10	2
6283185.307179586	1740.5405405405406	4	0.8232464380300479	-6.922971550846363e-11	1
6283185.307179586	2081.4314314314315	1	-0.6163977865299906	-4.827239631129036e-10	1
6283185.307179586	1740.5405405405406	3	0.761202942543393	-3.9493758352701837e-10	2
6283185.307179586	411.76176176176176	4	0.7854389154640713	1.5191648831162377e-10	0
6283185.307179586	2130.13013013013	2	-0.4166088087032258	-1.6730502426842999e-09	0
6283185.307179586	801.3513513513514	3	0.4835321398733248	-1.9787140007633977e-09	0
6283185.307179586	2276.226226226226	3	-1.4804557129704905	1.5529656481179628e-09	2
6283185.307179586	1837.937937937938	2	0.5935560113984759	-1.5963534298788984e-09	0
6283185.307179586	2046.6466466466468	1	-0.33851811809592336	-8.249424454670159e-10	0
6283185.307179586	2505.805805805806	2	-0.9698222643361991	1.5921549620615937e-09	0
