axial trapping frequency (MHz) 	 velocity(m/s) 	 ion collided with 	 angle(rads) 	 collision offset(m) 	 reorder? (1 is reorder 2 is ejection) 
6283185.307179586	1030.930930930931	4	-1.1723612080245691	7.525226986325433e-11	1
6283185.307179586	2728.4284284284286	1	1.12658481841253	1.097814183271809e-09	0
6283185.307179586	481.33133133133134	1	-0.6090254185260299	1.4506666931658794e-09	0
6283185.307179586	1928.3783783783783	5	1.4424389674408062	-1.989366654098769e-09	2
6283185.307179586	1274.4244244244244	1	-0.2068074331103158	-1.5047047952436669e-09	0
6283185.307179586	1107.4574574574574	4	-1.1700919343712708	6.077166684879617e-10	2
6283185.307179586	1837.937937937938	5	1.0735144835012527	-8.240155299598823e-10	1
6283185.307179586	1879.6796796796798	1	0.22337894447449713	-1.6505916721329075e-09	0
6283185.307179586	516.1161161161161	1	-0.1818945066249027	2.49779054662179e-10	0
6283185.307179586	1872.7227227227227	1	1.1032103271761828	-1.9527779252683437e-10	2
6283185.307179586	2944.094094094094	2	1.3042092591444514	-6.969209389024864e-10	2
6283185.307179586	1629.2292292292293	1	-0.9700842179093394	1.3855305663259716e-09	0
6283185.307179586	1392.6926926926926	2	-1.5384951539026335	5.396190620768894e-10	1
6283185.307179586	390.8908908908909	5	1.3547241773082246	-1.440021532332145e-09	2
6283185.307179586	2109.259259259259	3	-1.4455695094893375	-1.878502456420415e-09	1
6283185.307179586	919.6196196196197	5	-1.2142072022045625	-7.032223675418612e-10	2
6283185.307179586	1434.4344344344345	2	-1.125886151038101	-1.5989553374569808e-09	0
6283185.307179586	2971.921921921922	1	-1.4221346588965265	1.3278626594185399e-09	2
6283185.307179586	1622.2722722722724	4	0.6370292663731001	1.75835248552225e-09	0
6283185.307179586	1817.0670670670672	2	1.5674895061041307	6.003069160869571e-10	2
6283185.307179586	1490.0900900900901	5	-1.3930173335911626	-1.5991064716169814e-09	2
6283185.307179586	2046.6466466466468	2	-0.5136292201064183	-2.359169304778361e-10	2
6283185.307179586	2853.6536536536537	5	-1.4799563466091759	-1.215520243990425e-09	1
6283185.307179586	2157.957957957958	1	-0.29431246693213	1.440810115507435e-09	0
6283185.307179586	2408.4084084084084	2	1.5466263364864132	7.997593898541955e-10	1
6283185.307179586	3431.0810810810813	4	0.9997458798640655	-2.3623962448625662e-11	1
6283185.307179586	1629.2292292292293	3	1.3053649133007128	-1.1342556704585043e-09	2
6283185.307179586	2366.6666666666665	2	0.9574359119583491	-1.2380155649553563e-09	0
6283185.307179586	836.1361361361362	3	-1.3748615774245365	-1.074822823495241e-09	1
6283185.307179586	2185.7857857857857	1	0.7201744806651869	-1.0567424593416486e-09	0
6283185.307179586	954.4044044044044	1	-0.3685460692386091	-1.02171057583078e-09	0
6283185.307179586	1935.3353353353355	2	0.40010373884441996	2.82632034799991e-10	2
6283185.307179586	1274.4244244244244	3	0.5982569692946971	-1.542924057775675e-10	2
6283185.307179586	2283.1831831831832	1	-0.383112052546982	-1.0888308598178697e-09	0
6283185.307179586	3104.1041041041044	2	-0.7520764145093655	-8.401416183306698e-10	0
6283185.307179586	1879.6796796796798	1	0.5458903315137196	-1.959408767702174e-09	0
6283185.307179586	2401.4514514514517	1	0.08547510952134085	-1.2438375770264002e-09	0
6283185.307179586	2839.73973973974	5	1.5250815841392127	-1.921872556216465e-09	1
6283185.307179586	1469.2192192192192	4	1.0473477014342136	1.3789831905295884e-09	0
6283185.307179586	1594.4444444444446	1	-0.7041887381283382	-1.0236593728909425e-10	2
6283185.307179586	968.3183183183183	3	0.35864692483259053	1.6176820702302466e-09	0
6283185.307179586	676.1261261261261	3	1.2415406933377788	-1.6582940433946517e-09	2
6283185.307179586	1309.2092092092093	5	1.5067218655160288	8.390487372837863e-10	2
6283185.307179586	2742.3423423423424	2	1.0015340546956932	6.858858515412702e-10	1
6283185.307179586	495.24524524524526	5	-0.619771079974885	-5.282620972147338e-10	0
6283185.307179586	1330.08008008008	3	-0.5809162739390265	-1.5174298419203152e-09	0
6283185.307179586	1594.4444444444446	3	-1.4509869490977831	6.758396957452616e-10	1
6283185.307179586	1343.993993993994	1	-0.2538193089689329	-1.6802239697998234e-10	1
6283185.307179586	1309.2092092092093	3	-1.1744452289499787	1.290732836681179e-09	1
6283185.307179586	1851.851851851852	4	-0.3759675995651621	-1.287592715978019e-09	0
6283185.307179586	1441.3913913913914	3	1.3604115077056322	1.8892489267667283e-09	1
6283185.307179586	1211.8118118118118	4	0.7027374148582766	1.8797522512270126e-09	0
6283185.307179586	1441.3913913913914	4	0.7772105366141155	-1.7229169012181673e-09	0
6283185.307179586	829.1791791791792	1	1.3471348363479771	3.5463675886809263e-10	2
6283185.307179586	1204.854854854855	2	-0.9344708253168004	-4.0384871607202253e-10	2
6283185.307179586	1830.980980980981	3	1.0315853783624878	-1.0645503396593239e-10	1
6283185.307179586	759.6096096096096	1	-1.055674029762412	-1.7903566093303969e-09	2
6283185.307179586	2178.828828828829	5	-1.050893811451545	6.740272346694845e-10	2
6283185.307179586	3118.018018018018	2	1.0418825450788471	1.783691353223408e-09	0
6283185.307179586	1629.2292292292293	4	0.7442056667432442	-1.5709185683577084e-09	0
6283185.307179586	1399.6496496496497	4	0.7364656883633649	5.46428847865009e-10	2
6283185.307179586	2269.2692692692694	3	1.5703498384827905	-1.619009218913254e-09	0
6283185.307179586	1065.7157157157158	4	-0.9685870918232173	2.9622737353668514e-10	1
6283185.307179586	780.4804804804805	1	-1.0371465281944716	5.193295698798885e-10	2
6283185.307179586	1719.6696696696697	4	-0.3614319201129319	-4.552900364353377e-10	1
6283185.307179586	1984.034034034034	1	-0.5775293435361566	-1.2540963723830629e-09	0
6283185.307179586	1615.3153153153153	5	-0.06577319216654831	-1.398616124628789e-10	1
6283185.307179586	2526.676676676677	3	1.2036275813484463	7.450832706897855e-10	2
6283185.307179586	975.2752752752752	2	0.292484927552352	3.613476721179868e-10	2
6283185.307179586	1371.821821821822	5	-1.499848693523049	-1.984061047068175e-09	2
6283185.307179586	2032.7327327327328	2	-0.5207528272436412	-1.1467177446483367e-09	0
6283185.307179586	1350.950950950951	1	-0.9612501635142261	-1.6074777593103604e-09	0
6283185.307179586	2067.5175175175173	1	1.2766196314091651	-5.2768592542221884e-11	2
6283185.307179586	571.7717717717718	3	0.027111987579373054	-8.158228194634645e-10	0
6283185.307179586	2387.5375375375374	2	-1.3825579628624565	1.5187233745618194e-09	2
6283185.307179586	2443.193193193193	2	-0.8411250397792126	-8.675789495444475e-10	0
6283185.307179586	2352.7527527527527	5	0.6126681811644215	1.5536646970109755e-09	0
6283185.307179586	1879.6796796796798	1	-0.4195459039303482	1.428916342088817e-09	0
6283185.307179586	724.8248248248249	4	-1.5414749262164118	1.012906756761923e-09	1
6283185.307179586	1330.08008008008	1	-1.050067752830521	-1.3144658806790602e-09	0
6283185.307179586	1197.897897897898	5	0.570379678867623	9.80135305899187e-11	2
6283185.307179586	1580.5305305305305	5	0.6904981385265403	-1.938908295728888e-09	0
6283185.307179586	1142.2422422422424	5	-1.5164492262430345	-1.0639829577472377e-09	2
6283185.307179586	2777.127127127127	2	1.4058486213851897	9.634222806603757e-10	1
6283185.307179586	2359.70970970971	2	1.3787225612642082	-1.8315693479247526e-09	2
6283185.307179586	2262.3123123123123	2	-1.5159352515940037	9.151588221269627e-10	2
6283185.307179586	1197.897897897898	5	-0.6382065709941842	-6.558355297826149e-10	0
6283185.307179586	2707.5575575575576	2	0.8127879874000992	1.062080552928692e-09	0
6283185.307179586	2617.1171171171172	5	-0.7964096493101552	3.570650573365783e-10	1
6283185.307179586	2046.6466466466468	3	-0.297053180276978	1.1774248894855478e-10	2
6283185.307179586	2373.6236236236236	5	1.4497775335891507	8.38537003899282e-11	1
6283185.307179586	1142.2422422422424	5	0.35867492409653634	-6.097911324609063e-10	0
6283185.307179586	1636.1861861861862	2	-0.9813381009444553	-1.4944284033055815e-09	0
6283185.307179586	1121.3713713713714	1	0.013603074819979133	-1.9510544047701983e-09	0
6283185.307179586	1538.788788788789	4	-0.3800981608806082	-1.0886553636846891e-09	0
6283185.307179586	2582.3323323323325	4	0.3622787727701944	-1.9394777603209237e-09	0
6283185.307179586	745.6956956956957	3	0.1706885681248531	1.5379849295772833e-09	0
6283185.307179586	2484.934934934935	4	1.0186637565767578	1.246586962012519e-10	1
6283185.307179586	655.2552552552553	5	-1.10016879165362	-8.802820607012679e-10	0
6283185.307179586	1253.5535535535537	3	0.43818647512402054	-1.581530688622495e-09	0
6283185.307179586	2053.603603603604	3	-0.8274588978268151	-1.411273567663098e-10	2
6283185.307179586	1677.927927927928	1	-0.3775072835342408	-1.0906815269272157e-09	0
6283185.307179586	1037.887887887888	5	1.077710834738654	-1.5971615547135096e-10	1
6283185.307179586	1830.980980980981	2	-1.3338767748450908	-1.341273194042438e-09	2
6283185.307179586	2004.904904904905	2	-0.30652798810554516	-7.808015314853126e-10	0
6283185.307179586	3152.802802802803	4	-0.6232607733475192	1.139902187203604e-09	0
6283185.307179586	2554.5045045045044	3	-0.1031700838531131	-7.597828349115146e-10	0
6283185.307179586	1190.940940940941	1	-0.7655892900280783	-1.880402752550073e-09	0
6283185.307179586	1490.0900900900901	2	0.12697063070083692	1.993923881050525e-09	0
6283185.307179586	460.46046046046047	4	-1.358649765033446	1.4313532077607572e-09	1
6283185.307179586	1587.4874874874874	1	1.5239977017146038	1.3371908105156728e-10	2
6283185.307179586	2589.289289289289	1	-0.6276284028910215	-1.4949124738297007e-09	0
6283185.307179586	1559.6596596596596	1	-0.733999700764124	2.3710207079365773e-10	2
6283185.307179586	2081.4314314314315	3	0.4770967997873896	-1.0339187202508313e-09	0
6283185.307179586	1364.864864864865	1	-1.317933810905238	1.7787671266428311e-09	1
6283185.307179586	863.963963963964	4	0.8214395428106016	-5.596785054036465e-10	1
6283185.307179586	2123.1731731731734	4	-0.02431506296872521	1.288772687848225e-09	0
6283185.307179586	2484.934934934935	3	0.47998229409685766	-1.3388947560240263e-09	0
6283185.307179586	2276.226226226226	1	-1.3738718500216875	-1.0179480673984343e-10	1
6283185.307179586	850.0500500500501	1	0.014841407695943554	1.962090732180882e-09	0
6283185.307179586	3006.706706706707	3	-1.1379741683662465	-1.4254192655075123e-09	0
6283185.307179586	1747.4974974974975	3	-1.3813491520891417	-2.9121391764349764e-10	1
6283185.307179586	2220.5705705705705	3	0.7953242699354113	1.122184681476491e-09	0
6283185.307179586	1434.4344344344345	1	-0.8427260901652237	-4.835958697091057e-11	1
6283185.307179586	1608.3583583583584	5	-0.1923757512575197	-1.2705476310590798e-09	0
6283185.307179586	2192.742742742743	5	-0.6677583408591259	1.6037343121005281e-09	0
6283185.307179586	2860.610610610611	2	0.9324992909443548	-1.9737632281650182e-09	0
6283185.307179586	2192.742742742743	1	-0.8591455562092263	1.0253336071730602e-09	0
6283185.307179586	1580.5305305305305	3	0.04399464983027257	-4.5366527324859983e-10	1
6283185.307179586	2971.921921921922	3	1.2201222186288394	5.492656294048397e-10	1
6283185.307179586	1677.927927927928	3	0.48019393989956516	-1.6611668545491217e-10	1
6283185.307179586	1733.5835835835837	5	-1.1303108472268	7.117120432343083e-10	2
6283185.307179586	1441.3913913913914	2	-1.0444959723928164	-1.463431536106448e-09	0
6283185.307179586	1545.7457457457458	1	-0.10371254130588836	-6.38063534224838e-10	1
6283185.307179586	1559.6596596596596	2	-0.17778850625688203	1.8405431456395895e-09	0
6283185.307179586	1253.5535535535537	3	-0.48407023218497236	2.2419121445923105e-10	2
6283185.307179586	2290.1401401401404	4	0.4191915592355171	4.3592165626970147e-10	1
6283185.307179586	3980.680680680681	2	0.9265263628724143	1.5010793424839774e-09	0
6283185.307179586	1399.6496496496497	3	-1.555903582743577	1.7156385929762275e-09	1
6283185.307179586	2317.967967967968	2	-0.4029492216582793	-1.9629594253005443e-09	0
6283185.307179586	1552.7027027027027	3	0.516977357876383	-1.2604788870424809e-09	0
6283185.307179586	1942.2922922922924	3	-0.9480724617072707	-6.18599702332658e-10	1
6283185.307179586	690.04004004004	2	0.23619044945925483	1.2868843217245146e-09	0
6283185.307179586	1997.947947947948	4	-0.6953881961376791	1.6245786661883433e-09	0
6283185.307179586	717.8678678678679	3	0.7482325443264157	5.126887804585415e-10	2
6283185.307179586	2144.0440440440443	1	1.1123119564175692	-8.840827471399111e-10	2
6283185.307179586	1476.176176176176	5	0.9844610737240442	-1.2850397205298596e-09	0
6283185.307179586	2227.5275275275276	2	-1.2413086888236267	8.804941300460861e-10	2
6283185.307179586	1406.6066066066066	5	-0.11005968238122055	9.879747827442081e-10	0
6283185.307179586	1177.027027027027	1	1.1472248378217729	-1.7915233950419692e-09	0
6283185.307179586	2749.2992992992995	2	-0.18242471619496214	1.7011520440693705e-09	0
6283185.307179586	1364.864864864865	4	-1.126191556607806	-5.647482881418599e-10	1
6283185.307179586	2978.878878878879	4	1.23823313933562	-1.209281793829238e-09	1
6283185.307179586	1531.8318318318318	2	-0.8647222929464486	1.0120905208122118e-09	0
6283185.307179586	2144.0440440440443	2	1.539779603163276	-1.1441219621623074e-09	1
6283185.307179586	3653.703703703704	4	-1.2003846087469854	7.162753015866185e-10	2
6283185.307179586	1267.4674674674675	1	-0.016933812228214773	6.085432722734711e-10	0
6283185.307179586	1747.4974974974975	4	0.9525355107563525	1.2161650577938025e-09	0
6283185.307179586	1239.6396396396397	3	-0.04541952634192703	1.0027609567327314e-09	0
6283185.307179586	1483.1331331331332	2	-1.1016386041298507	-3.186133566461549e-10	1
6283185.307179586	2297.097097097097	2	-1.5433438855194792	7.706280558945334e-10	1
6283185.307179586	912.6626626626627	4	0.05379868028990731	-1.603237765457052e-09	0
6283185.307179586	1079.6296296296296	4	-0.9861539338047368	1.217138293760425e-09	0
6283185.307179586	2095.3453453453453	4	0.022134000675778642	-1.375900536889303e-09	0
6283185.307179586	2331.881881881882	5	0.5470268559740146	-7.405907088281079e-10	0
6283185.307179586	1455.3053053053054	3	-0.22644862284114153	1.6173042982560476e-10	1
6283185.307179586	3257.157157157157	1	-1.2235421542695686	6.230024625306675e-10	2
6283185.307179586	1935.3353353353355	4	0.6280210801872599	2.4390640761063066e-10	2
6283185.307179586	1469.2192192192192	1	-0.7913481099480998	1.2136152230704502e-09	0
6283185.307179586	1559.6596596596596	3	-0.0968251180058477	1.0044213863388845e-09	0
6283185.307179586	954.4044044044044	2	0.3465096562828822	-1.3397860675073066e-09	0
6283185.307179586	2206.6566566566567	1	-1.119395484930035	-1.0807110397342006e-09	1
6283185.307179586	1399.6496496496497	2	0.5408242454402523	1.6500095859895283e-09	0
6283185.307179586	1691.8418418418419	4	-1.323020708853407	1.3752867670683532e-09	1
6283185.307179586	3048.4484484484487	5	-0.36957561591761423	9.694685126762636e-10	0
6283185.307179586	2477.977977977978	3	0.13345781869765005	3.1819136430985167e-10	2
6283185.307179586	627.4274274274275	5	-0.028293582636380155	1.7497788132068361e-09	0
6283185.307179586	780.4804804804805	5	0.746814556252382	1.3492855200013275e-09	1
6283185.307179586	1017.017017017017	2	1.3104113345898507	-1.4623412504488798e-09	2
6283185.307179586	3785.885885885886	2	1.3691333973181017	1.3285260116724086e-09	2
6283185.307179586	641.3413413413414	2	1.0618090974827856	3.120327538346404e-10	1
6283185.307179586	1434.4344344344345	3	1.0011318705529004	-1.7303818456744608e-09	0
6283185.307179586	2081.4314314314315	4	1.1831337066097016	-3.793274352888463e-10	2
6283185.307179586	1851.851851851852	3	-0.6891081013157182	-3.2829516731993335e-10	2
6283185.307179586	1956.2062062062062	5	-1.1832394499393382	-8.994478550581838e-10	2
6283185.307179586	1879.6796796796798	1	1.5136619709611563	-4.1099112659431287e-10	1
6283185.307179586	933.5335335335336	5	-0.1376839404016479	-9.744592808470723e-10	0
6283185.307179586	2721.4714714714714	3	1.5410951305366374	-3.0438827607256114e-10	2
6283185.307179586	2644.944944944945	5	1.463616398036455	1.7976534769653805e-09	1
6283185.307179586	1594.4444444444446	1	0.4738662047255975	-1.0687250199009375e-09	0
6283185.307179586	2825.825825825826	2	1.268813597584114	-1.3613353905384136e-09	1
6283185.307179586	1921.4214214214214	3	-0.8024805250528441	1.9037530942853308e-10	1
6283185.307179586	1650.1001001001002	5	-1.0843373835340204	9.823147323312186e-10	1
6283185.307179586	1142.2422422422424	4	0.4795850960695094	-9.573705329425222e-10	0
6283185.307179586	1733.5835835835837	4	-0.7828547438576076	7.288253537329834e-10	0
6283185.307179586	1378.7787787787788	2	0.8785549674170228	-1.8287431202872187e-09	0
6283185.307179586	3062.3623623623625	5	0.9134354686632595	-6.832265717154251e-10	0
6283185.307179586	1100.5005005005005	3	-1.430265082253098	-1.7829330631198764e-09	2
6283185.307179586	1510.960960960961	5	-0.10372101436584402	8.829458659573832e-10	0
6283185.307179586	1977.077077077077	5	0.4728489902166819	-1.3450078232473166e-09	0
6283185.307179586	1837.937937937938	5	-0.32726531468714937	1.615510109842299e-09	0
6283185.307179586	2770.1701701701704	5	0.8191600325461446	1.659659312882349e-09	0
6283185.307179586	2937.1371371371374	5	-0.14706184523888055	-1.4315615967248698e-09	0
6283185.307179586	975.2752752752752	4	-0.9769899633345335	-1.0646782559098448e-09	0
6283185.307179586	251.75175175175175	4	-0.6473830712946353	1.9751930148698456e-09	2
6283185.307179586	1086.5865865865867	1	-0.00014600668325015498	-5.357768096422508e-10	0
6283185.307179586	989.1891891891892	3	0.590978564904983	-5.877751659338824e-10	1
6283185.307179586	940.4904904904905	2	-0.36786906752239124	1.1112495992081683e-09	0
6283185.307179586	1441.3913913913914	5	-0.8721829656341108	-1.4887209443413055e-09	0
6283185.307179586	863.963963963964	2	0.9193374087003763	1.357848173841111e-09	0
6283185.307179586	2185.7857857857857	3	1.0709347145254062	-7.425303290050415e-10	1
6283185.307179586	1190.940940940941	4	0.11367574881341103	-8.664487490208792e-10	0
6283185.307179586	1615.3153153153153	2	0.4243166071735063	-1.151652729719495e-09	0
6283185.307179586	2964.964964964965	2	-0.8139674047616884	-1.9310873509164216e-09	0
6283185.307179586	1914.4644644644645	5	-0.9387583646210932	8.700890617298954e-10	1
6283185.307179586	2512.762762762763	4	0.504161379912508	-1.0646780448952483e-09	0
6283185.307179586	655.2552552552553	1	-1.3718330632997462	-3.8936221418964407e-10	2
6283185.307179586	3312.812812812813	2	-0.5445716095764808	5.150971959823688e-10	0
6283185.307179586	550.900900900901	3	0.35657303236536686	4.376210205572302e-11	1
6283185.307179586	794.3943943943945	1	0.05474439633829986	7.6156573542686e-10	0
6283185.307179586	1420.5205205205204	3	-1.3597657328442674	-3.0103874764956943e-10	2
6283185.307179586	2046.6466466466468	2	0.5558428765897703	-2.1555985288069534e-10	1
6283185.307179586	2331.881881881882	2	-1.495649934494592	1.6526686414935035e-09	1
6283185.307179586	2714.5145145145148	1	-0.08411123702748768	-6.236487480371261e-11	2
6283185.307179586	766.5665665665666	5	-1.3306873290414012	6.762603183283785e-11	2
6283185.307179586	530.03003003003	5	1.1624069975768134	4.4483445603441675e-11	2
6283185.307179586	1413.5635635635635	4	0.6787234410499883	6.525341103246125e-11	1
6283185.307179586	571.7717717717718	5	0.5767182582510246	1.8887745473734783e-09	2
6283185.307179586	766.5665665665666	1	-1.1937658580206933	-7.713880290905836e-10	1
6283185.307179586	1079.6296296296296	5	1.5194636340153447	1.952492546290281e-09	2
6283185.307179586	2735.3853853853852	1	0.2775109808994225	2.7319727539891386e-10	2
6283185.307179586	1810.11011011011	4	-1.3949397456660233	8.372001416780891e-10	1
6283185.307179586	1392.6926926926926	4	-0.06380666561591108	-8.360164371303484e-10	0
6283185.307179586	2909.3093093093094	3	-1.4471487225215873	-5.384682934087813e-10	2
6283185.307179586	912.6626626626627	3	0.29318898776815616	1.9006605031148343e-09	0
6283185.307179586	1232.6826826826828	5	-1.3965522345025538	6.571233610125075e-10	2
6283185.307179586	4690.290290290291	2	1.1189583621464378	1.4548851227980665e-09	0
6283185.307179586	3674.574574574575	3	-1.017952499078032	8.271783233269734e-10	0
6283185.307179586	1705.755755755756	3	-0.8309652265201367	1.032804267270114e-09	0
6283185.307179586	2944.094094094094	3	-0.28908819812771824	-1.3391387814416432e-09	0
6283185.307179586	2144.0440440440443	5	0.40524057160822946	-3.905387379637739e-10	1
6283185.307179586	2220.5705705705705	2	-0.38465349070357124	1.1181763449652168e-10	1
6283185.307179586	474.3743743743744	5	-1.3473715920836447	-5.359105454487834e-10	2
6283185.307179586	1615.3153153153153	4	0.5493446334771934	1.7428802188106733e-09	0
6283185.307179586	1427.4774774774776	5	0.4333895126100451	-8.79928168789792e-10	0
6283185.307179586	2032.7327327327328	5	-0.6029836809995668	-8.825494549234585e-10	0
6283185.307179586	397.84784784784785	1	1.4819111110228533	-6.244038292031911e-10	2
6283185.307179586	3424.124124124124	3	1.256662080886907	8.681697964759912e-10	1
6283185.307179586	1371.821821821822	3	0.16053705960823028	-1.6127191349674994e-09	0
6283185.307179586	1747.4974974974975	1	-1.0700200628465615	-1.260558989832213e-09	0
6283185.307179586	1003.1031031031031	3	-0.6161079495807811	-4.8367810762772064e-11	1
6283185.307179586	2902.352352352352	3	-0.6460507906417028	-1.2122439695103282e-10	1
6283185.307179586	321.3213213213213	5	0.7718399435921217	1.6881782083417708e-09	0
6283185.307179586	2345.795795795796	5	1.2896524131257623	1.057933495269934e-09	2
6283185.307179586	2484.934934934935	4	-1.5347370971891519	-3.120783296985425e-11	1
6283185.307179586	1190.940940940941	2	1.4668108365873973	1.7339610226274773e-09	1
6283185.307179586	1858.8088088088089	5	-0.4119716799829598	-2.5013194830592733e-10	2
6283185.307179586	1538.788788788789	4	0.27103574859309565	1.5785899375808174e-09	0
6283185.307179586	1142.2422422422424	4	-0.9456815244881892	9.829762455635821e-10	1
6283185.307179586	2408.4084084084084	5	0.3685921516471897	-1.3029189437044884e-09	0
6283185.307179586	1872.7227227227227	3	-0.8499979733275856	1.6010795274336628e-09	0
6283185.307179586	1928.3783783783783	2	-0.16677718624770366	7.06735069762658e-10	0
6283185.307179586	2137.087087087087	5	0.34087343375508494	-1.0594501513917845e-09	0
6283185.307179586	1128.3283283283283	5	-1.3658100449164325	-9.170178634214496e-10	2
6283185.307179586	1177.027027027027	3	1.1523483299970954	1.38599956115073e-09	0
6283185.307179586	550.900900900901	5	0.6185784710868534	9.83539799205819e-10	1
6283185.307179586	3549.3493493493493	2	-0.875553404292353	-9.237986505138132e-11	2
6283185.307179586	1448.3483483483483	2	-0.7769238126005183	1.8609297558578628e-09	0
6283185.307179586	1246.5965965965966	3	0.9509272310522761	-7.75454822997188e-10	2
6283185.307179586	1754.4544544544544	4	-1.413836166315649	-1.2424644765400751e-09	1
6283185.307179586	2853.6536536536537	3	0.9415700828016234	-1.066778636484913e-11	2
6283185.307179586	2700.6006006006005	5	-0.784942818344637	-6.567892813255493e-10	0
6283185.307179586	2526.676676676677	5	-1.157243134809868	7.063407940512989e-10	2
6283185.307179586	1615.3153153153153	2	1.3924952267910844	-1.0544728112319688e-11	2
6283185.307179586	843.0930930930931	5	-0.1442473278005234	6.792625287828611e-10	2
6283185.307179586	2679.72972972973	3	-0.32260696747529516	1.876469693828456e-09	0
6283185.307179586	1705.755755755756	4	0.17900183603690656	-1.2591078214528141e-09	0
6283185.307179586	1183.983983983984	3	0.09525743951693855	1.91294052304897e-09	0
6283185.307179586	2644.944944944945	2	-0.8912780006680745	-3.327683493143731e-10	1
6283185.307179586	1309.2092092092093	2	1.4024693469293457	1.3176738552925928e-09	1
6283185.307179586	968.3183183183183	3	0.27783856089879144	7.697122596524766e-10	0
6283185.307179586	2157.957957957958	2	0.24069918715465	9.723151561115842e-10	0
6283185.307179586	1350.950950950951	1	1.4877394019672359	-1.1111645323705921e-09	2
6283185.307179586	2617.1171171171172	4	1.173867423702609	-1.8118892153583983e-09	0
6283185.307179586	1670.970970970971	4	-0.46022583388499383	1.984711632847331e-09	0
6283185.307179586	1490.0900900900901	5	1.4673492873446188	-1.2974192568967658e-09	1
6283185.307179586	1023.973973973974	3	-0.13145174566063145	1.331903446325506e-09	0
6283185.307179586	1434.4344344344345	5	1.0194474373537066	-8.031926722371479e-10	1
6283185.307179586	1608.3583583583584	4	0.7840327584843929	-1.2176503043206602e-09	0
6283185.307179586	1420.5205205205204	5	0.6486855398174534	-1.8091316932164172e-09	0
6283185.307179586	1448.3483483483483	5	1.2953704084769204	-1.4613043122403906e-09	2
6283185.307179586	460.46046046046047	2	0.19504686689854855	1.2572639867556848e-09	0
6283185.307179586	1677.927927927928	1	-1.4371399504992586	-7.319270890705809e-10	1
6283185.307179586	2937.1371371371374	1	0.1808428530516093	-1.2549087257305975e-09	0
6283185.307179586	1350.950950950951	4	0.19498370292991107	6.289618289375382e-10	0
6283185.307179586	884.8348348348349	1	-0.2668886606666978	1.197181034348101e-09	0
6283185.307179586	1865.7657657657658	3	1.2231819812555234	-1.2048746631615896e-09	2
6283185.307179586	1253.5535535535537	2	-1.064957149536058	6.131747944035228e-10	2
6283185.307179586	738.7387387387388	3	-1.021707234698723	1.227434035979786e-10	2
6283185.307179586	1698.7987987987988	3	-1.1601214426782671	-3.268703194572834e-10	1
6283185.307179586	1559.6596596596596	3	-1.1492930241749568	1.2208454025118747e-10	1
6283185.307179586	787.4374374374374	5	-1.2521657816991805	1.2149259200208603e-09	2
6283185.307179586	4078.0780780780783	1	0.5015109246352165	-4.800943353945634e-10	0
6283185.307179586	1079.6296296296296	4	0.36249465802765113	3.7499203703121296e-10	2
6283185.307179586	1385.7357357357357	4	0.8592518473414135	-2.3845016375005063e-10	2
6283185.307179586	717.8678678678679	2	-0.8432349352216009	-5.072166465405857e-10	1
6283185.307179586	1142.2422422422424	3	-0.032863663218482	9.243352556349564e-10	0
6283185.307179586	2366.6666666666665	2	0.007417297453463645	-1.916224327069181e-09	0
6283185.307179586	2290.1401401401404	5	-0.9783428696871752	-1.9313146188325925e-09	0
6283185.307179586	731.7817817817818	1	0.4762652553190838	1.4556432866425162e-09	0
6283185.307179586	1956.2062062062062	1	-1.3644984142674983	8.532029969470447e-10	1
6283185.307179586	1455.3053053053054	1	-0.5926141660499568	9.378804275011338e-10	0
6283185.307179586	585.6856856856857	1	-0.5286092742044968	6.46895286839858e-10	0
6283185.307179586	3737.187187187187	1	-0.3253387617271559	5.355612708776066e-10	0
6283185.307179586	2185.7857857857857	5	1.133536014060185	-1.5737811157735462e-09	0
6283185.307179586	1733.5835835835837	4	-0.27952265276357124	-9.851329773744517e-10	0
6283185.307179586	2185.7857857857857	1	-0.9505160464155877	-8.966835820018737e-10	0
6283185.307179586	891.7917917917919	3	-1.1623479104858787	-2.1869522970379193e-10	2
6283185.307179586	1295.2952952952953	1	-0.29569325780060973	1.8218839738522306e-09	0
6283185.307179586	2213.613613613614	3	0.13380498686010633	-1.4223338572302176e-09	0
6283185.307179586	982.2322322322323	3	-1.2889954432315258	6.63840784703429e-10	2
6283185.307179586	2053.603603603604	5	-0.049056081221375614	-7.514967493235134e-10	0
6283185.307179586	1086.5865865865867	4	1.4267034844659374	-1.4192081265259637e-09	2
6283185.307179586	2422.322322322322	3	0.7885801284263159	-1.8178386642615433e-09	0
6283185.307179586	1010.0600600600601	2	-0.9557981964167511	9.119023756209037e-10	0
6283185.307179586	4474.624624624625	4	0.4851995403555214	1.028408817680375e-09	0
6283185.307179586	1183.983983983984	4	-0.9586186616363125	6.36201641586586e-10	1
6283185.307179586	1921.4214214214214	5	-0.9116175083228578	1.1542058730902594e-09	0
6283185.307179586	669.1691691691692	1	-1.5306333453001209	-1.8187787428654099e-09	1
6283185.307179586	1399.6496496496497	2	-0.1027176911153922	-1.6963546202470395e-09	0
6283185.307179586	1545.7457457457458	1	-0.7478095256428275	-1.001424965557192e-09	0
6283185.307179586	2777.127127127127	3	0.9706756496313895	-1.723216181084388e-10	1
6283185.307179586	2130.13013013013	2	0.6647935875300268	1.848362675222094e-09	0
6283185.307179586	2053.603603603604	5	-0.9224879506708934	7.945441102476706e-10	1
6283185.307179586	773.5235235235235	4	-0.3386086010718161	9.00178234155785e-10	1
6283185.307179586	1406.6066066066066	1	0.14520583922191066	-2.6293159639691244e-10	1
6283185.307179586	2060.5605605605606	1	0.17351902123613394	-1.0050017419826519e-09	0
6283185.307179586	1030.930930930931	4	1.5359489255021317	2.7085149000763567e-10	1
6283185.307179586	1810.11011011011	4	0.3012867852022263	2.660675626373636e-10	1
6283185.307179586	1587.4874874874874	4	1.3798886342078291	-1.8869437968245174e-09	2
6283185.307179586	2199.6996996997	3	-0.9256672544056341	-1.3336216359259283e-09	0
6283185.307179586	1170.0700700700702	5	-0.5922186057335759	-1.6112029101641427e-09	0
6283185.307179586	592.6426426426426	2	-0.31039760167216834	9.312833290680241e-10	0
6283185.307179586	1657.0570570570571	1	-0.7408463312270813	-1.742072850115263e-10	1
6283185.307179586	1664.014014014014	5	-1.3762225763288265	1.027382666898535e-09	2
6283185.307179586	2025.7757757757759	2	0.951053578682139	-1.7323432960812536e-09	0
6283185.307179586	1858.8088088088089	4	-1.3617039048028885	-1.7317929357791338e-09	2
6283185.307179586	2686.6866866866867	1	-0.47314414455625364	6.229702516894292e-11	2
6283185.307179586	599.5995995995996	1	-0.02329839530876021	1.5744763696768519e-09	0
6283185.307179586	1170.0700700700702	4	0.3150043771537727	1.3630687934169918e-09	0
6283185.307179586	3159.75975975976	3	-0.6140256045658318	-1.0083980074189289e-09	0
6283185.307179586	1023.973973973974	1	-0.033571344860744645	2.898501740380107e-11	2
6283185.307179586	2484.934934934935	1	-1.4196490296939677	1.9580087514134705e-09	2
6283185.307179586	1156.1561561561562	5	-1.2140532837564306	-1.936684380038709e-09	0
6283185.307179586	3027.577577577578	1	1.441961924950958	8.888050442661263e-10	2
6283185.307179586	2679.72972972973	3	-0.3181567060979902	-1.7601213368746557e-09	0
6283185.307179586	1886.6366366366367	3	-1.2699615324474256	1.0474117446332e-09	1
6283185.307179586	1197.897897897898	3	-1.534329748589782	1.8635040823819816e-09	1
6283185.307179586	1232.6826826826828	2	0.6694702529454855	1.6198754307248403e-09	0
6283185.307179586	2874.5245245245246	5	0.8152463176885583	1.264128688251506e-09	0
6283185.307179586	1350.950950950951	3	-0.9525200968721387	6.394377845300969e-10	1
6283185.307179586	1065.7157157157158	1	-0.7186528339935938	9.370292821892722e-10	0
6283185.307179586	1197.897897897898	5	-1.498002159194156	2.482662414428865e-10	2
6283185.307179586	1163.113113113113	5	0.6612117208299195	-7.012511713308057e-10	0
6283185.307179586	2443.193193193193	4	0.8888546838145626	1.6491569916833119e-09	0
6283185.307179586	1497.047047047047	3	-1.0019025981769774	2.9173317019115983e-10	1
6283185.307179586	2317.967967967968	3	-0.4545547140712052	6.715372433888325e-10	0
6283185.307179586	1204.854854854855	1	0.5716473403970923	1.9191684296502965e-09	0
6283185.307179586	2791.041041041041	1	-0.7422359271608643	-9.56707976241863e-10	0
6283185.307179586	2144.0440440440443	2	-0.7584692769294659	8.047719988733942e-10	0
6283185.307179586	2888.4384384384384	4	-0.2713609690713965	-1.4295598849332113e-09	0
6283185.307179586	1142.2422422422424	2	1.377629481830939	-8.330094698120405e-10	2
6283185.307179586	738.7387387387388	2	0.7446988498046694	-1.5625915306702753e-09	0
6283185.307179586	1023.973973973974	3	0.01609114037894832	-1.2188385696759027e-09	0
6283185.307179586	1385.7357357357357	4	0.7290304659373397	1.3607429275566892e-09	0
6283185.307179586	1330.08008008008	5	-0.4433139985230108	8.223835010704909e-10	0
6283185.307179586	1837.937937937938	5	-1.3341701097676504	7.819092614089684e-10	2
6283185.307179586	2088.388388388388	3	-1.5086941906647324	1.7252155774941665e-09	1
6283185.307179586	2276.226226226226	2	0.8467881905613717	-1.6627036265081481e-09	0
6283185.307179586	926.5765765765766	3	-1.3165288295844484	-1.0177951343513945e-09	1
6283185.307179586	968.3183183183183	4	-0.5792801550031502	-2.7745952335716993e-10	2
6283185.307179586	2046.6466466466468	2	1.0690937932069273	-1.8402046762753026e-09	0
6283185.307179586	982.2322322322323	1	-0.38404373750708465	1.7688167833219675e-09	0
6283185.307179586	2610.16016016016	3	0.7121424558422067	-7.481203132245941e-10	0
6283185.307179586	1677.927927927928	1	-0.3826830823019629	-1.572656986743624e-09	0
6283185.307179586	2895.3953953953956	1	0.6231330473537255	-1.5155965855960138e-09	0
6283185.307179586	898.7487487487488	4	0.665647806534313	-9.604828487138897e-10	0
6283185.307179586	2130.13013013013	5	-1.2079824901528542	-2.740689306835482e-10	2
6283185.307179586	836.1361361361362	1	-0.19559266992722146	-1.6734903130268887e-09	0
6283185.307179586	1914.4644644644645	4	0.9875733311640773	9.320156571247714e-10	0
6283185.307179586	3472.822822822823	3	-1.2509755067048072	1.0118648177285896e-09	1
6283185.307179586	843.0930930930931	4	-1.5377116349861724	-1.3283298572648317e-09	1
6283185.307179586	1044.8448448448448	5	-0.47332398688586075	-5.63118253321635e-10	0
6283185.307179586	1281.3813813813815	1	-0.12767877292652674	-4.2580269438686936e-10	2
6283185.307179586	836.1361361361362	5	-0.6627417722191121	-2.305153723255211e-10	1
6283185.307179586	2262.3123123123123	4	0.9325785235633108	-1.269061637855311e-09	0
6283185.307179586	3771.971971971972	3	1.1510594154581608	-1.0113742377971439e-09	0
6283185.307179586	1350.950950950951	1	0.9812585731194794	3.0134413689124014e-10	2
6283185.307179586	2415.3653653653655	5	0.5553162764457102	-1.47299021230447e-09	0
6283185.307179586	822.2222222222223	5	1.5650519045555127	1.2328041934010933e-09	1
6283185.307179586	926.5765765765766	1	-0.5492047559779738	-1.267025657790137e-09	0
6283185.307179586	1907.5075075075076	5	0.2955245986839665	-6.253917865279011e-12	2
6283185.307179586	961.3613613613613	5	-0.7882060842423974	-1.2211428340936107e-09	0
6283185.307179586	1580.5305305305305	5	-0.3336391049364891	-1.620823689467594e-09	0
6283185.307179586	1552.7027027027027	3	-0.15556872309909164	-3.391945808922738e-10	1
6283185.307179586	1225.7257257257259	1	-0.8203595870279099	-4.288848595754264e-10	1
6283185.307179586	2081.4314314314315	4	-1.2761259143244044	3.7484980588628645e-10	2
6283185.307179586	1949.2492492492493	4	-0.18823616438034008	7.317529525492741e-10	0
6283185.307179586	1524.8748748748749	2	0.0008751296663846997	-1.5441826524901457e-09	0
6283185.307179586	3152.802802802803	4	0.5387826312788717	-1.0828734025484428e-09	0
6283185.307179586	1608.3583583583584	2	0.9911116403238132	-9.130522674895691e-10	1
6283185.307179586	1865.7657657657658	4	0.4136104839357373	2.810161419946833e-10	1
6283185.307179586	1907.5075075075076	2	0.15067851338883198	1.2714396873809832e-09	0
6283185.307179586	1956.2062062062062	4	-0.6643461405147494	4.397228443953392e-10	1
6283185.307179586	2860.610610610611	1	-0.10308120124828979	1.1575454744470796e-09	0
6283185.307179586	1698.7987987987988	4	-1.1763827237739637	1.5067919229970596e-09	0
6283185.307179586	1051.801801801802	1	1.1034482080121868	-4.957685376922055e-10	2
6283185.307179586	940.4904904904905	1	-1.467264124782437	-5.080946004888537e-11	2
6283185.307179586	850.0500500500501	4	-1.1716875303554617	3.828962541432737e-10	1
6283185.307179586	1427.4774774774776	4	-1.1882513751128652	1.2910982310779123e-09	2
6283185.307179586	1636.1861861861862	4	-0.5877101994146717	-8.528454038284363e-10	0
6283185.307179586	1594.4444444444446	4	0.12074827215750639	-5.771938870434461e-10	0
6283185.307179586	780.4804804804805	5	0.7948956376617602	-3.402228713813046e-10	2
6283185.307179586	1900.5505505505505	1	0.09824790975845343	1.7419896072578303e-09	0
6283185.307179586	2603.2032032032034	4	-0.09485841339887591	-1.290112376159305e-09	0
6283185.307179586	669.1691691691692	5	-1.3468220027905526	1.878655430937446e-09	2
6283185.307179586	696.996996996997	3	1.1480440916974506	9.572260896439366e-10	2
6283185.307179586	1719.6696696696697	1	-1.369165770170572	-9.126975234731813e-10	2
6283185.307179586	1817.0670670670672	2	1.449709471873537	-9.15486554634572e-10	1
6283185.307179586	2144.0440440440443	2	0.1688969836050329	1.7569556772530766e-09	0
6283185.307179586	530.03003003003	2	0.27366522816081473	7.022157028820072e-10	0
6283185.307179586	2457.1071071071074	5	1.2646634329962207	9.951656843442469e-10	2
6283185.307179586	2067.5175175175173	5	1.356121197810611	-1.2914535812439158e-09	2
6283185.307179586	1657.0570570570571	5	-1.5622069926080713	-1.1899729562083763e-09	2
6283185.307179586	2255.3553553553556	4	0.6962235230780749	1.5925966705398453e-09	0
6283185.307179586	3340.640640640641	2	0.8541057795117135	1.6042514962646105e-09	0
6283185.307179586	1058.7587587587586	3	0.09954131052028159	1.0413782029703028e-09	0
6283185.307179586	3069.319319319319	1	1.3545448908127309	7.054322190215265e-10	2
6283185.307179586	1921.4214214214214	4	0.9641688978737077	-1.2269213241428342e-09	0
6283185.307179586	836.1361361361362	2	-0.16837420366498912	5.212607553544647e-10	0
6283185.307179586	731.7817817817818	1	-1.5499409240418058	6.341640003165639e-10	2
6283185.307179586	1810.11011011011	3	1.1156884063764183	1.3146042005835892e-10	2
6283185.307179586	3403.253253253253	3	0.8204082866789477	-4.1514351163500644e-10	2
6283185.307179586	1295.2952952952953	1	1.2882034705921237	-1.6031528609076418e-09	1
6283185.307179586	2825.825825825826	4	-0.8605231845217978	1.5232544201336256e-11	2
6283185.307179586	2547.5475475475478	1	-0.3401630578280799	1.0199752819303278e-09	0
6283185.307179586	724.8248248248249	3	0.12569592449443934	1.497272989902465e-09	0
6283185.307179586	2526.676676676677	4	-0.8345617749742623	1.830286853513898e-10	1
6283185.307179586	975.2752752752752	2	1.382662081775762	9.220743961652011e-10	2
6283185.307179586	1942.2922922922924	4	-0.8596029178829123	5.368429327287923e-10	2
6283185.307179586	1643.143143143143	4	1.49126627935017	1.7297963534238168e-09	1
6283185.307179586	1997.947947947948	1	1.1035627309624991	7.969240023406244e-10	1
6283185.307179586	1037.887887887888	2	0.08925442737439893	-1.5590322797690638e-09	0
6283185.307179586	1079.6296296296296	5	1.121348631116152	1.030896683049759e-09	2
6283185.307179586	2380.5805805805808	4	1.4750520848624222	-1.04016692687442e-09	2
6283185.307179586	1977.077077077077	5	-1.5487410145340352	7.366745712858601e-10	2
6283185.307179586	1385.7357357357357	5	0.36143256429464876	-1.978585550678203e-09	0
6283185.307179586	564.8148148148148	2	1.2969919895683	-1.933572454311117e-09	2
6283185.307179586	1462.2622622622623	5	1.094904462732984	3.7066048166727197e-10	2
6283185.307179586	3347.5975975975975	2	1.2258180973656816	-9.23300251877846e-10	1
6283185.307179586	1810.11011011011	4	-0.2152949519882208	1.853343263270274e-09	0
6283185.307179586	710.910910910911	4	0.05110187206470029	1.9801510623689102e-09	0
6283185.307179586	1956.2062062062062	2	-0.1960577923641984	-1.3952565631487502e-09	0
6283185.307179586	1462.2622622622623	5	-1.3460383424973013	1.5906153610971236e-09	1
6283185.307179586	1615.3153153153153	3	0.8516926446211368	8.698102009095876e-10	0
6283185.307179586	1970.1201201201202	5	-0.2838895168237656	1.6743436299792308e-10	2
6283185.307179586	2436.2362362362364	3	1.2066813432978871	2.88701619035123e-10	1
6283185.307179586	2568.4184184184187	2	-0.8002052661713861	-5.610036827942096e-10	1
6283185.307179586	2025.7757757757759	2	0.14667650177202862	-6.112265221821444e-10	0
6283185.307179586	752.6526526526527	2	-0.39306866693238285	-1.120408417020523e-10	2
6283185.307179586	1914.4644644644645	1	0.31904784350738336	-1.5413633666484154e-09	0
6283185.307179586	2540.5905905905906	3	-0.41523588975057724	1.7344671193819001e-09	0
6283185.307179586	1858.8088088088089	3	0.1470108143319746	1.4541137610464205e-09	0
6283185.307179586	2568.4184184184187	4	1.4222394748517768	1.4265184151087253e-09	2
6283185.307179586	2290.1401401401404	5	-0.11245587271674129	1.768114869144716e-09	0
6283185.307179586	1058.7587587587586	5	-1.126607534445972	1.4950192691104735e-09	1
6283185.307179586	543.943943943944	2	-1.4140921039306433	-6.652727986059165e-10	1
6283185.307179586	1107.4574574574574	4	0.3731915244665194	1.485997048097413e-09	0
6283185.307179586	2018.818818818819	3	1.4260664200129693	2.352167461523224e-10	1
6283185.307179586	2241.4414414414414	1	1.303446929396039	1.6871998380021366e-09	0
6283185.307179586	2130.13013013013	2	0.7178953975969034	-1.0750401258180763e-09	0
6283185.307179586	1476.176176176176	5	-0.4276001786520549	-1.214833168218625e-09	0
6283185.307179586	989.1891891891892	3	0.5065918066265453	-9.909899401130705e-10	0
6283185.307179586	1406.6066066066066	4	-1.2925588217071304	-1.0762983985599309e-09	2
6283185.307179586	731.7817817817818	5	0.8118022002395202	-1.2146260180506985e-09	0
6283185.307179586	2220.5705705705705	1	1.5686881057425617	1.678749518414888e-09	1
6283185.307179586	1190.940940940941	3	1.127387913686667	1.309107150669293e-09	1
6283185.307179586	2770.1701701701704	2	1.2442506374579212	-7.630351556273976e-10	1
6283185.307179586	1914.4644644644645	3	0.866743095862172	-9.650207169991165e-10	0
6283185.307179586	564.8148148148148	2	1.1718126535262354	-1.6781478415966992e-09	1
6283185.307179586	1337.0370370370372	2	0.4287343573572455	6.803158073997765e-10	0
6283185.307179586	2471.021021021021	1	-0.12545451715056832	-8.101865865107265e-10	0
6283185.307179586	1865.7657657657658	1	1.0419137750639864	1.6976635607293097e-09	0
6283185.307179586	2046.6466466466468	4	0.36590278468079585	8.097973919148056e-10	0
6283185.307179586	1601.4014014014015	5	-1.0747415914693141	-1.9642484270563756e-10	1
6283185.307179586	3382.3823823823823	1	-0.46762729223542077	-1.4631922680577578e-09	0
6283185.307179586	1900.5505505505505	5	-0.11799047748480374	1.8604572692248996e-09	0
6283185.307179586	1817.0670670670672	2	-0.5714729037352703	-4.1144209431391686e-10	2
6283185.307179586	1719.6696696696697	3	0.8854072152005621	1.9827356180389864e-10	1
6283185.307179586	2276.226226226226	5	0.811378847910357	-9.903007887230455e-10	0
6283185.307179586	2116.2162162162163	1	1.4781420442859416	4.8856477501295e-10	2
6283185.307179586	1225.7257257257259	4	1.4873526482133923	-6.940768414876342e-10	1
6283185.307179586	2018.818818818819	2	0.21730711532848712	-1.7628063817540506e-09	0
6283185.307179586	940.4904904904905	5	1.0296114767692766	-2.8734623024124723e-10	2
6283185.307179586	1879.6796796796798	1	-1.1313648248454662	1.3071224513429317e-09	0
6283185.307179586	1775.3253253253254	1	0.2426422357262139	-1.1887591718619457e-09	0
6283185.307179586	919.6196196196197	3	-1.5378780139269104	9.520074962014455e-10	2
6283185.307179586	2818.868868868869	5	-0.8449106140436357	6.122273118543775e-10	1
6283185.307179586	1928.3783783783783	4	0.471216635862576	1.2430282192149493e-09	0
6283185.307179586	2512.762762762763	1	-0.5518272402856523	1.12955759793716e-09	0
6283185.307179586	2992.792792792793	5	-0.43510300287563664	-1.3980329397934158e-09	0
6283185.307179586	1364.864864864865	3	1.2636429470638055	1.22784733165793e-09	1
6283185.307179586	1079.6296296296296	5	-0.8368694452689202	1.728040442566907e-09	0
6283185.307179586	1726.6266266266266	1	0.5087083885835595	-1.5807108292148474e-09	0
6283185.307179586	3250.2002002002005	2	-0.7339302234249709	6.861320068757575e-10	0
6283185.307179586	1371.821821821822	5	0.08961772912147792	-1.5843411806517112e-09	0
6283185.307179586	1469.2192192192192	4	1.0063161663035318	1.1557885972024857e-09	0
6283185.307179586	2554.5045045045044	1	1.1977741689342998	-2.426058602248645e-10	2
6283185.307179586	2324.924924924925	3	1.1515573443636185	4.37293598251871e-10	2
6283185.307179586	2095.3453453453453	3	0.7786562838060149	-7.299116687870279e-10	0
6283185.307179586	1316.1661661661662	2	0.19367674961497805	-1.5964280670510297e-09	0
6283185.307179586	773.5235235235235	3	-1.3465761936246925	-1.5120596314590573e-10	2
6283185.307179586	2832.7827827827828	2	-0.5145269034531428	1.0543564872763113e-09	0
6283185.307179586	1824.0240240240241	4	0.008708368524042553	-5.876529082909477e-10	0
6283185.307179586	961.3613613613613	4	-0.3345093469375462	1.7468046171897495e-09	0
6283185.307179586	2116.2162162162163	1	-1.2795424421310575	-1.1102522234368318e-09	2
6283185.307179586	2109.259259259259	5	0.6958425216445798	-1.7558653930520768e-10	2
6283185.307179586	2046.6466466466468	3	-0.3989061349128933	1.4921024680793672e-10	1
6283185.307179586	1997.947947947948	5	-0.5859653859287733	1.6615273420255472e-09	0
6283185.307179586	2039.6896896896897	3	-0.098870148734864	8.013242141544648e-11	1
6283185.307179586	2707.5575575575576	1	-0.23655123630390773	-1.9042910767447073e-09	0
6283185.307179586	1469.2192192192192	2	0.20077778922453882	6.894029902279867e-11	2
6283185.307179586	2756.256256256256	5	0.35766647006124064	9.483041882849373e-10	0
6283185.307179586	3458.908908908909	1	-1.4849500855338698	7.073484566003983e-10	1
6283185.307179586	1705.755755755756	2	0.9645166186443852	-7.072485888202295e-10	1
6283185.307179586	1086.5865865865867	5	-0.8382124888739679	-1.3081583540137945e-09	0
6283185.307179586	2443.193193193193	3	-1.167018111298836	8.755413668213845e-11	2
6283185.307179586	891.7917917917919	1	-0.15817046336380503	-8.691033797228035e-10	2
6283185.307179586	1239.6396396396397	5	0.19886072865683935	-1.1063454765544014e-09	0
6283185.307179586	1670.970970970971	1	-0.528111965571904	-3.910697666493101e-10	2
6283185.307179586	676.1261261261261	1	-0.19330030629173356	1.7087823205342933e-09	0
6283185.307179586	2971.921921921922	4	0.3701106086253174	-1.1057054787501156e-09	0
6283185.307179586	2213.613613613614	5	0.7072012838433768	1.2706982747367742e-11	1
6283185.307179586	989.1891891891892	2	0.11995334700846283	3.3069333024116613e-10	1
6283185.307179586	1684.884884884885	1	1.4622033373053949	-1.6896951686755815e-09	2
6283185.307179586	3062.3623623623625	1	1.2010686049027397	-1.6353400942466965e-09	0
6283185.307179586	1789.2392392392394	5	-0.6098400327968743	1.3701685338502291e-09	0
6283185.307179586	2707.5575575575576	4	-0.9229723462674833	1.878826740444663e-09	0
6283185.307179586	1330.08008008008	4	-1.3912962576356904	-3.9119515279726836e-10	2
6283185.307179586	2457.1071071071074	2	0.22156486304244072	-4.2792906053625306e-10	1
6283185.307179586	2311.011011011011	2	-0.6506855023829875	1.2641677542660726e-09	0
6283185.307179586	2227.5275275275276	2	0.5756688047282341	-1.2291373396237138e-09	0
6283185.307179586	2450.1501501501502	2	-0.9577744124684793	-1.67745163725272e-09	0
6283185.307179586	2234.4844844844847	3	0.2518966095618276	6.32876891719766e-10	0
6283185.307179586	1510.960960960961	2	-1.4998689686132902	1.4974082487270513e-09	2
6283185.307179586	2686.6866866866867	4	-0.5162668041706118	1.9531891541546615e-09	0
6283185.307179586	1121.3713713713714	3	0.5963258386702437	-9.205576886628214e-11	2
6283185.307179586	1691.8418418418419	5	-0.6500465316798819	2.1388686135314966e-10	2
6283185.307179586	2338.838838838839	4	0.6143722648842904	1.048494071004326e-09	0
6283185.307179586	968.3183183183183	1	1.56553504089114	1.8292077141616173e-09	2
6283185.307179586	1281.3813813813815	5	0.07602220821988426	2.950819791779722e-10	2
6283185.307179586	1434.4344344344345	5	0.994487151117271	-1.0625099229428736e-10	1
6283185.307179586	1670.970970970971	4	-0.25493206141119984	-7.518290388576761e-10	0
6283185.307179586	1135.2852852852852	2	-0.3597665172005273	-5.715260344361002e-10	2
6283185.307179586	1323.1231231231232	4	-0.07995076798955436	-5.838766933833788e-10	0
6283185.307179586	877.877877877878	5	-1.3281511265375245	-1.0956071928754554e-09	2
6283185.307179586	1462.2622622622623	3	-0.024715207832133546	1.5158232290467657e-10	1
6283185.307179586	1538.788788788789	4	-1.383630817596539	-1.392832288143232e-09	1
6283185.307179586	1163.113113113113	2	1.1628567228713331	-7.148936961079588e-10	1
6283185.307179586	2575.3753753753754	5	0.3367557001137942	1.2035910270406044e-09	0
6283185.307179586	627.4274274274275	2	1.4451775035693237	-6.167951524534891e-10	2
6283185.307179586	1768.3683683683685	3	1.4805836930376626	-7.821381770110855e-10	2
6283185.307179586	2519.7197197197197	1	-0.23557341025924017	9.057176711342381e-10	0
6283185.307179586	2589.289289289289	5	0.35735723970981237	1.4763464051488046e-10	1
6283185.307179586	2693.643643643644	3	0.9850804984255284	-5.267086191218522e-10	2
6283185.307179586	2011.8618618618618	1	-1.12165696050167	-8.350556097247518e-10	1
6283185.307179586	2464.064064064064	3	-0.12719100896987268	1.572774124203539e-09	0
6283185.307179586	2512.762762762763	4	0.34983120208863716	-1.922579919458133e-09	0
6283185.307179586	1476.176176176176	2	-0.29122471816084006	1.327542760027149e-09	0
6283185.307179586	2617.1171171171172	5	1.0270027060950855	-6.793885509033545e-10	1
6283185.307179586	947.4474474474474	1	-1.5150186250939202	1.850924070708061e-09	2
6283185.307179586	1865.7657657657658	5	0.8778893194931565	1.8362378149045687e-09	0
6283185.307179586	1698.7987987987988	3	1.4347240753807702	7.580451125466974e-10	2
6283185.307179586	1023.973973973974	4	-1.1312527804437653	1.6137792230808011e-09	0
6283185.307179586	1615.3153153153153	4	-1.1327055464114855	-7.269162833444752e-10	2
6283185.307179586	2123.1731731731734	3	0.9225298467741472	-1.8773102916771867e-09	0
6283185.307179586	1796.1961961961963	5	0.711188075292915	-1.6766326542512218e-09	0
6283185.307179586	2951.051051051051	3	-0.06849563945792925	-9.33869308162016e-10	0
6283185.307179586	1434.4344344344345	2	1.4539407177316765	-1.1180976935587741e-09	2
6283185.307179586	1316.1661661661662	4	-1.2053750822553733	4.6098072283865607e-10	1
6283185.307179586	1295.2952952952953	1	1.347223458101424	-1.0582839825550107e-09	2
6283185.307179586	1504.004004004004	3	1.519383767538662	-1.610600587212229e-09	2
6283185.307179586	1260.5105105105106	1	1.1884460307347573	4.944123849266005e-10	2
6283185.307179586	1420.5205205205204	4	0.7414148736020425	-1.5251699553513376e-09	0
6283185.307179586	3034.5345345345345	1	0.30365513996423443	9.876664835815243e-10	0
6283185.307179586	808.3083083083084	1	0.1700497167629682	1.8342157495676887e-09	0
6283185.307179586	1865.7657657657658	4	-0.48646991031479825	1.961981092199403e-09	0
6283185.307179586	1135.2852852852852	3	-1.1541373776917028	-7.061553780791057e-10	2
6283185.307179586	947.4474474474474	3	0.6651831154847248	-1.4810220554600345e-10	2
6283185.307179586	2283.1831831831832	4	-0.5388345633247484	-9.735905022502639e-10	0
6283185.307179586	2283.1831831831832	4	1.2826252119798038	-6.013318941288178e-10	1
6283185.307179586	2311.011011011011	5	0.08368025478971886	1.879141423324364e-09	0
6283185.307179586	1740.5405405405406	1	0.7190373564568668	-8.425729545057413e-10	0
6283185.307179586	1037.887887887888	4	1.130908192849811	1.8910552276322107e-09	0
6283185.307179586	1413.5635635635635	5	0.7077968475248291	-1.1702676851759346e-09	0
6283185.307179586	1323.1231231231232	1	-0.6902349212073915	-2.364293551286881e-10	2
6283185.307179586	1462.2622622622623	4	-0.6543724143766927	-1.910777380549292e-09	0
6283185.307179586	2297.097097097097	5	1.0797267459091429	-9.407591317390947e-10	0
6283185.307179586	731.7817817817818	2	0.4035254513954818	-1.148058046805491e-09	0
6283185.307179586	1990.9909909909911	5	-0.34858201876860906	5.604774809310928e-10	1
6283185.307179586	300.4504504504505	2	0.8108003559852826	5.329653668068644e-10	0
6283185.307179586	1601.4014014014015	1	0.947411706401819	1.4104083217329461e-09	0
6283185.307179586	1420.5205205205204	1	-0.1034287827542506	1.7688435903899217e-09	0
6283185.307179586	2227.5275275275276	5	-0.2993321094741088	-6.076641518932287e-11	1
6283185.307179586	2130.13013013013	4	-1.079564712071786	-2.04503240528062e-11	1
6283185.307179586	1559.6596596596596	2	-0.19864298657912527	1.5062521590806057e-09	0
6283185.307179586	1830.980980980981	3	0.7120682682179948	1.6892715854732948e-09	0
6283185.307179586	1455.3053053053054	4	0.08797896547766904	-2.4488598099709452e-11	1
6283185.307179586	2157.957957957958	1	-1.1353807764510246	-9.052956431341466e-10	2
6283185.307179586	3333.6836836836837	3	1.0631075418259983	1.4077826332135286e-09	0
6283185.307179586	1274.4244244244244	3	-0.5991571667511425	-3.617167626649978e-10	2
6283185.307179586	2039.6896896896897	5	-1.4369300239650986	-4.5295224404472607e-10	2
6283185.307179586	2686.6866866866867	5	-0.32404495388772037	-1.7798668730160216e-09	0
6283185.307179586	780.4804804804805	1	0.796766529608778	-4.6565828052895596e-10	2
6283185.307179586	773.5235235235235	5	-0.5250667911868367	-1.996622217386022e-10	1
6283185.307179586	530.03003003003	1	1.0625397004173784	-1.5996208947034339e-09	2
6283185.307179586	1761.4114114114116	2	0.3080737533219564	-1.0708388097258368e-09	0
6283185.307179586	2596.2462462462463	5	-0.28350040174854074	1.1245277262902236e-09	0
6283185.307179586	1636.1861861861862	5	-0.7051416574906191	-1.2733686255141268e-09	0
6283185.307179586	1455.3053053053054	2	1.2324265652533946	-2.4486003383860137e-10	2
6283185.307179586	2714.5145145145148	5	-0.5251404678878127	6.997508311902119e-10	0
6283185.307179586	2241.4414414414414	4	-0.34631916715956645	1.3834791440547316e-09	0
6283185.307179586	1761.4114114114116	4	1.47192289689225	1.20791569898255e-09	1
6283185.307179586	2359.70970970971	3	1.5316172652454174	-1.8612184387594667e-09	1
6283185.307179586	2317.967967967968	1	-0.3380660591099305	1.0961357900118071e-09	0
6283185.307179586	1719.6696696696697	1	-0.9515866473548086	1.3577206858368675e-09	0
6283185.307179586	891.7917917917919	2	-0.8131085529282539	-1.4955177059441285e-09	0
6283185.307179586	1163.113113113113	4	1.4747723398888337	-2.4064690213084687e-10	2
6283185.307179586	996.1461461461462	2	1.3770838362627265	7.015440866315421e-10	1
6283185.307179586	2338.838838838839	3	-1.1707042298697898	-1.3886791469837342e-10	2
6283185.307179586	1684.884884884885	1	1.1770807183577885	1.0015307474644298e-09	1
6283185.307179586	989.1891891891892	3	0.8308028111217736	-1.1466878316857432e-09	0
6283185.307179586	1364.864864864865	3	-0.9534861383303159	-9.513195586041589e-10	0
6283185.307179586	1851.851851851852	5	1.0602324580326687	2.907836345554784e-10	2
6283185.307179586	1330.08008008008	1	-0.11648360733517427	-1.7626845955804031e-09	0
6283185.307179586	2839.73973973974	5	-1.396073083038918	6.12378873905822e-10	2
6283185.307179586	1086.5865865865867	3	-0.06774339014843855	1.7009707698190155e-10	1
6283185.307179586	3507.607607607608	5	0.43369148892680043	-1.669447231827601e-09	0
6283185.307179586	710.910910910911	4	-0.9289302129078356	-1.6548788292111562e-09	0
6283185.307179586	1956.2062062062062	1	0.6352588321486694	1.7888559230053854e-09	0
6283185.307179586	1281.3813813813815	5	-1.2793084645134087	-6.934947463959734e-10	2
6283185.307179586	3159.75975975976	2	-1.4918544993782623	1.4659763553689994e-09	2
6283185.307179586	2317.967967967968	3	0.8373342590447996	-1.9524436495830835e-09	0
6283185.307179586	1093.5435435435436	3	0.5355208657356085	-5.897839675265994e-10	2
6283185.307179586	1504.004004004004	2	-0.46908194803858105	1.0797903015256264e-09	0
6283185.307179586	1684.884884884885	4	-0.787733680012764	2.4333699787491633e-10	1
6283185.307179586	1392.6926926926926	1	1.1818854241689691	8.4490532961329e-11	2
6283185.307179586	857.007007007007	4	-1.5140036832553623	8.550181917927388e-11	2
6283185.307179586	2164.914914914915	5	1.2166953483062786	1.2163746793165376e-09	1
6283185.307179586	3278.028028028028	4	-1.3124473611687693	-1.7087766249492489e-09	0
6283185.307179586	1037.887887887888	1	-1.461625307161636	-1.5831873009174826e-09	1
6283185.307179586	2874.5245245245246	4	1.0012809203579192	-1.0134618454166118e-09	0
6283185.307179586	752.6526526526527	5	-0.47891075524838134	7.554927422610404e-10	2
6283185.307179586	1796.1961961961963	2	-0.11488461471618217	-1.6025170909067416e-09	0
6283185.307179586	1782.2822822822823	3	0.6273557499735265	1.3466970654925637e-09	0
6283185.307179586	1065.7157157157158	3	-1.234564426093953	1.6451893349193584e-09	1
6283185.307179586	891.7917917917919	5	-0.39737264773461245	-1.9230631125629742e-09	0
6283185.307179586	1330.08008008008	3	0.9194772262705313	1.5666931438423445e-09	0
6283185.307179586	829.1791791791792	1	0.298019926827209	-5.849451169226816e-10	2
6283185.307179586	2658.858858858859	1	0.7190970673480774	8.920883884476289e-10	0
6283185.307179586	2422.322322322322	1	-0.4431003177120658	-2.501741148004402e-10	1
6283185.307179586	2304.054054054054	1	-1.2652959892881563	1.0288702756039296e-09	2
6283185.307179586	1914.4644644644645	3	0.8088608170383225	-9.701115804141725e-10	0
6283185.307179586	376.97697697697697	1	0.9693443802890402	8.207389463213209e-11	0
6283185.307179586	2262.3123123123123	4	-1.339946474433901	-8.859349244168308e-10	1
6283185.307179586	1079.6296296296296	5	1.144422573751163	1.9253914874744285e-09	0
6283185.307179586	383.93393393393393	2	-0.06206410902680326	1.2714590748375465e-09	0
6283185.307179586	1385.7357357357357	4	0.8482713771703696	7.773583720939439e-11	2
6283185.307179586	175.22522522522524	4	-0.333945158724432	-1.0456614118212763e-09	0
6283185.307179586	787.4374374374374	1	-0.22819431942455148	1.1228674633420087e-09	0
6283185.307179586	2234.4844844844847	2	0.2814264857899027	-7.22091662259246e-10	0
6283185.307179586	2269.2692692692694	5	0.9502822052740614	9.740903609389793e-10	0
6283185.307179586	933.5335335335336	5	1.2778374885681205	-9.157023355879761e-10	2
6283185.307179586	850.0500500500501	1	0.7683172400965006	5.384281004065957e-10	0
6283185.307179586	1037.887887887888	4	-0.11460825738378677	7.184973352820969e-10	0
6283185.307179586	1670.970970970971	4	-0.2991761633864356	1.2371991192106543e-09	0
6283185.307179586	961.3613613613613	2	-1.4674248163419776	1.2308139454437401e-09	1
6283185.307179586	1406.6066066066066	5	-1.4085239357072508	-5.954613187743655e-10	2
6283185.307179586	3264.1141141141143	2	-1.1676155735508746	-7.492574048802233e-10	1
6283185.307179586	2151.001001001001	1	-0.9420347997240417	-9.552207992363671e-10	0
6283185.307179586	2554.5045045045044	4	-0.8026238538164525	9.38747586312412e-10	0
6283185.307179586	676.1261261261261	3	-1.275529926126782	9.188239736849089e-10	1
6283185.307179586	898.7487487487488	5	-0.6639446462715413	-6.026487941977972e-10	0
6283185.307179586	1274.4244244244244	3	-1.207177267387157	8.969995622528043e-11	2
6283185.307179586	1949.2492492492493	3	-0.6059397195674403	1.0616803006121898e-09	0
6283185.307179586	2331.881881881882	5	-0.04219990425273079	-3.618017300710972e-10	1
6283185.307179586	1942.2922922922924	4	0.71072833613088	1.2944548107200545e-09	0
6283185.307179586	2011.8618618618618	1	0.9994805191846972	2.0142709714515703e-10	2
6283185.307179586	1594.4444444444446	3	-0.8579091319739769	-9.37495834008422e-10	0
6283185.307179586	703.9539539539539	1	0.6949574041475595	1.7262602446305803e-09	0
6283185.307179586	1629.2292292292293	1	0.5015442435218249	-5.19079411344229e-10	2
6283185.307179586	3041.4914914914916	2	-1.4140962925547083	-1.9784904185823176e-09	2
6283185.307179586	2074.474474474475	3	-0.26493744748019066	5.609774628206339e-11	2
6283185.307179586	2137.087087087087	2	0.07355201388800858	8.523361389562632e-10	0
6283185.307179586	1190.940940940941	2	-1.4864390650441863	1.474939123313279e-09	1
6283185.307179586	2199.6996996997	1	0.031108704742870863	-1.906473593856207e-09	0
6283185.307179586	1935.3353353353355	4	0.4833974373464911	-1.7629107041599987e-09	0
6283185.307179586	1309.2092092092093	1	1.1626512136745335	9.386402410622436e-10	1
6283185.307179586	2164.914914914915	4	-0.752071063393592	1.0983839320177628e-09	0
6283185.307179586	961.3613613613613	2	-1.4814701023430883	-1.2244934688911463e-09	2
6283185.307179586	1497.047047047047	4	-1.2288688133973404	6.302950925476841e-10	1
6283185.307179586	1455.3053053053054	1	-1.075225433063156	2.3623517725495403e-10	2
6283185.307179586	1142.2422422422424	1	-0.561522777579619	-5.206167222724975e-10	1
6283185.307179586	2700.6006006006005	2	0.8638536504703387	-6.107595431640598e-10	1
6283185.307179586	1385.7357357357357	2	0.3963955189980073	1.6866759470422612e-09	0
6283185.307179586	3118.018018018018	5	0.9397839929865177	8.74834818595118e-10	0
6283185.307179586	2443.193193193193	2	-0.31403469943677664	-1.4193102705026838e-09	0
6283185.307179586	592.6426426426426	4	-0.8444435476415248	-1.7447395191366206e-09	0
6283185.307179586	1636.1861861861862	3	0.4343593532065184	2.465804750215426e-10	1
6283185.307179586	2693.643643643644	2	-0.7833157789844856	6.526185513717675e-10	0
6283185.307179586	1691.8418418418419	1	-0.4940503199695532	1.4033314479284717e-09	0
6283185.307179586	1963.1631631631633	2	0.9239338754691206	8.174330378929105e-10	0
6283185.307179586	140.44044044044045	3	1.3270964614123972	4.657912215757062e-10	2
6283185.307179586	1858.8088088088089	2	0.4222325128935198	4.54366247490705e-10	1
6283185.307179586	2784.084084084084	1	-1.5176971254270542	9.58195966942321e-10	2
6283185.307179586	787.4374374374374	2	0.9733896044689168	-9.046913682278737e-10	1
6283185.307179586	2631.031031031031	5	1.5242473260597489	9.468705103755405e-10	1
6283185.307179586	2888.4384384384384	3	0.6327813914649396	-1.3899822986801631e-09	0
6283185.307179586	2818.868868868869	5	0.5447091781407654	-2.845191728880068e-11	1
6283185.307179586	2909.3093093093094	4	-0.7183550347846581	-3.8751541409800656e-10	1
6283185.307179586	2074.474474474475	3	-1.1672977608813788	-1.001855058612744e-09	1
6283185.307179586	1698.7987987987988	5	0.5121352513391346	1.0792340275763812e-09	0
6283185.307179586	870.9209209209209	1	0.5131128038936081	1.6024250423640529e-09	0
6283185.307179586	2039.6896896896897	4	-0.19144445426288526	8.3027434003644e-10	0
6283185.307179586	738.7387387387388	4	0.40807834605057725	-8.302953242919161e-10	0
6283185.307179586	1330.08008008008	4	0.35789605588457407	-1.9994066925529484e-09	0
6283185.307179586	2255.3553553553556	5	-0.7744431039125536	1.7482620154698166e-09	0
6283185.307179586	933.5335335335336	1	0.24718997644248608	-9.51558698621092e-10	2
6283185.307179586	1079.6296296296296	2	-1.2411339913866293	-1.5668540743649353e-09	1
6283185.307179586	2144.0440440440443	5	1.2755296749526068	-1.1653628452039984e-09	2
6283185.307179586	2978.878878878879	1	-0.2984279162414707	7.509547813188857e-10	0
6283185.307179586	1782.2822822822823	1	0.8933482635690813	7.038535057035093e-10	0
6283185.307179586	954.4044044044044	2	-0.7486889890742203	1.9739903165675598e-09	0
6283185.307179586	1177.027027027027	2	-0.19988329128853066	-1.5284547711666222e-09	0
6283185.307179586	1218.7687687687687	4	-0.3116822656086158	1.8124816265699793e-09	0
6283185.307179586	2060.5605605605606	3	-0.5796085209826279	-3.1285199516115185e-10	2
6283185.307179586	2804.954954954955	1	1.555388182139494	3.889955457387452e-10	2
6283185.307179586	3062.3623623623625	3	1.525083858048316	-1.8806273990504032e-09	1
6283185.307179586	968.3183183183183	4	1.4425523182058018	1.2400248110902077e-10	1
6283185.307179586	2178.828828828829	3	-0.5156951738898496	-1.2566107450212471e-09	0
6283185.307179586	550.900900900901	1	1.347133947607547	-1.0160974908319963e-09	2
6283185.307179586	3987.637637637638	3	0.7268462469467827	1.8397749437870027e-09	0
6283185.307179586	843.0930930930931	2	-1.0760043297314006	1.9743031223307732e-09	0
6283185.307179586	1385.7357357357357	1	1.1491775148647898	1.5224808166253292e-09	0
6283185.307179586	1935.3353353353355	4	-0.9028603296939026	-1.7317228088327187e-09	0
6283185.307179586	2032.7327327327328	2	0.37120684541212245	1.1917456710433081e-09	0
6283185.307179586	564.8148148148148	1	-0.8425120171696596	1.9092863757263326e-09	0
6283185.307179586	2164.914914914915	5	-0.7026750553495282	-1.982775548866746e-09	0
6283185.307179586	3305.855855855856	1	1.0540058247049937	-1.9244529625747195e-09	0
6283185.307179586	1023.973973973974	2	0.7042134340183428	9.341943745444582e-10	0
6283185.307179586	690.04004004004	1	0.12957788625103595	-6.55000051812631e-10	2
6283185.307179586	2304.054054054054	3	1.3052118238457506	-9.73087810210462e-10	2
6283185.307179586	210.01001001001	1	-0.16957276940184007	-1.683067957420113e-10	0
6283185.307179586	1810.11011011011	3	-0.7580980962650946	2.5980661565166247e-10	1
6283185.307179586	1886.6366366366367	3	1.3020686391417513	1.7661782695110756e-09	1
6283185.307179586	3465.865865865866	4	0.14734038069151945	9.418855270271092e-11	2
6283185.307179586	2283.1831831831832	5	-0.05438790984170172	1.3183584925766028e-09	0
6283185.307179586	1406.6066066066066	5	-0.4373373792245514	-1.8502319535009898e-09	0
6283185.307179586	1121.3713713713714	3	-0.36584729227398594	-4.097509654999612e-10	1
6283185.307179586	1712.7127127127128	2	0.9895238280889394	-1.9652199774738023e-09	0
6283185.307179586	3298.898898898899	5	0.10948734533587112	-4.469210087806631e-10	0
6283185.307179586	1587.4874874874874	4	-1.5451316383708313	2.145650822893634e-10	1
6283185.307179586	3695.4454454454453	3	-0.9202597051599571	-1.945976705375784e-09	0
6283185.307179586	683.0830830830831	3	-1.4862009848169473	-2.0493411701538592e-10	1
6283185.307179586	829.1791791791792	1	0.7960875214427485	-4.341594914319852e-10	2
6283185.307179586	1865.7657657657658	4	-0.19072936349011327	3.7469247031174795e-10	2
6283185.307179586	3556.3063063063064	2	0.2307650782229973	1.7800444372160293e-09	0
6283185.307179586	1448.3483483483483	5	0.9100875100418708	1.037857333601792e-11	2
6283185.307179586	1935.3353353353355	1	0.30400350779047214	1.3590387696499802e-09	0
6283185.307179586	1691.8418418418419	2	0.2616952638130847	-1.1647833851360653e-10	2
6283185.307179586	1977.077077077077	4	-0.2284705193293992	2.1331549910518254e-10	1
6283185.307179586	1601.4014014014015	4	1.2345610289756945	4.427393222484762e-10	1
6283185.307179586	1921.4214214214214	2	0.5276536454698264	1.0499939547724748e-09	0
6283185.307179586	996.1461461461462	4	0.5496433051516583	-4.655620859846246e-10	2
6283185.307179586	2206.6566566566567	3	0.513923326664735	-3.6172418670675464e-10	2
6283185.307179586	2644.944944944945	2	-1.4504183609303232	2.0328920889314427e-10	1
6283185.307179586	863.963963963964	2	0.18976774828866505	-1.727231089186263e-09	0
6283185.307179586	1789.2392392392394	5	0.7107652198993497	-1.7444044765141742e-09	0
6283185.307179586	1497.047047047047	1	0.7497389603724924	-1.1646460175811537e-10	2
6283185.307179586	1239.6396396396397	3	-0.32024917610748993	-1.5349505593082067e-09	0
6283185.307179586	1928.3783783783783	3	-0.41968583180094177	-1.9035058179797695e-09	0
6283185.307179586	1170.0700700700702	5	0.4403554120926678	-2.7975352325765083e-10	2
6283185.307179586	495.24524524524526	5	-1.2859655893966462	1.2111508334619383e-09	2
6283185.307179586	968.3183183183183	3	-0.9537114437018861	-1.6584225389809065e-09	0
6283185.307179586	1107.4574574574574	1	-0.376210517641725	-1.7577490720522474e-09	0
6283185.307179586	2067.5175175175173	3	-0.8559304509535468	-1.8492125170165156e-09	0
6283185.307179586	2144.0440440440443	1	-1.0269528246972408	3.264662040629412e-10	2
6283185.307179586	1086.5865865865867	5	-0.5462646800902917	1.1780645204300126e-09	0
6283185.307179586	3013.6636636636636	3	-0.6033899999542067	-7.02009786226863e-10	0
6283185.307179586	1128.3283283283283	3	-0.6451268553693669	1.2352397864179701e-09	0
6283185.307179586	1629.2292292292293	1	0.7426981450059893	-5.144209156317743e-10	1
6283185.307179586	2060.5605605605606	5	0.8351404927194648	1.5481776051299946e-09	0
6283185.307179586	1392.6926926926926	4	-1.300781622720204	-1.2368345459713527e-09	1
6283185.307179586	1190.940940940941	5	-0.67542235465627	-5.055907268388787e-10	0
6283185.307179586	1719.6696696696697	3	-0.06709817167742704	7.383271327931583e-10	0
6283185.307179586	2944.094094094094	5	0.22355595199496636	1.3812765177802726e-09	0
6283185.307179586	3778.928928928929	3	0.6132645395791205	-1.0963412166236039e-09	0
6283185.307179586	2290.1401401401404	3	-1.3867781086670545	-1.3646725003002128e-10	2
6283185.307179586	1107.4574574574574	3	0.13716194727268372	-1.9035271049132728e-09	0
6283185.307179586	1830.980980980981	5	-0.32278935911064877	1.905953370177891e-09	0
6283185.307179586	1065.7157157157158	2	0.30720363922426497	1.0741038990763042e-09	0
6283185.307179586	905.7057057057058	3	1.0638467291930653	1.6292362889246605e-09	0
6283185.307179586	1698.7987987987988	5	0.07326192219114214	-1.8007876375878423e-09	0
6283185.307179586	1907.5075075075076	4	-1.0311590143177773	7.267122775998619e-10	2
6283185.307179586	1545.7457457457458	1	0.4756336974022779	3.926392844805703e-11	2
6283185.307179586	1239.6396396396397	2	0.8747389789345954	3.084830048941244e-10	1
6283185.307179586	1086.5865865865867	5	-0.37268423211654267	-1.528178710563991e-09	0
6283185.307179586	1643.143143143143	4	0.07526801981951126	-1.207062529653443e-09	0
6283185.307179586	1343.993993993994	1	-0.4229369894546309	8.396599104252575e-10	0
6283185.307179586	390.8908908908909	4	0.5520700574430557	1.4729393365469809e-09	2
6283185.307179586	919.6196196196197	3	-0.370470309335601	1.9501414740208768e-09	0
6283185.307179586	3222.3723723723724	2	-0.5371199512058003	9.952779967044666e-10	0
6283185.307179586	745.6956956956957	3	0.12134417701908484	1.564701331217206e-09	0
6283185.307179586	1789.2392392392394	3	-0.5866320618944767	-1.1460890499751232e-09	0
6283185.307179586	2603.2032032032034	4	0.4679719154350903	1.846046001590538e-11	1
6283185.307179586	1357.9079079079079	1	-1.0213997618230122	6.468504000830239e-10	2
6283185.307179586	968.3183183183183	1	1.3234701352696092	1.8105623295207206e-09	1
6283185.307179586	606.5565565565565	2	0.8052320866798715	-7.465568232443337e-11	2
6283185.307179586	863.963963963964	2	1.1515741961530828	-6.719787999131661e-10	1
6283185.307179586	884.8348348348349	3	-0.21991283795603156	-4.307331616181074e-10	2
6283185.307179586	2457.1071071071074	4	0.9334830747251854	3.551523987623851e-10	2
6283185.307179586	2832.7827827827828	5	-0.39973522182002763	6.009661987549487e-10	0
6283185.307179586	1295.2952952952953	3	-1.5472537257335597	-4.1389279140500135e-10	1
6283185.307179586	3368.4684684684685	4	-0.5472751024836644	-1.7318179738141697e-09	0
6283185.307179586	2693.643643643644	5	-0.16406917435428392	-1.032953815892014e-09	0
6283185.307179586	2032.7327327327328	5	-0.9961131611262714	-1.2386382951606421e-09	0
6283185.307179586	1977.077077077077	2	-1.189271187180938	1.2441997230002543e-09	0
6283185.307179586	815.2652652652653	4	1.1420184694571094	1.9893765637968368e-09	0
6283185.307179586	1316.1661661661662	3	-0.6732130743972605	-1.7941223789029543e-09	0
6283185.307179586	1580.5305305305305	1	0.19251122208557692	-6.248800590067778e-10	1
6283185.307179586	1705.755755755756	1	-0.4689563701705388	1.3637446148035348e-10	2
6283185.307179586	2276.226226226226	3	0.40117533017077167	-2.0211188413266045e-10	2
6283185.307179586	2025.7757757757759	1	-0.8972591113898694	-1.1888490094945468e-10	1
6283185.307179586	2317.967967967968	1	0.6788619605411266	-1.5500769263276976e-09	0
6283185.307179586	3236.286286286286	5	0.9852121005124244	1.22732630826784e-09	0
6283185.307179586	1531.8318318318318	4	-0.7426064211584955	4.6197478912044174e-10	2
6283185.307179586	2095.3453453453453	2	1.23052125421626	3.591790767316477e-10	1
6283185.307179586	1302.2522522522522	2	-0.019714153960670888	-2.115636661733546e-10	1
6283185.307179586	4217.217217217218	4	0.23460451483462363	-5.803445964445144e-10	0
6283185.307179586	1232.6826826826828	1	-0.9064144717981973	-1.1910721591239378e-09	0
6283185.307179586	2185.7857857857857	1	0.16462810223527335	-8.202119655668594e-10	0
6283185.307179586	1350.950950950951	5	-0.6710088443854563	-3.610238446868221e-10	2
6283185.307179586	2888.4384384384384	1	0.09750595570044007	-1.6675212341137776e-09	0
6283185.307179586	669.1691691691692	4	-0.6843221177346369	8.692444099721639e-10	1
6283185.307179586	2116.2162162162163	1	0.7366981257910434	-2.4456005975010655e-10	2
6283185.307179586	1928.3783783783783	5	0.4457637350943462	-5.782580829876452e-10	0
6283185.307179586	453.5035035035035	2	-0.20717858484094642	6.274253053535286e-10	0
6283185.307179586	1510.960960960961	5	0.16462729076471017	-9.778148624957415e-10	0
6283185.307179586	3048.4484484484487	1	1.3724603260878396	-2.5185002227692403e-10	2
6283185.307179586	2450.1501501501502	3	0.7898755369350332	5.350103051251138e-10	1
6283185.307179586	1629.2292292292293	4	-0.9562477434080147	-3.589727896880928e-10	2
6283185.307179586	1420.5205205205204	5	-1.3983990050523796	-1.6768000024086193e-09	2
6283185.307179586	1844.8948948948948	3	-1.1162247184054603	-1.572651673013402e-09	0
6283185.307179586	1705.755755755756	3	1.2687492576635124	-3.900652004462476e-10	1
6283185.307179586	1427.4774774774776	3	-0.3770035551549704	1.6083232698537375e-09	0
6283185.307179586	2958.008008008008	5	-0.2910593155962067	1.2182551648832482e-09	0
6283185.307179586	1531.8318318318318	3	0.5921610073698553	-1.6789719580628107e-09	0
6283185.307179586	1810.11011011011	2	0.1733880316051497	-9.061522819472843e-10	0
6283185.307179586	2457.1071071071074	3	1.4319148849557592	-1.901931639257615e-09	2
6283185.307179586	1239.6396396396397	4	1.1186020716541272	9.911664545503269e-11	2
6283185.307179586	1761.4114114114116	4	-0.20637958154657388	1.0142880940260512e-09	0
6283185.307179586	2074.474474474475	4	1.0267468264145405	1.5616972298586054e-09	0
6283185.307179586	1295.2952952952953	3	-0.5539502963332412	1.8671263779009663e-09	0
6283185.307179586	2679.72972972973	1	0.5930135536304464	-4.878496795562252e-10	1
6283185.307179586	1803.1531531531532	4	0.954223249949266	5.567297381326779e-10	2
6283185.307179586	989.1891891891892	3	-0.728514983300889	-8.443293769927802e-10	0
6283185.307179586	1357.9079079079079	2	-0.0965924675615013	-2.50567582158757e-10	1
6283185.307179586	1051.801801801802	3	-1.040430234094836	1.234237263248686e-09	0
6283185.307179586	1664.014014014014	5	1.3478996087210522	1.222636618593999e-09	1
6283185.307179586	2241.4414414414414	3	-0.32908432842372415	3.10454932870996e-10	2
6283185.307179586	2540.5905905905906	3	1.3879748133396834	-7.706195258082734e-10	2
6283185.307179586	1023.973973973974	1	1.1516273718362968	1.5379047059921399e-09	0
6283185.307179586	1733.5835835835837	3	-0.8451425478538875	-3.8514335442878043e-10	1
6283185.307179586	1371.821821821822	2	1.3103560719611065	-3.5866129523232666e-10	2
6283185.307179586	1302.2522522522522	5	1.0044558691128813	-1.3588289769409016e-09	0
6283185.307179586	961.3613613613613	4	0.4195750798793243	-9.184763047034381e-10	0
6283185.307179586	1267.4674674674675	5	0.14595976610648353	-7.676958085658528e-10	0
6283185.307179586	2644.944944944945	1	1.3519916681339832	-5.728047767194746e-10	2
6283185.307179586	2130.13013013013	5	0.5445020641764917	1.3585239175019043e-09	0
6283185.307179586	1378.7787787787788	5	1.3198254130143674	1.3962045845829478e-09	2
6283185.307179586	1984.034034034034	5	-0.19212034154331747	-1.1268918028936558e-10	2
6283185.307179586	1309.2092092092093	5	1.2851759638497455	-9.512256962487094e-10	2
6283185.307179586	3396.2962962962965	2	-0.2501416523073767	-1.8402970063955163e-09	0
6283185.307179586	724.8248248248249	3	-1.3979031322621274	3.428833823546322e-11	1
6283185.307179586	989.1891891891892	2	1.4287263147755498	-1.0501702627803451e-09	2
6283185.307179586	2074.474474474475	4	-1.0555881524798703	1.0692506299897966e-09	0
6283185.307179586	1497.047047047047	2	1.0593302245007767	-5.620043231140529e-10	2
6283185.307179586	543.943943943944	4	-0.048742038263900556	-5.633157441492084e-10	0
6283185.307179586	1364.864864864865	2	0.6936916001193705	-1.8141980245094161e-09	0
6283185.307179586	1288.3383383383384	1	-0.1149971372405858	-1.866550054554861e-09	0
6283185.307179586	710.910910910911	5	0.7846060886666493	1.0040163901757402e-09	2
6283185.307179586	1817.0670670670672	2	0.031888698829932505	-2.5062659935872445e-10	1
6283185.307179586	2700.6006006006005	1	-1.2939242391602543	-1.7530722740902328e-09	0
6283185.307179586	1156.1561561561562	3	0.1779212181514651	-1.007512247798517e-09	0
6283185.307179586	2331.881881881882	2	1.5431118145819909	-5.316334151248228e-10	2
6283185.307179586	1267.4674674674675	4	1.1503771654844814	1.960476399069972e-09	0
6283185.307179586	947.4474474474474	2	-1.4334098907754993	-3.9785116689488027e-10	2
6283185.307179586	1239.6396396396397	3	-0.5065639612797614	1.0396824567560889e-09	0
6283185.307179586	2832.7827827827828	4	-0.1358973140357469	1.2861406837248539e-09	0
6283185.307179586	2220.5705705705705	2	-0.15605382191553985	1.7260862721790232e-09	0
6283185.307179586	1197.897897897898	4	1.0695562427339889	8.08299911631038e-11	2
6283185.307179586	1580.5305305305305	3	-1.27656663192545	5.233406293993541e-10	1
6283185.307179586	1893.5935935935936	1	-1.2562508405655886	-3.6938019942902006e-10	2
6283185.307179586	1691.8418418418419	5	1.1080467853335643	1.2486340648172823e-09	0
6283185.307179586	2338.838838838839	5	1.172754585957629	-1.743619333262425e-09	0
6283185.307179586	1893.5935935935936	3	0.7212211689666459	-9.53835935127584e-10	0
6283185.307179586	2164.914914914915	2	0.8088512661392375	4.00846654577465e-10	2
6283185.307179586	710.910910910911	2	0.42178701416509035	1.0410266335281678e-09	0
6283185.307179586	1886.6366366366367	2	1.0599287770260442	1.0648013087129278e-09	0
6283185.307179586	1434.4344344344345	2	-0.4154440363438694	7.143698876416622e-10	0
6283185.307179586	1010.0600600600601	4	1.1147080321949256	-6.221818358841246e-10	2
6283185.307179586	502.2022022022022	3	-0.23182924093663382	1.3536114604944784e-09	0
6283185.307179586	1023.973973973974	5	-0.6876277216647311	-3.54728095563957e-10	2
6283185.307179586	1170.0700700700702	1	-1.0272205519495623	-8.464932787262618e-10	1
6283185.307179586	1684.884884884885	3	0.7301731989880218	-1.5177800141739541e-09	0
6283185.307179586	752.6526526526527	1	0.04113379494217129	-2.6119403914676817e-10	2
6283185.307179586	1107.4574574574574	3	-1.381500590532351	1.5517552700075925e-09	1
6283185.307179586	2958.008008008008	3	0.02772227570138175	-1.0979544994254744e-09	0
6283185.307179586	2443.193193193193	4	0.6850557560496635	9.598870982455842e-10	0
6283185.307179586	1559.6596596596596	1	-0.7287736452928791	2.282415201603173e-10	2
6283185.307179586	1274.4244244244244	1	0.6895835025720682	-1.9065212497627527e-09	0
6283185.307179586	1510.960960960961	1	-0.44702134843969143	1.884573681136879e-09	0
6283185.307179586	2317.967967967968	5	-1.0385675597032944	-2.3915985457014784e-10	1
6283185.307179586	2039.6896896896897	5	-0.8351276489835284	-1.8532020074815963e-09	0
6283185.307179586	3152.802802802803	1	1.3569078836717448	-1.9748720966967718e-09	0
6283185.307179586	1768.3683683683685	3	-0.4928395776091623	-1.0787968804985879e-09	0
6283185.307179586	1267.4674674674675	1	1.565559631478573	1.1939341619364465e-09	2
6283185.307179586	766.5665665665666	3	1.1757595189295604	-1.5316128972760537e-09	1
6283185.307179586	488.2882882882883	4	-0.39242986482063835	1.5074629714539907e-10	2
6283185.307179586	1810.11011011011	3	0.8655536757188811	-5.30811426164953e-10	1
6283185.307179586	3090.19019019019	1	-1.012383598651779	-2.8635943385099164e-10	2
6283185.307179586	3027.577577577578	5	-0.934781295826871	-9.89933942087589e-10	0
6283185.307179586	1545.7457457457458	1	0.19857224481463542	-6.635420965362817e-10	1
6283185.307179586	2011.8618618618618	4	0.7812913980483707	1.8775081014980037e-09	0
6283185.307179586	1879.6796796796798	1	-0.03654871316688868	9.50940663628956e-10	0
6283185.307179586	2213.613613613614	1	-0.8266878347833225	1.7458619499635145e-09	0
6283185.307179586	1664.014014014014	4	-0.3449658770959174	-7.976733176172557e-10	0
6283185.307179586	870.9209209209209	1	0.39194413489437285	4.614619192937921e-10	0
6283185.307179586	2220.5705705705705	1	1.4332534179976184	-4.142507069364398e-11	1
6283185.307179586	2603.2032032032034	4	-0.7886025943371751	3.6413515783436867e-10	2
6283185.307179586	2290.1401401401404	3	-1.3579347184632604	8.2143773739961e-10	2
6283185.307179586	1956.2062062062062	3	1.0659660984224524	7.254112171579455e-11	1
6283185.307179586	1608.3583583583584	5	-0.9877182004208898	9.893521503851588e-10	1
6283185.307179586	2380.5805805805808	1	0.27398632766814823	4.91226414240659e-10	0
6283185.307179586	1636.1861861861862	1	-0.9241555760836397	1.3490233177034392e-09	0
6283185.307179586	877.877877877878	3	-0.9675953517604411	3.0459876469665316e-11	2
6283185.307179586	2164.914914914915	1	-0.4767379349518399	-1.2470628690318006e-09	0
6283185.307179586	3333.6836836836837	4	0.11770404275489188	-1.124105787701216e-09	0
6283185.307179586	1135.2852852852852	1	1.362506695332916	9.977905774174257e-10	2
6283185.307179586	2672.772772772773	1	-0.08977461130754816	5.695178763902061e-10	0
6283185.307179586	1573.5735735735736	5	-0.8397789663732559	-1.2282618212318335e-09	0
6283185.307179586	2095.3453453453453	4	-1.0447036505926635	-1.7703548127961045e-09	0
6283185.307179586	3319.76976976977	5	0.4519240818370647	1.2384554148472142e-09	0
6283185.307179586	1142.2422422422424	3	0.9817141807652465	-7.78073168863073e-10	1
6283185.307179586	1830.980980980981	5	0.3401710373013711	1.7202741661771174e-09	0
6283185.307179586	655.2552552552553	3	0.28522996846207516	-1.6367289748375323e-09	0
6283185.307179586	2832.7827827827828	4	1.1886505083197574	1.4360481345193587e-09	0
6283185.307179586	1497.047047047047	1	-1.4210844626043209	9.630121022546642e-10	2
6283185.307179586	1886.6366366366367	2	0.7397664431912085	1.8906191200175317e-09	0
6283185.307179586	1796.1961961961963	1	-1.1201667280966248	-1.408156171775062e-09	0
6283185.307179586	2408.4084084084084	4	1.5272749645141124	-1.5717055247422046e-09	2
6283185.307179586	870.9209209209209	3	0.5587651525237551	-5.132771816058326e-10	2
6283185.307179586	585.6856856856857	4	0.09587259817493998	5.483599029232483e-10	1
6283185.307179586	1963.1631631631633	5	-0.1470919819689307	-3.676065931475474e-10	1
6283185.307179586	2554.5045045045044	3	1.0566848797015052	-2.408064949964515e-10	2
6283185.307179586	1657.0570570570571	2	-0.16546839977312966	-1.9500822382101243e-09	0
6283185.307179586	1865.7657657657658	1	0.9127393797589858	1.0029370855841657e-09	0
6283185.307179586	2498.848848848849	4	1.4467064102979519	-3.451418114630212e-10	2
6283185.307179586	2032.7327327327328	1	-1.068568671070942	-1.2181000599027658e-10	1
6283185.307179586	2290.1401401401404	4	-1.327576338079561	5.959202609399622e-10	1
6283185.307179586	1497.047047047047	5	-1.4457452523907925	2.395919277423897e-10	2
6283185.307179586	2067.5175175175173	3	0.26671475585513527	-5.371331323188816e-10	0
6283185.307179586	1302.2522522522522	3	-0.7169269461551104	1.1515085737076095e-09	0
6283185.307179586	1761.4114114114116	5	1.1446634286332342	-6.159695054013708e-10	2
6283185.307179586	1754.4544544544544	5	1.3479252911299975	6.087385756426578e-10	2
6283185.307179586	1587.4874874874874	4	0.8827801876072643	-8.438753053137807e-10	0
6283185.307179586	216.96696696696696	2	-0.9818012235864032	2.9428285334739854e-10	0
6283185.307179586	3660.6606606606606	2	-0.6550176971006885	4.725502558258232e-10	0
6283185.307179586	2547.5475475475478	2	-1.4153769015088422	-6.957843026900292e-10	2
6283185.307179586	2526.676676676677	3	0.29764364519302555	-7.269485971432733e-10	0
6283185.307179586	1337.0370370370372	3	-0.8438692301200172	8.626231487058005e-10	0
6283185.307179586	1629.2292292292293	5	0.4939527984730221	-1.2388556512087243e-09	0
6283185.307179586	1594.4444444444446	4	0.04618346258539252	-1.9474814768090126e-09	0
6283185.307179586	1914.4644644644645	5	1.4822300671653634	5.404447868272432e-10	1
6283185.307179586	3389.3393393393394	1	1.0442351267472536	1.6651395488354014e-09	0
6283185.307179586	2916.2662662662665	3	-0.9684450006770912	-9.143757038804519e-10	0
6283185.307179586	822.2222222222223	5	-0.46862423601839787	9.673676532680655e-10	1
6283185.307179586	1177.027027027027	3	0.9729279259884644	2.007336020191118e-10	2
6283185.307179586	891.7917917917919	5	0.17059752062874534	-1.2129764148196696e-09	0
6283185.307179586	1517.917917917918	2	0.11776936150963468	-9.617277175670074e-10	0
