axial trapping frequency (MHz) 	 velocity(m/s) 	 ion collided with 	 angle(rads) 	 collision offset(m) 	 reorder? (1 is reorder 2 is ejection) 
6283185.307179586	2568.4184184184187	2	-1.10189979955612	1.9457925034904203e-09	0
6283185.307179586	1844.8948948948948	5	0.957247639377663	-1.917203042682788e-09	0
6283185.307179586	2804.954954954955	4	-0.016187833979958155	-1.576840645272449e-09	0
6283185.307179586	2825.825825825826	2	1.3671554206916432	-1.2433973472049444e-09	2
6283185.307179586	717.8678678678679	4	-1.439102890254802	6.047139286635007e-10	1
6283185.307179586	954.4044044044044	3	0.4773321808879558	-2.766385261346804e-10	2
6283185.307179586	2839.73973973974	4	-1.381180208971563	-7.592037714018729e-10	1
6283185.307179586	2491.891891891892	5	1.3004541017613533	1.5157925134608885e-09	1
6283185.307179586	2603.2032032032034	6	-0.6928931245708188	6.739737307473285e-10	0
6283185.307179586	2923.223223223223	6	1.2529867902152203	-1.883599305599941e-10	1
6283185.307179586	703.9539539539539	3	0.7886386725502978	1.4951830445824351e-09	0
6283185.307179586	898.7487487487488	6	0.5753094905011324	-7.436492740972601e-10	0
6283185.307179586	1302.2522522522522	4	-0.15709469374852003	-5.34710727661992e-10	0
6283185.307179586	1650.1001001001002	5	1.2678566286509594	1.8311470375031258e-09	0
6283185.307179586	3584.1341341341345	6	-1.140956597081178	3.485135566112079e-10	2
6283185.307179586	2471.021021021021	1	-1.1513162838492417	3.227883757841637e-10	2
6283185.307179586	1413.5635635635635	3	-1.273082527754187	7.018939146068846e-10	2
6283185.307179586	2457.1071071071074	2	1.5613006530978337	-1.7429857992733054e-09	2
6283185.307179586	1580.5305305305305	6	0.5715262054801387	-1.9736420365174226e-09	0
6283185.307179586	1309.2092092092093	2	-0.47627660576605724	-1.2368516600358706e-09	0
6283185.307179586	397.84784784784785	1	-0.7973583654883276	-1.5295281191381437e-10	0
6283185.307179586	2839.73973973974	5	-0.7633091110412115	4.011225234087402e-10	1
6283185.307179586	676.1261261261261	6	-0.733291207451479	-1.3505817364578923e-09	0
6283185.307179586	1364.864864864865	4	-1.5298871971247083	-4.3708474859425594e-11	1
6283185.307179586	1065.7157157157158	3	0.9390203970873672	3.312841825419795e-11	2
6283185.307179586	1343.993993993994	5	-0.9479612386346337	-3.892249721798757e-10	2
6283185.307179586	1949.2492492492493	1	-0.08830411883136335	7.356983712539907e-10	0
6283185.307179586	1796.1961961961963	5	1.4354275690558653	-1.936307704520036e-09	2
6283185.307179586	3083.2332332332335	3	1.4291237050387955	1.011748805856299e-09	1
6283185.307179586	1337.0370370370372	3	0.5744989253201469	4.307231281513105e-11	1
6283185.307179586	1754.4544544544544	6	1.4226480795908572	6.0550911778226025e-12	2
6283185.307179586	1448.3483483483483	3	0.7346278104802018	-1.0385432101582165e-10	2
6283185.307179586	2366.6666666666665	6	1.1254678028100016	-1.3335420969735767e-09	0
6283185.307179586	1490.0900900900901	3	-0.2498844244668328	2.811585068691144e-10	2
6283185.307179586	1879.6796796796798	6	-0.8211380936331176	-1.6213324851030212e-09	0
6283185.307179586	1427.4774774774776	6	0.20415556774698151	-9.664717343652473e-10	0
6283185.307179586	877.877877877878	1	1.4780969289111998	7.429199391445355e-10	2
6283185.307179586	947.4474474474474	4	1.2184246192122545	-1.6130366836517724e-09	1
6283185.307179586	1768.3683683683685	1	-1.3862852391428637	-1.917624423787615e-09	2
6283185.307179586	1824.0240240240241	2	1.4702652232840987	2.93023942011992e-10	2
6283185.307179586	1608.3583583583584	2	-0.0449245919671204	1.8242860557938378e-09	0
6283185.307179586	1281.3813813813815	1	-1.2201349010804459	1.5678443988262175e-09	0
6283185.307179586	1942.2922922922924	1	-1.3865758763447138	1.1917659555491737e-09	2
6283185.307179586	1246.5965965965966	5	0.1742135443535937	4.775908107188662e-10	1
6283185.307179586	1664.014014014014	3	-1.317148508030558	9.332139440980121e-11	2
6283185.307179586	1413.5635635635635	1	-0.679991115836168	-1.5247649511425589e-09	0
6283185.307179586	2735.3853853853852	6	-1.4530964080860995	-3.4539437750662664e-10	2
6283185.307179586	1385.7357357357357	5	-1.0900898583263738	-5.970119613205331e-10	1
6283185.307179586	1824.0240240240241	1	-0.6334461515223822	-2.8118301446247937e-11	2
6283185.307179586	1462.2622622622623	6	1.2880751213347703	2.5133174812760466e-10	2
6283185.307179586	1837.937937937938	1	-1.3555594405159141	5.872128017895115e-10	1
6283185.307179586	683.0830830830831	1	0.8269429739066259	1.189399206897514e-09	0
6283185.307179586	2046.6466466466468	2	-0.6848661063463505	-5.058008609448487e-10	1
6283185.307179586	2540.5905905905906	4	-1.2188446265435335	1.015591000427877e-09	2
6283185.307179586	2735.3853853853852	3	-0.6550590481056506	-3.39269463331914e-10	2
6283185.307179586	2693.643643643644	1	-0.1927285193599515	-5.376588507085102e-10	0
6283185.307179586	2206.6566566566567	2	-0.9473145445557152	4.88854740858106e-10	2
6283185.307179586	1872.7227227227227	3	-0.4606542706782075	1.376041564164677e-09	0
6283185.307179586	1364.864864864865	3	0.5461796865067567	7.507699230433136e-11	1
6283185.307179586	1719.6696696696697	4	0.24206598681231606	-1.1392882562186408e-09	0
6283185.307179586	1872.7227227227227	4	0.9716938706171874	-5.363134232273228e-10	1
6283185.307179586	1163.113113113113	4	-0.5421983054379587	1.071691014166258e-09	0
6283185.307179586	2109.259259259259	3	-0.022218748154067214	8.740435996777026e-10	0
6283185.307179586	397.84784784784785	1	-0.5958196542554943	-1.3244699971988708e-09	2
6283185.307179586	1086.5865865865867	6	0.7288134411245757	1.3424180604813302e-09	0
6283185.307179586	1218.7687687687687	5	-1.0178797873199834	-7.217423712717071e-10	1
6283185.307179586	1990.9909909909911	4	1.3414074417773656	1.697448431353193e-09	1
6283185.307179586	1580.5305305305305	2	1.1406926172541905	-1.0694602604128178e-09	2
6283185.307179586	1712.7127127127128	4	-1.2659468433065135	-1.0827993061281351e-09	1
6283185.307179586	2011.8618618618618	5	-0.2751671896187826	2.862489139154063e-11	2
6283185.307179586	2039.6896896896897	6	1.4070770326113493	1.2460196305744629e-11	2
6283185.307179586	2971.921921921922	3	1.4927460957787586	-6.391965479785302e-10	1
6283185.307179586	1970.1201201201202	1	0.6108193061982399	-1.187683622133816e-09	0
6283185.307179586	2561.4614614614616	2	-0.3898760020239904	9.642342996388374e-10	0
6283185.307179586	2860.610610610611	2	0.9889106755005193	1.4506295536275648e-09	0
6283185.307179586	1490.0900900900901	3	0.06395551107048925	2.641183723513768e-11	2
6283185.307179586	2248.3983983983985	2	0.9987073900270467	-4.631701247805488e-11	1
6283185.307179586	613.5135135135135	3	-0.3262622359101648	1.3041246707330708e-09	0
6283185.307179586	1239.6396396396397	6	0.6928158907527173	1.3346674140241155e-09	0
6283185.307179586	1531.8318318318318	5	-1.1028670448361917	1.9703172805615685e-09	0
6283185.307179586	2491.891891891892	4	-0.5221983382252691	1.1777987233223774e-09	0
6283185.307179586	982.2322322322323	4	1.0391800072088597	3.069300175162169e-10	1
6283185.307179586	745.6956956956957	1	0.41294642788590186	1.4700435967984305e-10	0
6283185.307179586	1371.821821821822	2	-0.5714810917278323	1.8105255631833095e-09	0
6283185.307179586	2317.967967967968	1	0.09437935686197907	3.8521263138758936e-10	1
6283185.307179586	2102.3023023023025	3	0.5192511663589245	4.514046403728826e-10	1
6283185.307179586	1170.0700700700702	4	1.5461533577307658	9.522537315674533e-10	1
6283185.307179586	2457.1071071071074	6	-0.5437809096627946	1.3044469108355216e-09	0
6283185.307179586	1427.4774774774776	3	0.04673686974572577	2.4009404222092737e-10	1
6283185.307179586	1455.3053053053054	2	1.1944268423346172	-6.733022831756595e-10	1
6283185.307179586	1371.821821821822	4	-1.5323018534661537	1.9846843928004052e-09	1
6283185.307179586	1399.6496496496497	6	-0.7658316956147536	-9.64291467433625e-10	0
6283185.307179586	1761.4114114114116	5	0.36768221543704716	7.034001032430943e-10	0
6283185.307179586	696.996996996997	2	-0.38055379618958973	-6.012602823610039e-11	1
6283185.307179586	1705.755755755756	2	0.0030182873983535252	-7.326877013610326e-11	2
6283185.307179586	1058.7587587587586	5	0.7998567983210729	1.5431039436093302e-09	0
6283185.307179586	850.0500500500501	2	1.2995186637649825	9.96408392570902e-10	2
6283185.307179586	2345.795795795796	1	0.2440790874195473	-9.158890415977555e-10	0
6283185.307179586	996.1461461461462	6	-1.4732160233728526	1.7170314144984163e-09	2
6283185.307179586	2582.3323323323325	2	0.7329921810545272	2.0288159216256515e-10	1
6283185.307179586	2436.2362362362364	3	1.1648016952917088	6.236239297534124e-11	1
6283185.307179586	2255.3553553553556	1	-0.28780963116454417	1.1308879752380102e-09	0
6283185.307179586	787.4374374374374	1	1.4974959303735522	1.0723114590878335e-09	2
6283185.307179586	3118.018018018018	2	-0.47880424817951983	-8.162052332338027e-10	0
6283185.307179586	1670.970970970971	1	0.2383208946518347	5.293888909303617e-10	0
6283185.307179586	1232.6826826826828	1	0.22613084829407226	-7.556528165330589e-10	2
6283185.307179586	1810.11011011011	2	0.3844152360354689	8.858069168275198e-10	0
6283185.307179586	2039.6896896896897	3	-1.2034517737899593	-3.199679896411633e-10	2
6283185.307179586	1824.0240240240241	1	1.136158448093477	8.669778991235972e-10	2
6283185.307179586	1524.8748748748749	3	-0.5645165841790996	-1.096643594540366e-10	2
6283185.307179586	884.8348348348349	5	-0.6876569553115185	-1.6572888948714085e-09	0
6283185.307179586	1051.801801801802	6	1.1846194128400174	-5.965216780002561e-10	2
6283185.307179586	1135.2852852852852	4	0.13654088143410026	-3.78957136381151e-10	2
6283185.307179586	1789.2392392392394	1	-1.351899933294022	1.8179001988131747e-09	2
6283185.307179586	1190.940940940941	3	1.2229524502104754	-9.97516526549497e-10	1
6283185.307179586	648.2982982982983	2	-0.46968370095834433	-3.872282527889978e-11	1
6283185.307179586	2046.6466466466468	6	-0.42637170861514617	1.82087135542563e-09	0
6283185.307179586	2373.6236236236236	1	-0.9212489076142741	-4.0972308556961776e-11	1
6283185.307179586	787.4374374374374	5	-1.153382617806515	1.3925008934588883e-09	2
6283185.307179586	1531.8318318318318	1	-0.49326863333499826	-4.3962148647715523e-10	2
6283185.307179586	1079.6296296296296	5	-1.4778123121444662	-3.258997542520411e-10	1
6283185.307179586	1747.4974974974975	6	-1.4973192600217469	-1.78559579513044e-09	2
6283185.307179586	418.7187187187187	1	-0.33171748584199157	-1.4707784322116597e-09	1
6283185.307179586	3695.4454454454453	1	0.6768213827392682	1.0894730678228612e-09	0
6283185.307179586	2804.954954954955	1	1.4569527335968422	-1.0317667960390885e-10	2
6283185.307179586	1281.3813813813815	1	0.2738616557579403	-4.846839369912753e-10	2
6283185.307179586	1942.2922922922924	2	1.3133297265921002	1.5329677624564583e-09	1
6283185.307179586	2304.054054054054	1	-1.0080079400051876	1.9993587189996885e-09	0
6283185.307179586	2999.7497497497498	1	1.5366114945454048	7.944947978719816e-10	1
6283185.307179586	1538.788788788789	4	-0.6728015008824068	4.377756033703821e-10	1
6283185.307179586	1830.980980980981	1	-0.5762280238202692	4.080270739045405e-10	1
6283185.307179586	1531.8318318318318	2	-1.1601246776587284	-1.6918333267803042e-09	0
6283185.307179586	919.6196196196197	4	-1.0836202448881918	-1.4722221612094748e-10	2
6283185.307179586	2422.322322322322	3	-0.4323848676959212	1.3333263590344473e-09	0
6283185.307179586	1190.940940940941	6	1.5091272895984358	8.976904906040097e-10	2
6283185.307179586	1211.8118118118118	1	-1.3230978393006563	9.450009839512662e-10	2
6283185.307179586	1253.5535535535537	6	0.12870173291093479	5.433582759416226e-10	1
6283185.307179586	947.4474474474474	3	1.2238577418748942	2.987211501065747e-10	1
6283185.307179586	1719.6696696696697	2	0.3400038014339184	7.723670978401886e-10	0
6283185.307179586	2512.762762762763	3	-1.4313878577538754	1.3791625673648893e-10	2
6283185.307179586	1337.0370370370372	4	0.3850491112751493	3.2583585349199187e-10	2
6283185.307179586	2408.4084084084084	4	-1.5074445625543023	8.294602076835631e-10	2
6283185.307179586	1190.940940940941	3	-0.3293799980491938	1.4549588358567209e-09	0
6283185.307179586	1664.014014014014	5	-0.9393806557741234	-6.320744883069278e-11	2
6283185.307179586	1858.8088088088089	2	-0.8946925365309754	-1.2679294005821755e-09	0
6283185.307179586	1434.4344344344345	3	-0.5685715096039052	-5.817387834047683e-10	1
6283185.307179586	2693.643643643644	6	-1.4709969847021425	1.795792888854236e-10	2
6283185.307179586	1657.0570570570571	6	0.21752734676864227	-1.4950159059061382e-09	0
6283185.307179586	1232.6826826826828	4	-1.4401935479249883	1.431095869058645e-09	1
6283185.307179586	1997.947947947948	6	-0.973503829061311	4.617380796126092e-10	2
6283185.307179586	1650.1001001001002	6	0.652313720777641	9.260464061415073e-10	0
6283185.307179586	1830.980980980981	2	-0.092217045836678	-1.1002444538486304e-09	0
6283185.307179586	1997.947947947948	3	0.6829751293961452	1.7308750842758187e-09	0
6283185.307179586	620.4704704704704	2	0.0007327455439523067	5.195023526462468e-10	0
6283185.307179586	2151.001001001001	3	-0.4224627736925628	-9.618900291460061e-10	0
6283185.307179586	1796.1961961961963	1	0.21609747026181925	-1.0706978914066578e-09	0
6283185.307179586	2373.6236236236236	5	-0.9547744302749956	-1.8481787975882643e-09	0
6283185.307179586	1935.3353353353355	4	-1.3446067576583098	-1.0589828990386398e-09	1
6283185.307179586	147.3973973973974	2	-0.22208145777825794	-8.134325765790637e-10	0
6283185.307179586	1573.5735735735736	4	-0.91126565193045	1.9825694440999444e-10	2
6283185.307179586	1037.887887887888	5	-0.9917528345455884	1.2388248974500813e-09	1
6283185.307179586	801.3513513513514	3	0.5476673904743512	-8.306314567861648e-10	2
6283185.307179586	1636.1861861861862	6	1.5584347178577875	-1.8523964916279578e-09	1
6283185.307179586	2025.7757757757759	4	0.3929011396187936	1.9245324316176167e-09	0
6283185.307179586	752.6526526526527	1	0.15109199655303196	1.1878487107602183e-09	0
6283185.307179586	690.04004004004	4	-1.0056118902981614	3.987524381874473e-10	1
6283185.307179586	2213.613613613614	3	0.4934980252689196	1.2580305902258592e-09	0
6283185.307179586	857.007007007007	3	0.16059274662625977	-1.937610231928183e-09	0
6283185.307179586	2951.051051051051	2	1.2761180342423075	-1.107755619664089e-09	2
6283185.307179586	1768.3683683683685	6	-1.450002600748007	1.1225626887224486e-09	2
6283185.307179586	1984.034034034034	4	1.4773734523717126	7.083920694048115e-10	2
6283185.307179586	1044.8448448448448	4	0.27166712656514	1.89916212695576e-09	0
6283185.307179586	2067.5175175175173	1	0.046504830998363555	1.6125607241275555e-10	2
6283185.307179586	1156.1561561561562	6	-0.43820595228098314	-1.454018180672567e-10	2
6283185.307179586	1997.947947947948	3	-1.076781135233314	-1.309703549161599e-10	1
6283185.307179586	1350.950950950951	1	0.11902388835032252	7.543607623392692e-10	0
6283185.307179586	836.1361361361362	6	0.813800518584423	1.0960945766540017e-09	1
6283185.307179586	2596.2462462462463	4	0.9721322260982852	-1.9579114364000638e-09	0
6283185.307179586	3027.577577577578	4	1.570494668327581	-1.7110430653074757e-10	1
6283185.307179586	1218.7687687687687	2	1.4955832753416165	-8.711364220093364e-10	1
6283185.307179586	1970.1201201201202	4	1.4518011276324092	1.944446988349878e-09	2
6283185.307179586	3952.852852852853	4	0.049533387008653174	-1.6985740101202908e-09	0
6283185.307179586	1510.960960960961	2	1.3799776086244488	1.3540198326966416e-09	1
6283185.307179586	1504.004004004004	2	1.3177559480642755	-1.0683728521588388e-09	2
6283185.307179586	3124.974974974975	4	0.5788050268077725	-9.132883714330418e-12	2
6283185.307179586	1267.4674674674675	6	-0.3239050980168434	-1.4098232479030837e-09	0
6283185.307179586	2547.5475475475478	4	-1.5454007571268669	-2.935124738037272e-10	2
6283185.307179586	1796.1961961961963	1	1.503770630642911	1.2424201985094553e-09	2
6283185.307179586	1100.5005005005005	1	1.3267477460807724	-7.034957838530335e-10	2
6283185.307179586	1740.5405405405406	5	-0.0015460688143935641	1.1498528037263781e-09	0
6283185.307179586	2248.3983983983985	3	-0.9442236870446173	4.6024423852635946e-10	1
6283185.307179586	1900.5505505505505	6	-0.6042064995118105	1.7091819798857397e-09	0
6283185.307179586	1650.1001001001002	1	-0.26119124695584106	-1.206550926603414e-09	0
6283185.307179586	2923.223223223223	3	-1.2684734646985758	3.1197005660531484e-10	2
6283185.307179586	1580.5305305305305	5	0.2525826314500925	9.429255339237828e-10	0
6283185.307179586	3055.4054054054054	6	-0.0026953708607488913	-1.3705832835554888e-09	0
6283185.307179586	2554.5045045045044	1	1.3156896777613927	1.602400996823809e-09	1
6283185.307179586	3465.865865865866	5	-0.8871272719706012	-7.083880798504617e-10	0
6283185.307179586	550.900900900901	6	0.7280053245850509	-1.3416077578924871e-10	0
6283185.307179586	1879.6796796796798	6	0.9189875233958031	5.562615395766123e-10	2
6283185.307179586	1858.8088088088089	3	0.6218780861556166	-2.7656682942057606e-10	1
6283185.307179586	1142.2422422422424	6	-1.2601242337894374	4.066431130702241e-11	2
6283185.307179586	1893.5935935935936	4	0.813248722042017	1.5359910246452033e-09	0
6283185.307179586	1448.3483483483483	2	-0.7607429888766668	-1.430355950316691e-10	2
6283185.307179586	2631.031031031031	4	-0.20266319305786196	-3.345965550836078e-10	2
6283185.307179586	1942.2922922922924	5	-0.1885601635084111	1.7293971147493795e-09	0
6283185.307179586	1726.6266266266266	4	1.5531922426270541	-6.115909340666242e-10	1
6283185.307179586	2373.6236236236236	5	1.2846586318610553	1.8717784546682598e-10	2
6283185.307179586	1824.0240240240241	3	-0.6390016933840039	-2.905622298168385e-10	2
6283185.307179586	1343.993993993994	2	-0.07344394828499667	6.109554327673905e-10	0
6283185.307179586	1177.027027027027	5	0.8888454617403996	1.8347803974863564e-09	0
6283185.307179586	1545.7457457457458	4	1.1566019194021417	-1.431003237941519e-09	0
6283185.307179586	1017.017017017017	2	1.4901425801226398	3.0695313203294333e-10	2
6283185.307179586	1483.1331331331332	4	0.7231160462796793	-3.8828362480012457e-10	1
6283185.307179586	2846.6966966966966	1	-1.4491702949070737	1.89594621910913e-09	2
6283185.307179586	1643.143143143143	3	0.8008243020814696	1.7361536919851695e-09	0
6283185.307179586	356.1061061061061	5	0.17773260603657404	3.885122846558706e-10	0
6283185.307179586	1483.1331331331332	5	0.30241721885287154	2.7393421321759407e-10	2
6283185.307179586	1044.8448448448448	5	-0.8136290657795151	-9.466510590436719e-10	0
6283185.307179586	1531.8318318318318	5	-0.4747169180063404	-9.428414361016314e-10	0
6283185.307179586	1587.4874874874874	5	0.3507343612069622	-1.5002033442816734e-09	0
6283185.307179586	2074.474474474475	5	1.2370188168131797	-1.2285639639057984e-10	1
6283185.307179586	933.5335335335336	1	-0.8822547379500777	8.408103860870209e-10	0
6283185.307179586	1782.2822822822823	1	-0.12849873673720014	1.8090001670159186e-09	0
6283185.307179586	1538.788788788789	1	-0.18035992898819453	-1.529835225506906e-09	0
6283185.307179586	1858.8088088088089	4	-0.4799377899049342	-1.928540364327003e-09	0
6283185.307179586	1865.7657657657658	3	0.41362935022737135	-1.830363054642552e-09	0
6283185.307179586	2498.848848848849	5	-1.4515028166591968	1.5636144757280835e-09	2
6283185.307179586	1608.3583583583584	1	-0.9083891316925238	-4.509859121427021e-10	1
6283185.307179586	1552.7027027027027	4	0.08719277562462024	-1.864556537979406e-09	0
6283185.307179586	1775.3253253253254	3	-1.4079016682177945	-8.142490283631485e-10	1
6283185.307179586	954.4044044044044	2	0.5851093658639326	-2.858287225350775e-10	1
6283185.307179586	2944.094094094094	1	0.7871963452333555	1.6240432323132522e-09	0
6283185.307179586	843.0930930930931	2	1.3358449874826976	5.9260424359991e-10	2
6283185.307179586	1149.1991991991993	3	0.4165966746149581	9.584349400587878e-10	0
6283185.307179586	1476.176176176176	3	0.404307426391739	1.1620983915165935e-09	0
6283185.307179586	2304.054054054054	6	1.3451636685766717	-4.2442882227324005e-10	1
6283185.307179586	1044.8448448448448	6	1.4355686794791707	-1.951603761799769e-09	1
6283185.307179586	1657.0570570570571	2	-0.8305553446736512	-3.976132685742764e-10	2
6283185.307179586	1830.980980980981	3	-1.2033912040308028	1.3804926077813646e-09	1
6283185.307179586	1197.897897897898	6	1.0864796540591732	1.5537426444550792e-09	0
6283185.307179586	2477.977977977978	3	-0.5067961119674211	2.9762718322822473e-10	1
6283185.307179586	1204.854854854855	3	0.8584627675547134	4.29934091361044e-10	2
6283185.307179586	1817.0670670670672	5	0.3034833655366005	-1.34556488488247e-09	0
6283185.307179586	3403.253253253253	1	0.7821264088942943	4.3436192958346064e-10	1
6283185.307179586	1601.4014014014015	2	-0.8672287448018886	-2.6113274812054407e-10	1
6283185.307179586	1274.4244244244244	2	-1.569648703856133	-1.6105765180875562e-09	0
6283185.307179586	2477.977977977978	4	-1.5259141370744234	7.644125000127897e-10	2
6283185.307179586	2533.6336336336335	1	1.3232893125085639	-1.2374557177612559e-09	1
6283185.307179586	1497.047047047047	6	0.40095250038991237	6.256733708474324e-10	2
6283185.307179586	4043.2932932932936	2	-0.8050868904829862	-1.4949158043155594e-09	0
6283185.307179586	1566.6166166166167	1	-0.7741969384081869	1.699505726391766e-09	0
6283185.307179586	1114.4144144144145	4	-0.28039122540999806	1.1745201314434357e-09	0
6283185.307179586	1949.2492492492493	3	-0.5876423021183661	2.3202588098641942e-10	2
6283185.307179586	1385.7357357357357	4	-0.633422207805048	-4.836613177051276e-10	1
6283185.307179586	2025.7757757757759	4	0.9683730616425921	1.8004314820703972e-09	0
6283185.307179586	2519.7197197197197	1	1.5418732947024765	-1.0242179425848837e-09	2
6283185.307179586	2345.795795795796	4	-0.9950924139727608	6.740591698450801e-10	2
6283185.307179586	1197.897897897898	4	-1.2609005359600371	-1.432685461564888e-09	1
6283185.307179586	1900.5505505505505	1	-0.48228068019212844	5.447073729114226e-10	0
6283185.307179586	1211.8118118118118	3	-0.7718473915950627	-1.7787038915169721e-09	0
6283185.307179586	1399.6496496496497	3	-1.4515428982873404	1.2862629565113087e-10	1
6283185.307179586	1629.2292292292293	1	-1.427917804137216	1.9891240514130064e-09	2
6283185.307179586	2617.1171171171172	5	1.4883638656300389	-1.5409715376805654e-09	1
6283185.307179586	912.6626626626627	5	-0.00798975083208675	9.25172061541373e-10	0
6283185.307179586	2032.7327327327328	3	1.0841122678283317	2.1302825853666636e-10	1
6283185.307179586	2234.4844844844847	5	-0.21061090655981607	1.268201661559258e-09	0
6283185.307179586	1183.983983983984	3	0.6249738295570855	1.3031482303199466e-10	1
6283185.307179586	2735.3853853853852	3	-1.2121680963019377	-1.5661069368375397e-09	0
6283185.307179586	1163.113113113113	5	0.7817695062442369	-5.566670266991665e-10	1
6283185.307179586	1761.4114114114116	4	1.0027538656235735	-1.9957317322588277e-09	0
6283185.307179586	1030.930930930931	4	1.4253827920210287	-1.3267781137596747e-09	2
6283185.307179586	2811.911911911912	4	0.41503659456558983	7.549793215673452e-10	0
6283185.307179586	1796.1961961961963	4	0.18735824426779968	-6.052243730923328e-10	0
6283185.307179586	1997.947947947948	4	-0.13294923632304667	-1.146827194465971e-09	0
6283185.307179586	1740.5405405405406	1	-1.0811600861008717	-3.3185169991083155e-11	2
6283185.307179586	1121.3713713713714	2	1.2945576671282466	-2.005270385742448e-10	1
6283185.307179586	2484.934934934935	4	1.3644043078817445	-6.782483066328645e-10	2
6283185.307179586	884.8348348348349	5	1.1127064781321132	2.719830213702904e-10	2
6283185.307179586	808.3083083083084	6	-0.34062531338461444	1.726198874835775e-10	2
6283185.307179586	1963.1631631631633	2	0.7579171800910127	4.4343770262320806e-10	1
6283185.307179586	1504.004004004004	5	-1.4397309236281557	3.274788032434457e-10	1
6283185.307179586	2471.021021021021	3	-1.519516263916643	7.118719579893684e-10	1
6283185.307179586	1740.5405405405406	6	1.2660638687138661	-2.8939502129793654e-10	1
6283185.307179586	1490.0900900900901	6	0.9011509515407292	1.528216780111368e-09	0
6283185.307179586	1914.4644644644645	2	1.4111388207722464	1.9408688871253165e-09	1
6283185.307179586	2770.1701701701704	6	-0.5423800489727211	1.514988389822384e-09	0
6283185.307179586	836.1361361361362	3	-0.40658049794062	-7.701367025239168e-10	2
6283185.307179586	1434.4344344344345	5	1.479271800132468	-1.8889494911588815e-09	1
6283185.307179586	2088.388388388388	5	-0.7914551962458084	-1.0180569973103713e-09	0
6283185.307179586	1197.897897897898	3	-1.1929809587771372	-1.2922768080884481e-09	1
6283185.307179586	509.1591591591592	3	-0.8261130835335143	6.954051015010378e-10	2
6283185.307179586	1830.980980980981	5	0.6642426857460393	-1.3469594290094698e-09	0
6283185.307179586	1455.3053053053054	6	0.07487615551688842	9.21152079253618e-12	2
6283185.307179586	1559.6596596596596	5	0.9412560619373078	-1.561980897224895e-11	1
6283185.307179586	502.2022022022022	4	-1.4549321475948385	-1.3498994466187544e-09	1
6283185.307179586	1997.947947947948	4	1.3647743737795213	1.3651664651690211e-09	2
6283185.307179586	808.3083083083084	1	1.0063682271699648	1.6814435088142524e-09	0
6283185.307179586	1350.950950950951	4	-1.5272810286364011	7.093172507542602e-10	1
6283185.307179586	3424.124124124124	2	-0.15996359853844644	9.285434420424225e-10	0
6283185.307179586	1538.788788788789	6	1.1852468066025144	-8.304692814156187e-10	1
6283185.307179586	1580.5305305305305	6	1.2419526270228136	1.3267653425355181e-09	2
6283185.307179586	961.3613613613613	6	0.07987774173257023	1.182583165156186e-09	0
6283185.307179586	1573.5735735735736	4	-0.7516366439648733	-1.7277511828217032e-10	1
6283185.307179586	1740.5405405405406	1	0.29795129994876324	5.177007785604056e-10	0
6283185.307179586	2032.7327327327328	2	-0.5558337121842589	3.892067110933067e-11	1
6283185.307179586	1691.8418418418419	1	1.3946343663212635	-2.7073617848096943e-10	2
6283185.307179586	634.3843843843844	1	0.0899556718591017	1.9950441564360304e-09	0
6283185.307179586	1921.4214214214214	1	-0.9571882728808343	4.577525014317979e-10	2
6283185.307179586	1830.980980980981	2	-0.2961730881511575	1.1621252387215124e-09	0
6283185.307179586	1837.937937937938	1	-1.240084092622882	2.624677388303605e-10	2
6283185.307179586	1559.6596596596596	2	0.2421708334794661	1.6168810764160313e-09	0
6283185.307179586	1524.8748748748749	4	-0.8367314405121653	1.0751161115391756e-09	0
6283185.307179586	815.2652652652653	5	1.208860679725709	1.2980028940354442e-10	2
6283185.307179586	3799.7997997998	1	-0.18126821674863658	-1.0209787431404244e-09	0
6283185.307179586	884.8348348348349	4	-0.9228257999114033	3.0542932354037285e-10	1
6283185.307179586	1232.6826826826828	3	1.0690704438270333	-1.1522265397997838e-09	1
6283185.307179586	1997.947947947948	3	-0.48836613395818396	1.409085886138203e-09	0
6283185.307179586	1566.6166166166167	2	1.0605159384787481	-5.705710400952349e-10	2
6283185.307179586	2311.011011011011	2	-0.915960122174178	1.00798419700322e-09	0
6283185.307179586	2484.934934934935	1	0.8693794462141877	7.788101515417871e-10	0
6283185.307179586	2770.1701701701704	5	1.1993873187508628	-3.2150116019156797e-10	1
6283185.307179586	1483.1331331331332	4	0.7136087081370159	-3.5401453983276317e-10	2
6283185.307179586	815.2652652652653	6	1.4884535675730213	1.7821215264565804e-09	2
6283185.307179586	1323.1231231231232	3	-1.28854680378226	-1.0621437892109288e-10	2
6283185.307179586	1093.5435435435436	2	-0.777933759038254	2.586736867432373e-10	1
6283185.307179586	3605.005005005005	3	-0.42233089881061403	-9.548122862964839e-10	0
6283185.307179586	1455.3053053053054	4	-0.1590939445382935	4.195921081192145e-10	1
6283185.307179586	2617.1171171171172	5	1.2934126173089808	-1.731936621306002e-11	1
6283185.307179586	1970.1201201201202	4	1.3787927393548594	-8.080633708993332e-10	1
6283185.307179586	2248.3983983983985	3	0.6624744388921733	-4.0242456037157386e-10	2
6283185.307179586	836.1361361361362	6	-0.5314584558728963	-8.430358304632195e-10	0
6283185.307179586	2338.838838838839	4	1.4880682867358854	6.798649240621795e-10	1
6283185.307179586	523.0730730730731	5	-0.14087355847373018	1.96033896549566e-10	2
6283185.307179586	2999.7497497497498	4	-0.9210470619789561	-3.5628929109015183e-10	2
6283185.307179586	1837.937937937938	3	-0.31552251670440157	2.4782979529710216e-10	2
6283185.307179586	1865.7657657657658	5	0.7314026874776154	-2.1476596445641453e-10	1
6283185.307179586	1768.3683683683685	2	-1.1240694860189209	-1.1694362765784522e-09	1
6283185.307179586	1142.2422422422424	6	-0.6772831948136219	-1.702187441301116e-10	2
6283185.307179586	2617.1171171171172	1	0.021219128960922484	1.6883936475642684e-09	0
6283185.307179586	1970.1201201201202	6	-0.36014177742203657	-9.696566794109703e-10	0
6283185.307179586	2756.256256256256	1	-1.0313641151686619	1.8959362002176924e-09	0
6283185.307179586	1796.1961961961963	5	-0.3639116832995317	-1.7202446481929982e-09	0
6283185.307179586	4933.783783783784	4	1.50796652606522	5.630834008109852e-10	2
6283185.307179586	919.6196196196197	3	1.2862019167352896	1.3977549616290816e-09	2
6283185.307179586	1622.2722722722724	5	0.7683482701121411	1.1688518458620223e-09	0
6283185.307179586	2373.6236236236236	2	-0.06588760485597467	-5.218556322902214e-10	0
6283185.307179586	1712.7127127127128	4	0.7127294392319872	-8.614554140021489e-10	0
6283185.307179586	1295.2952952952953	5	-0.4497701956378395	-8.918505329279762e-10	0
6283185.307179586	2004.904904904905	4	-0.1856127994613863	-1.0983300394528316e-09	0
6283185.307179586	1768.3683683683685	1	-0.33556000923413465	1.9436576350578346e-09	0
6283185.307179586	3076.2762762762763	3	-1.36490909369348	1.1588848736745708e-09	1
6283185.307179586	2985.835835835836	6	-0.5238634645618607	2.9033063968045116e-10	2
6283185.307179586	1615.3153153153153	3	0.9430556196636202	1.8407579585828822e-09	0
6283185.307179586	495.24524524524526	1	-0.5515410098841982	1.1929679278945035e-09	0
6283185.307179586	912.6626626626627	4	0.4752750520503852	-1.7067025182147506e-09	0
6283185.307179586	2304.054054054054	2	0.412037417473194	-2.9254918580023146e-10	1
6283185.307179586	1796.1961961961963	2	0.6474821023475346	-1.1188272412224905e-09	0
6283185.307179586	1824.0240240240241	4	-1.4000379100954539	-1.0145447014412108e-09	2
6283185.307179586	2137.087087087087	2	-1.1253649710908986	-8.270842255429561e-10	1
6283185.307179586	3020.6206206206207	1	-1.1823188070112272	8.73090465850131e-10	1
6283185.307179586	2074.474474474475	4	-1.4332608208385884	-2.1714240006596835e-10	1
6283185.307179586	1239.6396396396397	5	0.22659273945302938	-2.3569541547713294e-10	2
6283185.307179586	1817.0670670670672	6	0.2822995342288712	-1.5539276206528709e-09	0
6283185.307179586	1316.1661661661662	5	0.6522856951717655	1.0846391145263915e-09	0
6283185.307179586	1573.5735735735736	1	0.5919427653077225	-1.7441320796208535e-09	0
6283185.307179586	1072.6726726726727	5	1.5408799333488314	1.9848014112895153e-10	2
6283185.307179586	1810.11011011011	1	1.2266017007136676	-2.3092733619375042e-10	2
6283185.307179586	3458.908908908909	1	-1.4122972288583024	1.1139089271433912e-09	2
6283185.307179586	1211.8118118118118	3	-1.2408569767749584	-2.6631657024447363e-10	2
6283185.307179586	1434.4344344344345	1	-0.013387046702707739	5.821239403528242e-10	0
6283185.307179586	2825.825825825826	5	-0.05967825518655978	3.519780115854272e-11	2
6283185.307179586	2749.2992992992995	3	-1.3385670369180507	9.728391596828107e-10	1
6283185.307179586	1691.8418418418419	6	0.7947280134079748	-1.7367704377518105e-09	0
6283185.307179586	1984.034034034034	5	0.6421161131539548	-9.94120561220809e-10	0
6283185.307179586	2220.5705705705705	6	1.0068229561748772	-1.2564697346336997e-09	0
6283185.307179586	2916.2662662662665	1	-1.5430210300420657	7.212819606278854e-10	2
6283185.307179586	1427.4774774774776	4	0.3060422291954519	-4.769340003231854e-10	1
6283185.307179586	3410.2102102102103	1	-1.143136058916176	5.945144432856319e-10	2
6283185.307179586	2582.3323323323325	4	-1.2124005382922665	1.1927251347512815e-09	1
6283185.307179586	1037.887887887888	4	0.38855126422616526	5.539380982242894e-10	1
6283185.307179586	975.2752752752752	6	-1.5007014016982605	-8.758945190096827e-10	2
6283185.307179586	1302.2522522522522	6	-0.28732941335523865	1.5906816396878547e-09	0
6283185.307179586	1010.0600600600601	4	1.1997450453748786	-1.2903775207985616e-09	2
6283185.307179586	3006.706706706707	5	0.3233288974692523	-1.7077060981840597e-09	0
6283185.307179586	1615.3153153153153	1	1.3495333899845914	1.2766222675648238e-09	2
6283185.307179586	1629.2292292292293	3	-1.0350133194634785	-5.898554939544809e-10	1
6283185.307179586	1677.927927927928	2	1.23698060693077	-1.2484636350106638e-09	1
6283185.307179586	1149.1991991991993	3	-0.6262103070110082	1.8144034054751586e-09	0
6283185.307179586	2554.5045045045044	2	0.36747612275695585	-8.013960176157648e-10	0
6283185.307179586	696.996996996997	3	0.6242448202629043	6.469217726199568e-11	1
6283185.307179586	1385.7357357357357	3	0.21460303211505116	6.514987400186246e-10	0
6283185.307179586	2679.72972972973	6	-1.3319136802084888	-1.8530542453237278e-09	0
6283185.307179586	3278.028028028028	2	1.44658456005781	-1.6140748024643037e-09	2
6283185.307179586	1413.5635635635635	2	-1.0349685107667117	-4.951904632934409e-10	2
6283185.307179586	1476.176176176176	5	-1.4817510174376836	6.998514201893784e-10	1
6283185.307179586	1949.2492492492493	5	1.0983332713602416	1.3800863994747875e-09	0
6283185.307179586	2046.6466466466468	2	-0.08875484319391669	-1.8090459110984965e-09	0
6283185.307179586	2352.7527527527527	4	-1.1428222211124983	1.9103554148854813e-09	0
6283185.307179586	766.5665665665666	3	-0.3392295247700694	7.266717212910124e-10	0
6283185.307179586	2032.7327327327328	2	-0.1649430644604315	-1.0002306280390322e-09	0
6283185.307179586	1385.7357357357357	6	-1.5277401752005375	-4.3958529975368824e-11	2
6283185.307179586	2596.2462462462463	4	0.3311839383629849	1.7266349752574126e-09	0
6283185.307179586	1510.960960960961	2	0.8046701696979501	-8.216922526945294e-10	1
6283185.307179586	1990.9909909909911	5	0.1796364317415895	-5.493132758748556e-10	0
6283185.307179586	808.3083083083084	4	0.08171885242663057	8.111303471489723e-10	0
6283185.307179586	1030.930930930931	1	0.7321288725801813	-5.780082063734531e-10	2
6283185.307179586	3104.1041041041044	2	-1.5372668140597456	-1.893379450522034e-09	1
6283185.307179586	2930.1801801801803	1	0.06118153871280385	-8.793643699925533e-10	0
6283185.307179586	1997.947947947948	4	0.8505764800456581	4.620592194032957e-10	2
6283185.307179586	1490.0900900900901	4	-0.40292036278600296	-1.2023284376677283e-09	0
6283185.307179586	3041.4914914914916	4	1.5299257890088471	1.4054436155834909e-09	1
6283185.307179586	1824.0240240240241	4	0.4355697113222914	-8.804587948732397e-11	2
6283185.307179586	2443.193193193193	3	1.3424625206107463	8.194217801670447e-10	2
6283185.307179586	1844.8948948948948	5	0.3798718649815245	1.1973379069311458e-09	0
6283185.307179586	2283.1831831831832	4	0.7623725674980153	1.298764533661246e-09	0
6283185.307179586	3083.2332332332335	2	-1.2384618771457674	1.6277261704716698e-09	0
6283185.307179586	1128.3283283283283	3	-0.04050655124625413	1.057529417123522e-09	0
6283185.307179586	3465.865865865866	2	-1.1314265051653773	5.970405666738816e-11	1
6283185.307179586	1170.0700700700702	1	-1.0531841267510913	-7.345867289445241e-10	2
6283185.307179586	1844.8948948948948	5	-0.08824349420777833	7.778057686089914e-10	0
6283185.307179586	2484.934934934935	5	-0.7175322084148171	-8.384931638708989e-11	2
6283185.307179586	1691.8418418418419	3	0.5716570760856734	-4.5907452945403646e-10	1
6283185.307179586	2317.967967967968	2	-1.3228828095144556	-4.241022172045121e-10	1
6283185.307179586	1448.3483483483483	5	1.1191151896133622	1.587830211544248e-13	1
6283185.307179586	2519.7197197197197	2	-0.7725978105359094	-9.261056716807174e-10	0
6283185.307179586	1977.077077077077	2	0.9614295173398815	-7.87296517272624e-11	2
6283185.307179586	676.1261261261261	2	-0.4326113556112783	7.103499035142902e-10	0
6283185.307179586	2046.6466466466468	1	1.4556290867458395	-4.1987360781263964e-10	2
6283185.307179586	2401.4514514514517	6	-0.5626583003689176	-1.3856379970101908e-09	0
6283185.307179586	982.2322322322323	1	-0.8589289147488846	8.466481284748687e-10	0
6283185.307179586	3236.286286286286	1	-0.7792558491401533	1.059306493927516e-09	0
6283185.307179586	1483.1331331331332	1	1.135302120325286	-1.6340029883829188e-09	0
6283185.307179586	1949.2492492492493	5	-1.0242509840827898	1.0252686489078636e-09	0
6283185.307179586	1949.2492492492493	3	-1.3243264889202078	1.54915405131056e-09	2
6283185.307179586	585.6856856856857	2	-1.1427772692337386	1.8724944821052976e-09	0
6283185.307179586	1197.897897897898	6	-0.16349883191460712	-7.337695472906548e-10	0
6283185.307179586	1956.2062062062062	5	0.10610459317136756	5.98252299965873e-11	1
6283185.307179586	1281.3813813813815	6	-0.35979533053631196	6.097004939376192e-10	1
6283185.307179586	982.2322322322323	1	1.1552670121738493	1.2838140504937577e-09	0
6283185.307179586	2151.001001001001	6	-0.5301461245531653	1.4359383588445615e-09	0
6283185.307179586	1142.2422422422424	5	-0.1423062249089282	-1.3483511178330377e-09	0
6283185.307179586	3138.888888888889	6	-0.2247346196415494	-2.400696082081991e-10	2
6283185.307179586	2234.4844844844847	3	-0.5218485613868298	8.241630388442799e-10	0
6283185.307179586	2276.226226226226	2	0.22019317326544807	-1.8619913828260405e-09	0
6283185.307179586	2415.3653653653655	1	-0.7914794704836476	-7.67790639771917e-10	0
6283185.307179586	2797.997997997998	2	-0.5617348030264877	1.2081964501612544e-09	0
6283185.307179586	2081.4314314314315	3	0.5079566760980607	-9.31850101086486e-10	0
6283185.307179586	2533.6336336336335	2	-0.005052579999203832	-1.6632177006684087e-09	0
6283185.307179586	3041.4914914914916	1	-0.664706460312274	-2.7672762992012964e-10	2
6283185.307179586	2811.911911911912	2	1.3273143769492566	-1.8044689172465389e-09	1
6283185.307179586	2742.3423423423424	2	-0.802494383290262	-1.9890364163121763e-10	1
6283185.307179586	2464.064064064064	1	-0.054779660773652816	1.0004410720051143e-09	0
6283185.307179586	1615.3153153153153	4	0.48104754188447396	-5.129933311491057e-10	1
6283185.307179586	1504.004004004004	6	1.0061422572631002	-2.742879245897232e-10	2
6283185.307179586	1455.3053053053054	5	0.8634726267863204	1.916568937427922e-09	0
6283185.307179586	1622.2722722722724	4	-0.8113261876765101	1.817574934348315e-09	0
6283185.307179586	2304.054054054054	2	-1.4083315463611665	-1.9803958707620822e-10	1
6283185.307179586	2763.2132132132133	6	-0.6900048961602274	1.8922770191363775e-09	0
6283185.307179586	1225.7257257257259	3	1.3192117182247167	-1.1183662729427702e-09	1
6283185.307179586	2540.5905905905906	2	1.3187415355894396	-1.4832401317889976e-09	1
6283185.307179586	1288.3383383383384	1	-0.02559073100507092	1.9469559856345756e-09	0
6283185.307179586	1712.7127127127128	2	1.1232747005213266	-1.6252558613205812e-09	0
6283185.307179586	2554.5045045045044	4	0.7538339147386983	-1.421080075367015e-09	0
6283185.307179586	870.9209209209209	3	0.09304938795590756	1.0821253521029157e-09	0
6283185.307179586	2978.878878878879	3	0.7887133030465718	6.380131048046928e-10	0
6283185.307179586	1010.0600600600601	6	0.9998480375720167	-1.6085975762657121e-09	0
6283185.307179586	2818.868868868869	4	-0.4361723497179677	1.971737889864187e-09	0
6283185.307179586	1817.0670670670672	1	-0.9172647165580107	1.1589936145421167e-11	1
6283185.307179586	1997.947947947948	6	0.6843102141161475	-7.172645564447336e-10	0
6283185.307179586	1629.2292292292293	1	-0.828665070381501	6.761629854391508e-10	0
6283185.307179586	1677.927927927928	5	-0.977661116334218	1.1720130129022769e-09	0
6283185.307179586	2039.6896896896897	3	-0.3720866468490922	3.377697661752163e-10	1
6283185.307179586	1267.4674674674675	2	-0.3769670648731964	-1.4541218613179088e-09	0
6283185.307179586	2352.7527527527527	4	-1.2473062233869348	-1.6170070140306142e-09	0
6283185.307179586	2714.5145145145148	1	-1.0630460490340528	9.53303795890563e-10	0
6283185.307179586	1657.0570570570571	5	-0.6462537130503988	-1.5854287650071776e-09	0
6283185.307179586	738.7387387387388	3	1.469408759471444	1.2774694330475086e-10	2
6283185.307179586	1643.143143143143	4	0.8402702737031822	-1.1932966352909347e-09	0
6283185.307179586	1232.6826826826828	1	-1.03269917335615	1.532690481888846e-09	0
6283185.307179586	815.2652652652653	4	1.253833098900004	1.2790520868722014e-09	1
6283185.307179586	641.3413413413414	1	-1.2342285114367102	-1.9491959714904656e-09	1
6283185.307179586	2311.011011011011	3	-0.4932236252655329	1.6365262599822047e-09	0
6283185.307179586	1928.3783783783783	3	-0.17869138436813836	2.85124489243116e-10	1
6283185.307179586	488.2882882882883	5	0.174348214476731	7.126405481200458e-10	1
6283185.307179586	836.1361361361362	3	-0.46371885744214913	-1.831804574577944e-09	0
6283185.307179586	1608.3583583583584	4	-0.855027328044351	1.3320675258381635e-09	0
6283185.307179586	1093.5435435435436	6	0.498548489912102	-8.175396859342624e-10	0
6283185.307179586	2958.008008008008	1	0.7792780988689452	-1.873338168521371e-09	0
6283185.307179586	2004.904904904905	4	-0.17721714259401544	-1.9362831470304266e-09	0
6283185.307179586	1177.027027027027	5	-0.7021896689840228	-8.547643720777632e-10	0
6283185.307179586	1462.2622622622623	5	0.7586949317148779	-1.9575485121250277e-09	0
6283185.307179586	1197.897897897898	5	1.050343196845203	-4.5866785240275306e-11	1
6283185.307179586	773.5235235235235	1	1.5247348840193329	1.1029498593745642e-09	2
6283185.307179586	1531.8318318318318	5	-0.7389574391859313	1.4010574216567706e-09	0
6283185.307179586	1010.0600600600601	6	0.7400269548576714	-2.2666915672072248e-10	2
6283185.307179586	2227.5275275275276	5	-1.035271454982979	-1.123152046082765e-09	0
6283185.307179586	3556.3063063063064	1	-0.7610917979599094	-3.2792934869769255e-10	1
6283185.307179586	2290.1401401401404	5	0.5713284827864475	1.712981436142613e-09	0
6283185.307179586	863.963963963964	4	0.7945888185867722	1.9592346831960214e-09	0
6283185.307179586	2123.1731731731734	1	-0.08145551204495183	-9.69812796889128e-11	1
6283185.307179586	1754.4544544544544	2	0.17669095005055357	-1.3896207252064509e-09	0
6283185.307179586	669.1691691691692	1	0.09118420748477463	1.1184987030867872e-09	0
6283185.307179586	898.7487487487488	3	0.38638585107962786	1.0831721833053685e-10	1
6283185.307179586	2644.944944944945	1	-0.9684226358145451	-1.1676344634732088e-09	0
6283185.307179586	1928.3783783783783	2	-1.1018778513582457	1.2954778641421348e-09	0
6283185.307179586	829.1791791791792	4	-0.6075224378612266	1.2629094960141074e-09	0
6283185.307179586	1956.2062062062062	1	0.22412516981488873	2.317877376289533e-10	2
6283185.307179586	1949.2492492492493	2	-1.555973302344839	1.864060185372544e-09	1
6283185.307179586	1510.960960960961	6	-0.5540453834108043	-1.9858781805347494e-09	0
6283185.307179586	884.8348348348349	2	-1.0607148601606138	1.3568290774761936e-09	0
6283185.307179586	2144.0440440440443	5	1.1038697615715112	-1.5519577161356716e-09	0
6283185.307179586	2018.818818818819	4	-1.2096094653614609	-2.587736933798044e-10	2
6283185.307179586	3048.4484484484487	2	1.1313007534730892	-1.6576076342417566e-09	0
6283185.307179586	690.04004004004	3	0.7832314799602145	-1.891788817024506e-09	0
6283185.307179586	1392.6926926926926	1	-0.4449648179795682	1.245381353255147e-09	0
6283185.307179586	1768.3683683683685	6	0.11115745818033007	-5.82949531531118e-10	0
6283185.307179586	2387.5375375375374	6	0.979255948730859	-9.958203282739452e-10	0
6283185.307179586	2227.5275275275276	2	-1.4030542320446342	-1.7753272688633485e-09	1
6283185.307179586	1455.3053053053054	2	-0.8606695211391868	-1.484392331028243e-09	0
6283185.307179586	2018.818818818819	4	-0.07915709325770526	-3.2970974906471724e-10	2
6283185.307179586	1079.6296296296296	6	0.9722144425733585	-8.676480966519726e-10	0
6283185.307179586	898.7487487487488	4	-0.7107718643415891	-6.304817730244562e-10	2
6283185.307179586	2192.742742742743	1	-0.06305669885730181	-1.9929962598618583e-10	1
6283185.307179586	1037.887887887888	2	-1.2385509624323334	-5.011635939424615e-10	1
6283185.307179586	1719.6696696696697	3	1.1788513567969976	1.3317382311430196e-09	0
6283185.307179586	2144.0440440440443	3	-1.044275560988869	7.204942706037005e-10	2
6283185.307179586	1211.8118118118118	2	1.2759093572978184	-1.5220102623788177e-09	1
6283185.307179586	2178.828828828829	4	-1.384113039419036	-4.531964995485378e-10	2
6283185.307179586	2185.7857857857857	5	-0.9908674004869172	-1.0445671106094423e-10	1
6283185.307179586	3097.1471471471473	5	-0.7349940342292782	1.6734715758060446e-09	0
6283185.307179586	1211.8118118118118	4	1.5073647001883193	1.563753847489822e-09	1
6283185.307179586	1399.6496496496497	5	-0.17392443159637283	1.3179101643695795e-09	0
6283185.307179586	1225.7257257257259	6	0.29653510834934105	-1.6182042003105868e-09	0
6283185.307179586	2519.7197197197197	4	0.8931046571507739	1.5439852820653188e-10	1
6283185.307179586	2213.613613613614	3	1.1893640617587025	1.2028376746032735e-09	1
6283185.307179586	2171.871871871872	6	-0.7258797687278684	7.709851000338492e-10	0
6283185.307179586	669.1691691691692	1	-0.04305388160262047	1.2050407482543565e-09	0
6283185.307179586	752.6526526526527	2	0.3089307946399815	-1.1431757984374933e-09	0
6283185.307179586	1023.973973973974	1	-1.3510261886346198	1.1171392731526471e-10	2
6283185.307179586	1100.5005005005005	2	0.8596609564322053	-1.3946074161512631e-09	0
6283185.307179586	1072.6726726726727	6	0.6443069932753929	8.840046351798459e-10	2
6283185.307179586	1566.6166166166167	4	-0.9044040884740077	-1.5726926650524793e-09	0
6283185.307179586	1337.0370370370372	6	0.04820464813786551	7.964471450121998e-10	0
6283185.307179586	2304.054054054054	5	0.2563560558564979	-1.3750314556823309e-09	0
6283185.307179586	3236.286286286286	2	-0.42864156018123745	-1.944735839584094e-09	0
6283185.307179586	1406.6066066066066	1	0.5402007879649293	1.1593404311767756e-09	0
6283185.307179586	2262.3123123123123	6	0.07092756335920836	-1.1933324683261253e-09	0
6283185.307179586	676.1261261261261	3	-1.2041381538146088	-3.549896336418885e-10	2
6283185.307179586	1350.950950950951	5	0.2702664646182136	-2.0404520045746774e-10	1
6283185.307179586	877.877877877878	5	-1.1738206055658804	-1.5666802681139328e-09	0
6283185.307179586	1747.4974974974975	2	-0.028849072434637524	-4.471164982447262e-10	2
6283185.307179586	425.6756756756757	3	-0.5272688764137796	-2.478843290710553e-10	1
6283185.307179586	3284.984984984985	6	-0.6695579913464024	7.329180077131504e-10	0
6283185.307179586	1517.917917917918	6	0.22074551159480116	1.889667529481657e-09	0
6283185.307179586	1608.3583583583584	3	0.7965241205679292	-2.1805699693854173e-10	2
6283185.307179586	3465.865865865866	4	1.1649039320202625	-7.938601933194605e-10	1
6283185.307179586	1135.2852852852852	2	-0.770206075097264	-9.71966109967851e-10	0
6283185.307179586	1907.5075075075076	3	-0.028816731377729	1.0042747398710941e-09	0
6283185.307179586	1504.004004004004	1	0.9416531266535051	-1.7975647702150766e-09	0
6283185.307179586	571.7717717717718	5	-0.9382141385325883	3.1083908557177587e-10	1
6283185.307179586	1253.5535535535537	5	1.270398467692556	-1.5401308745878134e-09	2
6283185.307179586	3883.2832832832833	2	-1.2084103704441418	9.076575383705245e-10	1
6283185.307179586	745.6956956956957	1	0.19539698798636596	1.2531760941775212e-09	0
6283185.307179586	1914.4644644644645	6	0.8471831014094322	8.080555127079406e-10	1
6283185.307179586	1601.4014014014015	3	-1.1210229532354286	-1.7081269351679922e-09	0
6283185.307179586	1580.5305305305305	2	0.24847052608949327	4.658140407492187e-10	0
6283185.307179586	2631.031031031031	5	1.0653764243207884	-1.994786318185677e-09	0
6283185.307179586	1017.017017017017	3	-1.1127724343446943	2.6926715133048255e-11	2
6283185.307179586	1149.1991991991993	6	1.0778492379785183	1.9931355501911555e-09	0
6283185.307179586	3215.4154154154153	4	1.18157376164935	-1.38892427078448e-09	0
6283185.307179586	1281.3813813813815	4	-1.297357735811637	-1.1888621914400416e-09	2
6283185.307179586	1664.014014014014	2	0.9051309837131587	7.451783924577717e-10	1
6283185.307179586	2596.2462462462463	6	-1.3940682846709802	1.6734539256596594e-09	1
6283185.307179586	1211.8118118118118	1	1.15835876028784	-9.936860307298576e-10	2
6283185.307179586	1288.3383383383384	6	-1.4515766247876816	1.851638978771633e-09	2
6283185.307179586	1775.3253253253254	1	0.7651180687122334	-4.833960943986865e-10	2
6283185.307179586	1455.3053053053054	1	-1.1291714317301995	1.052471787235933e-09	1
6283185.307179586	2227.5275275275276	5	1.2317134606411435	-1.1495217695336875e-09	1
6283185.307179586	2401.4514514514517	1	0.16159646829863483	-1.8633342007794077e-09	0
6283185.307179586	1844.8948948948948	2	-0.6069133328209358	1.9100234312447742e-10	1
6283185.307179586	1789.2392392392394	6	0.7266836174695745	-1.708901948220743e-09	0
6283185.307179586	1469.2192192192192	6	0.17835782430426894	7.518376497514697e-10	0
6283185.307179586	1712.7127127127128	1	0.7259874484159683	-9.53481165510946e-10	0
6283185.307179586	516.1161161161161	1	-1.5646764377296418	-1.4628215559697548e-09	1
6283185.307179586	1490.0900900900901	3	1.371403220938563	-1.7016934939905457e-09	1
6283185.307179586	2046.6466466466468	5	0.48408330868304184	-1.3518597777319516e-11	1
6283185.307179586	3034.5345345345345	3	-0.4914223175278749	1.0149434293949017e-09	0
6283185.307179586	1601.4014014014015	1	-0.43064399426336686	-1.7060579137915869e-09	0
6283185.307179586	488.2882882882883	4	0.2549665070175007	-8.219274670343002e-10	0
6283185.307179586	1594.4444444444446	3	0.04069158466491141	-1.89348773998263e-09	0
6283185.307179586	1830.980980980981	1	-1.4732142603488625	1.0540251088138803e-09	2
6283185.307179586	1615.3153153153153	1	-1.2641031796327935	-1.0643411478340425e-10	1
6283185.307179586	1608.3583583583584	4	0.5272391265926912	-2.625520283933626e-10	1
6283185.307179586	891.7917917917919	5	0.8991973019014803	-1.4942006462482895e-09	0
6283185.307179586	1761.4114114114116	2	-0.29349211611748593	1.3496045385423592e-10	2
6283185.307179586	1524.8748748748749	2	-0.8574993634143587	-4.805007198365514e-10	1
6283185.307179586	2269.2692692692694	3	0.8133788466822431	-1.188349217946504e-09	0
6283185.307179586	2144.0440440440443	6	-1.4748303589710061	-1.5899692611414915e-09	2
6283185.307179586	1357.9079079079079	1	-0.48530436432640656	1.1924644938919958e-09	0
6283185.307179586	2060.5605605605606	5	0.19068926641064543	1.3203113091450425e-09	0
6283185.307179586	1601.4014014014015	1	1.2356344891375333	-3.177218660022651e-10	2
6283185.307179586	2060.5605605605606	2	0.7467616403252229	-1.1292191564299521e-10	1
6283185.307179586	2269.2692692692694	5	0.912238472367036	-9.669894974799616e-10	0
6283185.307179586	2429.2792792792793	5	0.8192986542531009	7.248452705408039e-10	0
6283185.307179586	2123.1731731731734	2	-0.0031090846679719952	4.3538603848078377e-10	0
6283185.307179586	2888.4384384384384	4	1.4397140388912835	-3.988430923465614e-10	1
6283185.307179586	2436.2362362362364	5	1.1610430459721837	-2.306493741607736e-10	1
6283185.307179586	1754.4544544544544	1	-0.8086079808737078	-4.872942761159185e-10	2
6283185.307179586	1580.5305305305305	2	-1.314132729856419	2.1800536018166061e-10	1
6283185.307179586	2686.6866866866867	1	0.23259663666571018	-4.120674659242401e-10	1
6283185.307179586	2144.0440440440443	2	-1.0374846197925294	-1.5093065847930283e-09	0
6283185.307179586	2728.4284284284286	2	0.2869749446460961	-6.265245436207288e-10	0
6283185.307179586	2018.818818818819	6	0.46995794915966194	1.0553586377200298e-09	0
6283185.307179586	1559.6596596596596	5	-1.3281015064327888	-7.186320153390597e-10	1
6283185.307179586	1733.5835835835837	2	-0.12074346936817903	-1.3414241356145472e-09	0
6283185.307179586	1970.1201201201202	6	-0.3451817845326439	1.606259356837176e-11	1
6283185.307179586	1044.8448448448448	3	-1.0876428893947685	-7.086956237984361e-10	1
6283185.307179586	2039.6896896896897	5	-0.4735237643916148	7.589749564986273e-10	0
6283185.307179586	1427.4774774774776	4	-0.38784882560458867	1.7961797754599093e-09	0
6283185.307179586	2860.610610610611	6	-0.4242956239503839	-1.8194018054192745e-09	0
6283185.307179586	1782.2822822822823	6	0.9597514994210399	-1.118289383904594e-10	1
6283185.307179586	1608.3583583583584	3	0.5198321849011491	1.401677435542826e-09	0
6283185.307179586	731.7817817817818	4	-1.438685802904201	3.214383446157759e-10	2
6283185.307179586	2707.5575575575576	2	0.5926002609295309	1.942924069628687e-09	0
6283185.307179586	1086.5865865865867	3	-0.6991865009968632	1.7807535596699308e-09	0
6283185.307179586	2297.097097097097	6	0.8842581003891588	1.0213251779981504e-09	0
6283185.307179586	1754.4544544544544	3	1.3410626030129404	-1.12283186171211e-09	2
6283185.307179586	2679.72972972973	5	0.2869755380815715	1.9128049310117644e-09	0
6283185.307179586	1434.4344344344345	6	-0.7959203835724727	1.938723901736483e-09	0
6283185.307179586	822.2222222222223	2	1.5128392197571499	-1.8607965227374354e-09	2
6283185.307179586	1427.4774774774776	4	-0.09327054809124857	1.4101004946625874e-09	0
6283185.307179586	2923.223223223223	2	-0.6554691987851331	1.1829642999725822e-09	0
6283185.307179586	272.62262262262266	2	0.9151935051097584	-1.1325251674649419e-09	1
6283185.307179586	1643.143143143143	3	-0.06760410536629347	-1.0415102344331273e-09	0
6283185.307179586	2102.3023023023025	4	1.5032637437934118	-7.493762454748785e-10	2
6283185.307179586	1323.1231231231232	4	-0.7145025219966791	-1.313117680946964e-09	0
6283185.307179586	2130.13013013013	2	1.1076711646167703	1.5638767611510287e-09	0
6283185.307179586	2436.2362362362364	5	0.28172668723709915	-3.108816481195072e-10	2
6283185.307179586	2547.5475475475478	5	0.22112800298700042	-1.222265742643978e-09	0
6283185.307179586	1956.2062062062062	6	0.0335831009525871	1.1591834542342912e-09	0
6283185.307179586	2206.6566566566567	6	-0.313224925516441	1.614303009787617e-09	0
6283185.307179586	3159.75975975976	6	1.5580173721104869	5.534702712498475e-10	1
6283185.307179586	3563.2632632632635	4	-0.9048180875331303	6.626131220808004e-11	1
6283185.307179586	2658.858858858859	3	-1.1709190093087896	1.1402279140419332e-09	1
6283185.307179586	1677.927927927928	1	-0.5599020545300004	1.974706761744603e-09	0
6283185.307179586	1956.2062062062062	2	-1.2319464314740989	-1.2339604424079733e-09	2
6283185.307179586	2937.1371371371374	5	-0.8326668622136284	-1.5083583558309318e-09	0
6283185.307179586	857.007007007007	5	-1.4014381486105458	1.0316874415943372e-09	1
6283185.307179586	3041.4914914914916	6	-0.8581309110282409	1.2356732053433882e-09	0
6283185.307179586	3152.802802802803	2	1.5362312715406872	-6.359137777319992e-10	2
6283185.307179586	2081.4314314314315	3	1.5481192629764031	-1.6415486040703057e-09	2
6283185.307179586	1545.7457457457458	1	0.9798362698227989	-2.848260041475879e-10	2
6283185.307179586	3173.673673673674	4	1.283842783839411	1.4078615733362997e-09	1
6283185.307179586	863.963963963964	2	0.7240596840219959	-4.845228302236571e-10	2
6283185.307179586	989.1891891891892	6	-1.1069091909486983	7.104754785633344e-11	2
6283185.307179586	1281.3813813813815	5	0.8473999549776488	-1.2386917774699863e-10	1
6283185.307179586	2464.064064064064	5	0.3890498800317632	-3.17300163046883e-10	2
6283185.307179586	2123.1731731731734	4	1.4976262820604167	5.507963544067591e-10	1
6283185.307179586	2484.934934934935	5	-0.07426528494008311	-1.4231191943916155e-09	0
6283185.307179586	1789.2392392392394	3	0.7355009206141587	-5.982775455793067e-10	1
6283185.307179586	1149.1991991991993	1	-1.4834025392959298	3.8641950536031467e-10	1
6283185.307179586	1420.5205205205204	6	-1.3280621939017383	1.4112596349022174e-09	2
6283185.307179586	850.0500500500501	5	-1.2066937268711755	1.25784277908114e-09	2
6283185.307179586	1990.9909909909911	6	1.4588596055427123	1.5985640639840834e-09	2
6283185.307179586	1754.4544544544544	5	0.45010252202036094	-1.2138555863802223e-09	0
6283185.307179586	1531.8318318318318	2	1.3016850136708031	-1.7928832407123242e-09	2
6283185.307179586	1921.4214214214214	3	1.38210408448399	1.4056545383374612e-09	2
6283185.307179586	2484.934934934935	2	-1.1074281105537929	1.3059208845067858e-09	0
6283185.307179586	1545.7457457457458	6	-0.7065965793596862	1.6712403255914749e-09	0
6283185.307179586	1914.4644644644645	2	-0.30721915810314404	-1.6395211421087841e-09	0
6283185.307179586	1942.2922922922924	2	-0.8269963982850912	-8.25864928938708e-11	2
6283185.307179586	1775.3253253253254	1	1.2489478130755503	9.672639374409733e-10	1
6283185.307179586	1830.980980980981	4	1.5572059104111928	-1.434028739394924e-09	2
6283185.307179586	1824.0240240240241	4	1.1538744486573154	-9.906712080556512e-10	2
6283185.307179586	2171.871871871872	3	-1.1608118245234618	-9.921520588019629e-10	1
6283185.307179586	877.877877877878	4	-0.10940816902122585	-1.41100304873861e-09	0
6283185.307179586	745.6956956956957	4	-0.4305253995787428	-1.880497191296199e-09	0
6283185.307179586	5316.416416416417	2	0.9048788052405587	9.006370723149699e-11	1
6283185.307179586	1281.3813813813815	5	-0.47577231653392693	-1.118847611964259e-09	0
6283185.307179586	1462.2622622622623	3	0.5556567176382328	1.530527736154759e-10	1
6283185.307179586	2471.021021021021	5	0.9040920605600231	1.006657796916355e-09	0
6283185.307179586	1559.6596596596596	4	-0.5203739032236248	-1.6408228368884693e-09	0
6283185.307179586	3674.574574574575	2	0.7233860039379909	1.832972560430198e-09	0
6283185.307179586	1824.0240240240241	4	0.6292113798655525	-1.9472051564877935e-09	0
6283185.307179586	1956.2062062062062	6	0.41716851168274216	1.5017925639426206e-09	0
6283185.307179586	2686.6866866866867	5	0.46361805160526304	3.659718991420428e-10	2
6283185.307179586	801.3513513513514	2	0.1248200005223945	-1.9223517457964073e-10	1
6283185.307179586	1281.3813813813815	2	0.2687198744603876	-7.504735482611391e-10	0
6283185.307179586	1650.1001001001002	2	0.3586642826164621	1.1277013089912458e-09	0
6283185.307179586	1552.7027027027027	6	-1.5410792570224163	1.7599556321257437e-09	2
6283185.307179586	1385.7357357357357	2	1.1774360318459092	-1.4862554128189346e-09	1
6283185.307179586	2923.223223223223	3	0.5547254311718288	1.1334197522203723e-09	0
6283185.307179586	1928.3783783783783	5	1.2452982429985404	1.1975545121154142e-09	2
6283185.307179586	3131.931931931932	6	-0.9066747188554272	-5.667809410791641e-10	1
6283185.307179586	2109.259259259259	2	0.2146765221697231	7.169139637080145e-10	0
6283185.307179586	1448.3483483483483	3	1.3533002154907074	2.7600598592214753e-10	1
6283185.307179586	1030.930930930931	1	0.2789735507508333	-1.1805028205390374e-09	0
6283185.307179586	1538.788788788789	3	1.109587515092683	5.412579135742001e-10	2
6283185.307179586	1531.8318318318318	1	0.24757338724066913	-2.114536556858239e-10	2
6283185.307179586	2749.2992992992995	6	1.4366602355439984	-1.0347247136425254e-09	2
6283185.307179586	1956.2062062062062	4	-0.04227482885971323	1.0553098226823856e-09	0
6283185.307179586	759.6096096096096	6	1.110860231869586	8.568709417114886e-10	1
6283185.307179586	2526.676676676677	3	-0.7128915974924844	6.177077357831472e-10	0
6283185.307179586	2081.4314314314315	6	0.5432750009747314	-6.355147293444188e-10	0
6283185.307179586	2032.7327327327328	5	0.16280381907112096	1.2105725566527447e-09	0
6283185.307179586	2373.6236236236236	2	-1.5145798063624496	1.6802265774117756e-09	2
6283185.307179586	2644.944944944945	4	-1.446531851186004	-1.8746568108401114e-09	2
6283185.307179586	1135.2852852852852	6	-0.28948370511944965	4.68277054671717e-10	2
6283185.307179586	989.1891891891892	2	0.2959908969880727	-1.5514305845719281e-09	0
6283185.307179586	1211.8118118118118	1	-0.5808603106481913	1.9293919156025502e-09	0
6283185.307179586	1684.884884884885	6	-0.22265758726440898	-1.875353784652809e-09	0
6283185.307179586	1524.8748748748749	6	0.09765676352478403	-1.245308278761359e-09	0
6283185.307179586	2533.6336336336335	3	0.6082251327431867	-1.296764939486155e-10	1
6283185.307179586	1023.973973973974	1	-0.8490520086868418	-6.134860501218157e-10	2
6283185.307179586	2164.914914914915	2	-1.4555284751748245	3.96135998565145e-10	1
6283185.307179586	2999.7497497497498	3	0.017985644846412407	-1.5433165517497667e-09	0
6283185.307179586	4662.462462462463	6	-0.7731562729135607	-1.0175935416678495e-09	0
6283185.307179586	1691.8418418418419	6	-0.021516791680240788	-1.4873860277719535e-09	0
6283185.307179586	1761.4114114114116	3	0.5239769972523374	-9.046989798054064e-10	0
6283185.307179586	1504.004004004004	4	-1.5522207677192585	2.882998377618412e-10	1
6283185.307179586	1316.1661661661662	3	-1.5191867641616574	1.1358466870684884e-09	2
6283185.307179586	2199.6996996997	4	-0.8940605243828491	-1.0826432301038075e-10	1
6283185.307179586	1914.4644644644645	2	-1.517752042707231	-1.1260531453716631e-09	2
6283185.307179586	3083.2332332332335	6	0.37570168500291024	-8.149546366858162e-10	0
6283185.307179586	1371.821821821822	4	-0.23633345971362396	1.97646073886684e-10	2
6283185.307179586	898.7487487487488	3	-0.5976681296737294	1.8356733897858228e-09	0
6283185.307179586	1462.2622622622623	5	0.3346790009687397	-1.830560272846718e-09	0
6283185.307179586	836.1361361361362	5	1.2720924312190633	-1.7839385821335784e-09	2
6283185.307179586	1789.2392392392394	1	-1.173890004135648	-1.8076237055312318e-09	0
6283185.307179586	2331.881881881882	5	1.5199217765894946	-1.4004756396809888e-09	2
6283185.307179586	2582.3323323323325	3	-0.24106080080555792	-6.400684961936829e-10	0
6283185.307179586	1580.5305305305305	4	0.44765733905887295	-1.7771166003584803e-09	0
6283185.307179586	2721.4714714714714	4	0.19186296973840422	1.6728670205088809e-09	0
6283185.307179586	3347.5975975975975	2	1.1344569941148404	-7.639364975527556e-10	1
6283185.307179586	1587.4874874874874	3	1.2842347747491467	-1.0120099926141993e-09	2
6283185.307179586	731.7817817817818	5	1.5155192984204278	-1.7909780441543652e-09	1
6283185.307179586	1566.6166166166167	3	1.3082921935790806	-1.4596321221259313e-09	1
6283185.307179586	2151.001001001001	4	-0.8418302857781697	-8.93316451165311e-10	0
6283185.307179586	1879.6796796796798	4	-0.29451850493780607	1.2802894702803793e-09	0
6283185.307179586	2157.957957957958	6	-0.49170109373269577	9.488791822142159e-10	0
6283185.307179586	947.4474474474474	4	0.6880147977928459	-5.564471189586655e-10	2
6283185.307179586	1086.5865865865867	4	1.076653219227841	-7.381884625369831e-10	2
6283185.307179586	2944.094094094094	3	-1.0098002134950201	6.614498476841532e-10	1
6283185.307179586	2213.613613613614	5	1.0377423761007871	1.6299711526515641e-09	0
6283185.307179586	1163.113113113113	5	1.2274942732739356	1.1677815619640947e-10	1
6283185.307179586	1698.7987987987988	2	1.4551197359521932	3.862140326921048e-10	2
6283185.307179586	1740.5405405405406	1	0.15704577146356202	-1.4083982433965085e-09	0
6283185.307179586	1893.5935935935936	3	-1.4071776498222477	9.28818547427932e-10	2
6283185.307179586	2151.001001001001	4	-0.07196959741559139	2.758820453214279e-10	1
6283185.307179586	2373.6236236236236	1	0.4672201222166983	-9.765944163019361e-10	0
6283185.307179586	1761.4114114114116	3	1.0398202977501145	-4.687835595125969e-10	2
6283185.307179586	1364.864864864865	1	1.5307960592696883	1.5335809194432553e-09	2
6283185.307179586	2032.7327327327328	2	-1.0351003329634345	7.558527627930332e-10	1
6283185.307179586	1782.2822822822823	2	0.023848050101318297	1.8524098455357337e-09	0
6283185.307179586	1879.6796796796798	5	0.9799589323470173	1.7272051089083059e-09	0
6283185.307179586	1900.5505505505505	5	1.3714118426025856	7.016275089896159e-10	2
6283185.307179586	1886.6366366366367	2	-0.9182255024857575	-2.7867842058474236e-11	2
6283185.307179586	2394.4944944944946	6	0.44623200815530284	-7.908964800247187e-10	0
6283185.307179586	1246.5965965965966	4	-0.9320850876932258	1.4212936301419765e-09	0
6283185.307179586	1281.3813813813815	1	-0.8962877660310477	-1.413540896043718e-09	0
6283185.307179586	1281.3813813813815	6	0.16308834227683833	-8.57634723938345e-11	2
6283185.307179586	2255.3553553553556	6	0.4936036612478172	7.748048114130077e-10	0
6283185.307179586	1914.4644644644645	5	-1.222757490215311	-1.046050183767641e-09	1
6283185.307179586	1406.6066066066066	2	-1.5333401545092429	-1.4053573145170125e-09	1
6283185.307179586	1357.9079079079079	2	-0.8514737809888785	-7.797080671214442e-10	1
6283185.307179586	1260.5105105105106	6	-1.1571007259587067	-1.3200283650909093e-09	0
6283185.307179586	1211.8118118118118	2	0.8947349615372238	-7.83189304774262e-10	2
6283185.307179586	2018.818818818819	5	-0.6441585315256814	3.8080293860622593e-10	1
6283185.307179586	1427.4774774774776	1	-1.0193711617566983	-1.4452002620279096e-10	2
6283185.307179586	2304.054054054054	3	-0.12821324662774147	1.0735974768414344e-09	0
6283185.307179586	2171.871871871872	6	1.3919136396169178	-1.8189450798066995e-09	2
6283185.307179586	2359.70970970971	4	-1.157966664366387	1.953073237890165e-09	0
6283185.307179586	1851.851851851852	1	1.4359264716192524	7.704075907049459e-10	2
6283185.307179586	1719.6696696696697	5	-0.202855686368568	1.8782480915491502e-09	0
6283185.307179586	418.7187187187187	4	-0.8517691267757023	-1.2460014065611303e-09	0
6283185.307179586	509.1591591591592	4	-0.7166090826739173	1.0612716801827499e-09	1
6283185.307179586	1337.0370370370372	6	-1.064050474692824	-1.5246855943390764e-09	0
6283185.307179586	1343.993993993994	5	0.3212363996713563	8.20631945452851e-10	0
6283185.307179586	1225.7257257257259	2	1.0804120757442113	-7.17537165465862e-10	2
6283185.307179586	2589.289289289289	4	-0.2737124811818574	8.724217989168317e-11	2
6283185.307179586	2916.2662662662665	4	-0.45624258246955374	-1.2353334717858991e-09	0
6283185.307179586	1837.937937937938	4	1.2215260965329473	1.320117009254941e-09	1
6283185.307179586	1295.2952952952953	2	-1.2008541819618441	-4.79491313604436e-10	2
6283185.307179586	3438.038038038038	5	0.41405888313990435	-1.0870664148249323e-09	0
6283185.307179586	1350.950950950951	1	-1.4901751704895203	-1.0623603754860178e-09	2
6283185.307179586	1065.7157157157158	4	-0.19361187785582645	-5.653666735400966e-10	0
6283185.307179586	2067.5175175175173	5	1.5159024711827511	1.1374868237093358e-10	2
6283185.307179586	1427.4774774774776	1	1.0065061914967264	-3.6591121117532133e-10	2
6283185.307179586	585.6856856856857	1	1.2221608263715638	9.806384876833807e-10	2
6283185.307179586	1093.5435435435436	4	-1.170953863208955	-6.210176635473844e-10	1
6283185.307179586	1434.4344344344345	5	-0.05772556061641443	7.929159312867552e-10	0
6283185.307179586	1288.3383383383384	3	-0.9664296345927962	-1.7725032546840765e-10	1
6283185.307179586	613.5135135135135	1	-0.7015503686456317	-1.8736421148878614e-10	2
6283185.307179586	933.5335335335336	4	-0.38948378989904797	8.564074270714306e-11	2
6283185.307179586	2818.868868868869	2	-0.2682343127245579	-1.6889735472561235e-09	0
6283185.307179586	940.4904904904905	6	-0.1824396844147198	-7.227845424597971e-11	2
6283185.307179586	356.1061061061061	5	0.5807787244337757	-1.8297179920314275e-09	0
6283185.307179586	1594.4444444444446	4	0.5609440766933402	-7.351688294808625e-10	0
6283185.307179586	1323.1231231231232	5	-0.35189747883981526	6.581686313975278e-10	1
6283185.307179586	3048.4484484484487	6	0.2826490793679606	1.7094020675503958e-09	0
6283185.307179586	2686.6866866866867	2	-0.7890761460829577	1.4420172775491398e-10	1
6283185.307179586	1330.08008008008	2	-0.42391171500629476	-1.2455291444150958e-09	0
6283185.307179586	2032.7327327327328	3	1.228452978602495	-1.4739382100924205e-09	1
6283185.307179586	1350.950950950951	2	0.9307674307212732	1.1835677004744373e-09	0
6283185.307179586	2366.6666666666665	6	-0.42740146752332686	-5.739988255627317e-11	2
6283185.307179586	3131.931931931932	3	-0.42620705635701506	4.4670523949808737e-10	0
6283185.307179586	836.1361361361362	1	1.1769648002299515	-1.1713041148390386e-09	2
6283185.307179586	1316.1661661661662	6	0.09477858323044175	9.807412618535644e-10	0
6283185.307179586	2895.3953953953956	2	0.43313523988160796	-1.946917566894228e-09	0
6283185.307179586	1323.1231231231232	2	-0.2319457857246403	1.570788115444323e-09	0
6283185.307179586	1601.4014014014015	6	-1.3038817211802858	9.377342277779959e-11	2
6283185.307179586	2707.5575575575576	1	-0.04440737164654762	1.8173864446933462e-09	0
6283185.307179586	1921.4214214214214	5	1.4182156187777082	1.441443255288837e-09	1
6283185.307179586	982.2322322322323	3	0.6272688536657958	-1.643886860398978e-09	0
6283185.307179586	690.04004004004	5	-1.367895434829565	-8.049397649988362e-11	2
6283185.307179586	1928.3783783783783	6	1.462242291266373	-1.1201067755496168e-10	1
6283185.307179586	780.4804804804805	6	1.5599282991670904	-9.115910161731624e-10	1
6283185.307179586	2471.021021021021	1	-0.26640420758179895	1.9180773055734896e-09	0
6283185.307179586	2582.3323323323325	1	-0.40671262888260706	-1.9473913064835672e-10	1
6283185.307179586	3354.5545545545547	1	0.03514157906087956	1.5518780083343021e-09	0
6283185.307179586	1309.2092092092093	3	0.5842829030703407	-1.444751110950199e-09	0
6283185.307179586	2192.742742742743	3	1.433249100917405	-1.082587424117528e-09	2
6283185.307179586	641.3413413413414	1	-1.490735661742653	4.096829654589881e-10	2
6283185.307179586	2102.3023023023025	1	-0.6323718115819948	1.2428098141749004e-09	0
6283185.307179586	850.0500500500501	5	1.0364236556302853	1.973370710223491e-09	0
6283185.307179586	1114.4144144144145	3	-0.055446636267053595	-7.229092562224853e-11	1
6283185.307179586	1197.897897897898	3	0.19480386452551302	8.666041904079325e-10	0
6283185.307179586	1232.6826826826828	4	-1.1876647133539409	-3.0534541372079944e-10	2
6283185.307179586	1392.6926926926926	5	0.4621280645771364	2.9293268215351684e-10	1
6283185.307179586	481.33133133133134	1	-0.783274290368303	-1.422780128129055e-09	2
6283185.307179586	752.6526526526527	3	1.2039533344953068	-7.836906971881122e-10	1
6283185.307179586	1900.5505505505505	5	0.4380634357017965	1.6984053393234705e-09	0
6283185.307179586	2603.2032032032034	6	-1.3176474225311616	1.4115112989091616e-09	2
6283185.307179586	1051.801801801802	1	0.014807070464565975	3.741917104952073e-10	0
6283185.307179586	954.4044044044044	1	0.24792674312404084	1.451121909516115e-09	0
6283185.307179586	1942.2922922922924	2	0.20965325586054528	1.615487376473466e-09	0
6283185.307179586	3549.3493493493493	3	0.2176979537998205	-1.847823668675258e-09	0
6283185.307179586	1490.0900900900901	4	-0.1908000264502161	1.486144035656304e-09	0
6283185.307179586	870.9209209209209	2	-0.1484288493793009	-9.23025408308346e-11	1
6283185.307179586	1357.9079079079079	6	1.5698983078330504	1.4872236855357152e-09	0
6283185.307179586	2269.2692692692694	5	1.338290548658199	-1.6564229704824293e-09	1
6283185.307179586	1733.5835835835837	2	1.3062150322663677	9.004438271096334e-10	2
6283185.307179586	1830.980980980981	3	-1.2234048524824277	1.495780817396152e-09	0
6283185.307179586	1462.2622622622623	4	-0.6983376775329858	-7.295037157248587e-10	0
6283185.307179586	1622.2722722722724	4	-0.23846908618228335	6.841640886915195e-10	0
6283185.307179586	1629.2292292292293	4	0.9728413451716511	1.597945846289419e-09	0
6283185.307179586	2624.0740740740744	2	1.4881903672908425	-6.368800080322999e-10	1
6283185.307179586	2039.6896896896897	2	1.0683051250293554	-4.3987929765341466e-10	1
6283185.307179586	2568.4184184184187	6	-0.40281326409296536	1.870897118699884e-09	0
6283185.307179586	1086.5865865865867	2	0.3582053579113089	-1.171970202183726e-09	0
6283185.307179586	655.2552552552553	6	0.6126639406293517	1.6706396780798302e-09	2
6283185.307179586	2213.613613613614	6	0.45195256747169354	-2.931869356306121e-10	2
6283185.307179586	2311.011011011011	4	0.19030194574820514	1.983838044141514e-09	0
6283185.307179586	2067.5175175175173	2	0.9204597224477324	8.191372990557296e-10	0
6283185.307179586	2018.818818818819	3	-1.2190130797191552	-1.6778851334845274e-09	0
6283185.307179586	1670.970970970971	4	0.7223890745247776	-1.9898495475194445e-09	0
6283185.307179586	1497.047047047047	5	0.6737122769097903	-9.033170567420644e-10	0
6283185.307179586	2283.1831831831832	2	-0.812818042601427	-1.6123550081351717e-09	0
6283185.307179586	1183.983983983984	5	-0.019630261268923643	-1.0215267741041726e-09	0
6283185.307179586	2199.6996996997	2	-1.4425287770570712	2.1834103928313506e-10	2
6283185.307179586	982.2322322322323	4	0.683021439681903	1.173701903246607e-09	0
6283185.307179586	1504.004004004004	5	-0.8430109923673462	-4.98230922435284e-10	2
6283185.307179586	2881.4814814814818	2	-0.13435824629249216	1.4939796151772051e-09	0
6283185.307179586	1065.7157157157158	6	-1.2338151058027949	1.6093933687897974e-09	1
6283185.307179586	1963.1631631631633	1	1.1529807269902315	1.3734740936664252e-09	0
6283185.307179586	2533.6336336336335	5	-1.2309055217303402	3.036205300511234e-10	1
6283185.307179586	2436.2362362362364	6	-1.5395213209694922	-1.9861339563482423e-09	2
6283185.307179586	1837.937937937938	1	-1.3253557619710792	1.714914989540609e-09	1
6283185.307179586	1949.2492492492493	3	0.3082806144811956	2.3183561674757528e-10	1
6283185.307179586	2004.904904904905	3	1.1956342399134186	-1.5216520533028098e-09	0
6283185.307179586	1135.2852852852852	3	0.4851003595115708	3.630372865781016e-10	1
6283185.307179586	2032.7327327327328	3	-0.8043690294592298	-7.294690420756363e-10	0
6283185.307179586	2728.4284284284286	1	-0.0702142040256648	-1.762951584979255e-09	0
6283185.307179586	2401.4514514514517	2	1.4300797477768619	-1.8309928399495107e-09	1
6283185.307179586	1531.8318318318318	6	1.0250416687725559	-8.507413242590115e-10	1
6283185.307179586	822.2222222222223	2	0.07846024180037503	-1.974528320395284e-09	0
6283185.307179586	2700.6006006006005	4	-0.20148681017977665	-1.4427131898406484e-09	0
6283185.307179586	1079.6296296296296	3	0.9723631912563353	-1.6486428658154277e-09	0
6283185.307179586	3528.478478478479	4	-1.24451979094409	-1.016493923585036e-09	1
6283185.307179586	1246.5965965965966	2	-0.8838609028809612	-4.0434897017763716e-10	1
6283185.307179586	1608.3583583583584	6	-0.9584455539643009	7.344538156853471e-13	2
6283185.307179586	1719.6696696696697	4	1.2631814800465628	-1.023718165440874e-09	1
6283185.307179586	1956.2062062062062	5	-1.1846735682835758	-6.648555432485313e-10	2
6283185.307179586	1956.2062062062062	1	-0.840961252265293	1.5164682985021332e-09	0
6283185.307179586	2818.868868868869	1	0.8376401838390062	-1.3128755259058802e-09	0
6283185.307179586	975.2752752752752	1	-0.4505592740774167	-1.5118436085354095e-09	0
6283185.307179586	1997.947947947948	4	0.5598356015499393	7.249800079466738e-10	0
6283185.307179586	1483.1331331331332	1	0.3875585583789638	-9.995126445932634e-10	0
6283185.307179586	1858.8088088088089	1	0.4170809665000408	-1.5619407468580532e-09	0
6283185.307179586	1698.7987987987988	6	-1.2236496666549421	1.318334910154812e-09	2
6283185.307179586	4530.280280280281	4	0.31445055687593726	3.5974843155006115e-10	1
6283185.307179586	787.4374374374374	6	-0.7128333647458067	-6.063759768711581e-10	0
6283185.307179586	669.1691691691692	5	0.13950280499255885	-1.465646324572974e-09	0
6283185.307179586	2081.4314314314315	4	0.7998157425445269	-6.105369820051286e-10	1
6283185.307179586	815.2652652652653	1	-0.6269138836282759	1.2022313607888256e-09	0
6283185.307179586	488.2882882882883	5	-1.379587045392161	1.6720275944276702e-09	2
6283185.307179586	947.4474474474474	5	-1.40475340084384	1.354812709759082e-10	2
6283185.307179586	1684.884884884885	1	0.9739424296191919	-7.187687274369611e-10	1
6283185.307179586	1483.1331331331332	1	0.9502402177580818	-9.391593334574458e-10	2
6283185.307179586	2547.5475475475478	2	0.6829397714231362	1.2811373012770775e-09	0
6283185.307179586	2276.226226226226	2	0.046347564198016666	1.6140486514523734e-09	0
6283185.307179586	2540.5905905905906	5	1.384905789457835	-5.004673869061329e-10	1
6283185.307179586	2039.6896896896897	1	0.41053728583984817	7.020356920105826e-10	0
6283185.307179586	1817.0670670670672	1	0.5273630237194968	8.234732881636895e-10	0
6283185.307179586	2380.5805805805808	2	0.22390799441628584	1.1080605956858364e-09	0
6283185.307179586	1531.8318318318318	5	-0.30284442310141624	-1.6062109767191637e-09	0
6283185.307179586	1399.6496496496497	1	0.7949034673774067	4.076757238068667e-10	1
6283185.307179586	752.6526526526527	4	-1.5611534265752571	7.180650082683951e-11	2
6283185.307179586	2004.904904904905	4	-0.06911671475788683	-1.982866805796275e-09	0
6283185.307179586	1664.014014014014	4	-0.6606403427941875	-4.956175051970368e-10	1
6283185.307179586	2658.858858858859	4	0.6569930092228575	-7.732447040802987e-10	0
6283185.307179586	1594.4444444444446	3	1.2257043902521536	3.998831431323332e-10	2
6283185.307179586	2582.3323323323325	1	-0.1591904810152558	5.041387303076171e-10	0
6283185.307179586	2039.6896896896897	2	-1.2413278439339497	-1.4492941086007299e-09	1
6283185.307179586	1740.5405405405406	1	0.40986906590467354	-1.6744612283488856e-09	0
6283185.307179586	1879.6796796796798	1	0.9373906877315288	-7.505507951656206e-10	1
6283185.307179586	1963.1631631631633	3	0.9046202660514471	-1.2999073369843808e-09	0
6283185.307179586	2526.676676676677	2	0.3815140073372396	-1.5100433481823688e-09	0
6283185.307179586	3187.5875875875877	6	1.3282697055131587	9.986660085158341e-11	1
6283185.307179586	1448.3483483483483	4	0.9602914422485838	-9.339776454282435e-10	0
6283185.307179586	2025.7757757757759	2	1.5563355411541298	9.79019259008283e-10	1
6283185.307179586	843.0930930930931	1	0.5787712491269343	1.2619386090505655e-10	1
6283185.307179586	2477.977977977978	3	0.43790237944307053	-6.430629900771507e-10	0
6283185.307179586	307.4074074074074	6	-0.4577069954147037	-1.1125899933300275e-09	0
6283185.307179586	2700.6006006006005	3	-1.0326272239816012	3.5778263789064203e-10	2
6283185.307179586	940.4904904904905	6	0.09637266499105235	1.7636440884371768e-09	0
6283185.307179586	884.8348348348349	1	-1.1922077554997386	-1.5302571139392593e-09	2
6283185.307179586	1747.4974974974975	3	-1.5072783943897146	-1.1991167624606859e-09	1
6283185.307179586	773.5235235235235	4	0.9574939727053509	-1.4879513291643494e-09	0
6283185.307179586	1789.2392392392394	1	-1.1304585804526606	1.3168576002391036e-09	0
6283185.307179586	2317.967967967968	3	0.11637556553163475	-1.1399380100059777e-09	0
6283185.307179586	3465.865865865866	6	-1.2818223201680043	-5.176205413744347e-10	2
6283185.307179586	3215.4154154154153	5	0.9154476266570515	-1.7578454656733565e-09	0
6283185.307179586	2763.2132132132133	4	-1.457833047844775	4.566949235744079e-10	2
6283185.307179586	1705.755755755756	6	1.2912353135590013	1.984417780988846e-09	1
6283185.307179586	2123.1731731731734	4	-0.8637373086238104	-1.0989121392281645e-09	0
6283185.307179586	2665.8158158158158	1	0.9458460915515992	4.990006463061979e-10	1
6283185.307179586	550.900900900901	5	1.4520787305607818	9.376177443157261e-10	1
6283185.307179586	801.3513513513514	1	1.5324741151732524	1.935934195292383e-09	2
6283185.307179586	2004.904904904905	3	-0.4801946346303687	5.037631138791924e-10	1
6283185.307179586	1997.947947947948	4	0.5317698782029212	5.78198970190293e-10	1
6283185.307179586	2881.4814814814818	3	-0.47934526827696033	4.5444171055527384e-10	1
6283185.307179586	3257.157157157157	5	0.30769597653946557	-1.1853946259671303e-09	0
6283185.307179586	1698.7987987987988	3	1.3830609460373848	1.7018918310506785e-09	2
6283185.307179586	2429.2792792792793	3	-1.2546788953552797	4.5384390027589923e-10	2
6283185.307179586	1608.3583583583584	4	0.21756805644583976	1.5380490445733215e-10	1
6283185.307179586	1956.2062062062062	3	-1.4865936596149265	-7.387156564601428e-10	1
6283185.307179586	1483.1331331331332	5	-0.4613345827207378	-1.641087133552714e-09	0
6283185.307179586	1594.4444444444446	3	0.5873616660262679	2.656412278186989e-10	1
6283185.307179586	982.2322322322323	1	-1.3531239245087094	1.8595897066037535e-09	2
6283185.307179586	947.4474474474474	1	-0.7162775250794828	-5.140328389052074e-10	1
6283185.307179586	1740.5405405405406	4	-1.3404586206580749	7.31256697692949e-10	1
6283185.307179586	2589.289289289289	5	-1.3580978927977068	-2.4362583759892504e-10	1
6283185.307179586	1441.3913913913914	6	-0.07621559750559359	-1.625394836004119e-09	0
6283185.307179586	1775.3253253253254	3	-0.5893896067286716	2.2589640826291963e-10	1
6283185.307179586	1399.6496496496497	3	-0.948423373523431	1.5870727023488418e-09	0
6283185.307179586	1670.970970970971	3	0.38526833395000604	3.138051024543713e-10	1
6283185.307179586	1893.5935935935936	3	1.1072022029995359	2.6441998238406782e-11	1
6283185.307179586	1350.950950950951	5	1.4547493035459325	1.7791208846611869e-09	2
6283185.307179586	2039.6896896896897	6	-0.3754757139306666	5.438261642779664e-10	1
6283185.307179586	2053.603603603604	4	1.5593843989586165	-1.899332701208001e-09	1
6283185.307179586	1879.6796796796798	5	1.544507259382331	7.661605049975795e-10	2
6283185.307179586	773.5235235235235	2	-1.3236927644088106	5.683380776943183e-10	2
6283185.307179586	2324.924924924925	6	0.43653266401237945	1.8702517866206836e-09	0
6283185.307179586	933.5335335335336	6	0.9571088739202049	1.2796099334004793e-09	2
6283185.307179586	731.7817817817818	5	0.6921934414851756	1.5885654245365284e-09	0
6283185.307179586	1830.980980980981	1	1.411500733026252	1.245725313615975e-09	2
6283185.307179586	850.0500500500501	4	-1.5706118388236583	-1.5375731484490056e-09	0
6283185.307179586	843.0930930930931	3	-0.776660750074746	7.815245626271848e-10	1
6283185.307179586	2137.087087087087	3	1.4527354981765521	6.139026585060717e-10	2
6283185.307179586	1385.7357357357357	2	-1.1420394009318968	1.5650038989908701e-09	0
6283185.307179586	3688.4884884884887	3	-0.8374454659852281	-1.5232734827029742e-09	0
6283185.307179586	1970.1201201201202	6	-1.434931061518987	-1.6011657549016354e-09	2
6283185.307179586	2672.772772772773	4	-0.31776995505820604	-1.3568666947600861e-09	0
6283185.307179586	2220.5705705705705	4	0.6487915346571862	1.9408912298675392e-09	0
6283185.307179586	1253.5535535535537	1	-1.2500667912315169	8.749910395767579e-10	2
6283185.307179586	3055.4054054054054	3	0.43994233612362477	1.1992885472526932e-10	2
6283185.307179586	1413.5635635635635	2	1.1194709421279754	6.78469071463954e-10	2
6283185.307179586	1044.8448448448448	2	-1.1870440901090449	-8.316386967026892e-10	1
6283185.307179586	2157.957957957958	5	0.2929603213148244	-2.4558488438705114e-10	2
6283185.307179586	1977.077077077077	5	0.2157429354449487	7.971406501070961e-10	0
6283185.307179586	1664.014014014014	2	-0.8038183876100478	9.390691952406326e-10	0
6283185.307179586	1921.4214214214214	5	-1.1163989055939618	2.796427036165967e-10	2
6283185.307179586	3389.3393393393394	2	-1.5401654048433844	1.6728220025295215e-09	1
6283185.307179586	1309.2092092092093	2	-0.6591695842193356	2.7396619495212087e-10	1
6283185.307179586	2408.4084084084084	6	0.6132534971324177	7.679364602529813e-10	0
6283185.307179586	1441.3913913913914	3	0.44847679935127704	-4.945917879955815e-10	1
6283185.307179586	1810.11011011011	4	0.41631218210233256	1.9714653672875303e-09	0
6283185.307179586	1566.6166166166167	1	-0.23303422174243416	4.766377800879026e-11	1
6283185.307179586	703.9539539539539	2	-0.9544950150503985	1.5804388542943855e-09	0
6283185.307179586	1858.8088088088089	6	0.06262221179579042	1.0418060005537777e-09	0
6283185.307179586	3514.5645645645645	2	0.037866138289471385	1.4042369743341911e-09	0
6283185.307179586	3257.157157157157	6	-0.018855767250482103	-4.957805765024941e-10	0
6283185.307179586	2839.73973973974	3	-0.5393164154030483	-1.3649567876654727e-09	0
6283185.307179586	1044.8448448448448	5	-0.4779032371588856	1.7282227322997205e-09	0
6283185.307179586	1323.1231231231232	3	0.4284809402109062	-1.4924735120418908e-09	0
6283185.307179586	1858.8088088088089	1	1.4017279271600342	-8.139626634039897e-10	2
6283185.307179586	1093.5435435435436	3	1.106373239241175	8.01098955102982e-10	1
6283185.307179586	2415.3653653653655	1	-0.7224497389934654	-1.6386070842129225e-09	0
