axial trapping frequency (MHz) 	 velocity(m/s) 	 ion collided with 	 angle(rads) 	 collision offset(m) 	 reorder? (1 is reorder 2 is ejection) 
6283185.307179586	1100.5005005005005	1	-0.8646562654755532	-1.1224595560377457e-09	2
6283185.307179586	2464.064064064064	5	0.2349059048672737	-1.3680866226973613e-09	0
6283185.307179586	2241.4414414414414	4	-1.3807481053508515	-1.7643620191051157e-09	2
6283185.307179586	2637.987987987988	4	1.4423610787280619	1.2923581433536928e-09	2
6283185.307179586	2554.5045045045044	5	0.839768874265939	-1.9317081385113968e-10	2
6283185.307179586	2227.5275275275276	5	1.0993335987718074	-7.380398901047494e-11	2
6283185.307179586	1670.970970970971	3	1.5179412899099245	-9.255479708451594e-10	2
6283185.307179586	2011.8618618618618	2	-0.41466867476707825	8.024969408932307e-10	0
6283185.307179586	1023.973973973974	2	-1.2035909877005888	-8.389544519627048e-11	1
6283185.307179586	2589.289289289289	3	0.8327264301702435	-1.2663524777639618e-09	0
6283185.307179586	2137.087087087087	4	-0.6312904866941218	-1.8304883096693106e-09	0
6283185.307179586	829.1791791791792	2	-0.05235310885330091	1.819479325856219e-09	0
6283185.307179586	2283.1831831831832	4	-0.6771740486491555	1.9645285159124953e-09	0
6283185.307179586	3535.4354354354355	3	-1.493150385071505	4.022688796587562e-10	1
6283185.307179586	335.2352352352352	1	-0.8623284262733432	1.2869194926256064e-09	0
6283185.307179586	1462.2622622622623	5	0.8939265803114549	1.6714137489136861e-09	0
6283185.307179586	2547.5475475475478	4	1.3117722981810331	6.881650812746139e-10	1
6283185.307179586	2157.957957957958	2	-0.41522185697030434	-9.856979019759155e-10	0
6283185.307179586	2610.16016016016	4	1.3622203972723033	1.13467179401151e-09	2
6283185.307179586	1726.6266266266266	5	-1.41426998040466	8.119814923449629e-10	1
6283185.307179586	1246.5965965965966	4	0.4398242809889634	1.8706243609284237e-09	0
6283185.307179586	1886.6366366366367	1	1.3554502347147817	-1.0778235266357507e-09	2
6283185.307179586	3013.6636636636636	2	1.1119452257679598	1.5225013789740247e-09	0
6283185.307179586	2394.4944944944946	6	-0.2502316807954068	1.3167732715116975e-09	0
6283185.307179586	2171.871871871872	2	1.4916883728803052	1.9394584389217017e-09	2
6283185.307179586	3194.544544544545	3	0.8920273801964731	1.1694624664569371e-09	0
6283185.307179586	1726.6266266266266	6	-1.3821242937714904	6.668554037912348e-10	2
6283185.307179586	905.7057057057058	5	1.5304521713066626	-1.296014359564877e-09	2
6283185.307179586	1072.6726726726727	3	-0.6760433721304578	-4.0153105052952224e-10	1
6283185.307179586	1900.5505505505505	3	0.62780480711919	1.9115471091286924e-09	0
6283185.307179586	1385.7357357357357	3	-0.5078114264752056	-1.9102391867946405e-09	0
6283185.307179586	1517.917917917918	1	0.9058409852796077	-1.7919409397003927e-09	0
6283185.307179586	1698.7987987987988	4	-1.1972549644918604	-1.316036364809508e-09	1
6283185.307179586	1657.0570570570571	2	1.0384187896400743	-1.7940349471681898e-09	0
6283185.307179586	926.5765765765766	6	0.3229225520856167	1.9544102273788603e-09	0
6283185.307179586	1670.970970970971	4	1.1675797170616908	1.05693615984279e-09	1
6283185.307179586	606.5565565565565	6	0.01258582037431144	9.876930690807841e-10	0
6283185.307179586	2060.5605605605606	4	-1.2481134374007983	-1.3893159856885622e-09	1
6283185.307179586	2276.226226226226	2	0.7241370885822418	1.1567747809493599e-09	0
6283185.307179586	1337.0370370370372	1	-1.3075549671886453	-1.4493153002759957e-09	2
6283185.307179586	2596.2462462462463	5	-0.7221822422310796	-9.783196772062364e-10	0
6283185.307179586	2345.795795795796	6	-0.09055593828319908	1.2138781368016796e-09	0
6283185.307179586	1900.5505505505505	6	0.5294140221021135	-4.320210942927996e-10	1
6283185.307179586	1921.4214214214214	5	1.3380831592469935	-9.117414460104573e-10	2
6283185.307179586	1636.1861861861862	2	1.408419212219052	-1.1966746760895081e-09	1
6283185.307179586	3222.3723723723724	3	-0.00387560927952868	-1.8873782290273517e-09	0
6283185.307179586	1281.3813813813815	4	0.6522599170657237	-6.494790412400721e-10	0
6283185.307179586	2631.031031031031	6	1.2386135996567926	7.969356712945669e-10	2
6283185.307179586	780.4804804804805	5	-0.9661890380188873	-6.998242414301471e-10	2
6283185.307179586	1768.3683683683685	6	0.10560108259044676	1.464304690270122e-09	0
6283185.307179586	1670.970970970971	3	0.3906508365122119	1.1630523578166363e-09	0
6283185.307179586	3319.76976976977	1	-0.5945322253724199	3.6769064632447527e-10	1
6283185.307179586	808.3083083083084	4	-0.8493805306191748	6.160239659205456e-10	1
6283185.307179586	2797.997997997998	5	-0.07375575092394726	-4.387011191210393e-10	0
6283185.307179586	1225.7257257257259	6	0.99966585286665	-3.385223562340189e-10	1
6283185.307179586	2679.72972972973	1	-0.8460119851886861	-5.302884388026037e-10	1
6283185.307179586	2380.5805805805808	2	0.07232547065846173	1.9826502742746483e-09	0
6283185.307179586	2999.7497497497498	3	1.2480421317442714	-2.2652126241546664e-10	1
6283185.307179586	2797.997997997998	4	0.12877089083730398	-4.1683339936457613e-10	1
6283185.307179586	3194.544544544545	2	0.8347949064335114	-1.7730336575788723e-09	0
6283185.307179586	696.996996996997	6	0.03367505204074428	-8.635321735747224e-10	0
6283185.307179586	975.2752752752752	6	-0.26779129481209507	-5.081423509455237e-10	0
6283185.307179586	1225.7257257257259	1	1.3535287263349938	1.2523671062687087e-11	2
6283185.307179586	801.3513513513514	6	1.1335260116475974	-8.962120310857929e-10	1
6283185.307179586	1733.5835835835837	4	-0.5199472065449402	1.2343501249776111e-09	0
6283185.307179586	530.03003003003	5	-0.6545665816485028	-3.961216066810379e-10	0
6283185.307179586	1677.927927927928	1	-0.48773318148199074	1.4052813287033988e-09	0
6283185.307179586	2582.3323323323325	6	-1.40392000454806	1.764730807681264e-09	2
6283185.307179586	1399.6496496496497	2	-0.17598874207295978	-1.7647849887046096e-09	0
6283185.307179586	2610.16016016016	1	-0.8326720948857109	4.3616342485238313e-10	2
6283185.307179586	1517.917917917918	1	-0.3482972629047436	1.6550873249569158e-09	0
6283185.307179586	335.2352352352352	4	0.9497667688120317	1.0708132677216921e-09	1
6283185.307179586	1497.047047047047	4	0.4597487412888088	-3.073492539320758e-10	2
6283185.307179586	968.3183183183183	6	0.10756973694463978	-1.7480613811746052e-09	0
6283185.307179586	2533.6336336336335	5	0.9104699897722917	1.94673136529551e-09	0
6283185.307179586	2227.5275275275276	5	-1.1360436989553255	1.1510420015905132e-09	1
6283185.307179586	1677.927927927928	4	-0.946854649243526	-1.266859907664219e-09	0
6283185.307179586	1789.2392392392394	5	0.37733888654336933	-7.592369750291796e-10	0
6283185.307179586	3166.7167167167167	5	0.5129180351741645	-1.31075401475939e-09	0
6283185.307179586	1371.821821821822	5	-0.376477868404562	-1.2383117759037812e-09	0
6283185.307179586	676.1261261261261	5	-0.02074319138065328	1.0373842713423758e-09	1
6283185.307179586	2519.7197197197197	2	-0.1384227167336416	2.0763941691462605e-10	1
6283185.307179586	2276.226226226226	5	1.0796819453028594	4.5504812460207713e-10	1
6283185.307179586	1691.8418418418419	5	1.2916515836910225	1.145434432917789e-09	2
6283185.307179586	3500.6506506506507	2	-0.17183672143837447	-7.965421955592597e-10	0
6283185.307179586	2422.322322322322	6	-0.5788298683111313	-3.842997800378285e-10	1
6283185.307179586	2081.4314314314315	6	-0.8630591468508287	-1.7722876740667709e-09	0
6283185.307179586	2324.924924924925	5	0.41485632361350366	-7.678670837886551e-10	0
6283185.307179586	1246.5965965965966	6	-0.05130191741719292	1.9328324478537833e-10	2
6283185.307179586	1928.3783783783783	6	1.2608712192125577	1.6656712683826669e-09	1
6283185.307179586	2464.064064064064	6	-0.14545532144083606	-6.309860244290819e-10	0
6283185.307179586	1469.2192192192192	5	-0.3818331690522918	-5.294452062510357e-10	0
6283185.307179586	947.4474474474474	4	0.026368673947043897	-1.4022801892657087e-09	0
6283185.307179586	1330.08008008008	5	-1.1590547498459698	-2.393412770941228e-10	2
6283185.307179586	592.6426426426426	1	-1.5222247337385568	-1.9113941795003386e-09	2
6283185.307179586	2394.4944944944946	5	0.2678373130066145	-1.3162449026114004e-09	0
6283185.307179586	724.8248248248249	1	-0.23012345092737152	1.3705148984631249e-09	0
6283185.307179586	2491.891891891892	6	0.3663542097254697	1.8369175743314622e-09	0
6283185.307179586	2686.6866866866867	1	-0.34652127010530775	-5.97174635045121e-11	2
6283185.307179586	1615.3153153153153	1	0.7436246527068158	-8.841264416874211e-10	0
6283185.307179586	2234.4844844844847	6	-0.2623607675256081	1.909463545235118e-09	0
6283185.307179586	1698.7987987987988	3	-1.047968954272834	1.8170516427806093e-09	0
6283185.307179586	863.963963963964	2	-1.345770739194867	8.44095938088174e-10	2
6283185.307179586	509.1591591591592	1	-1.0113104798522483	-6.577417663769145e-10	2
6283185.307179586	1817.0670670670672	3	-0.13322354592290098	-9.36449092884475e-11	1
6283185.307179586	2665.8158158158158	3	0.20145168780749478	1.2241879288409038e-10	2
6283185.307179586	1225.7257257257259	6	-1.3712623967957938	-9.976276368121156e-10	2
6283185.307179586	2888.4384384384384	2	1.3209851346127017	1.197297127164794e-09	1
6283185.307179586	2039.6896896896897	4	-1.412552338343349	-6.002939779047533e-11	1
6283185.307179586	1782.2822822822823	2	-0.07743948405028833	-1.7550444772792548e-09	0
6283185.307179586	2686.6866866866867	3	-0.9130388799110534	7.214014568377178e-10	0
6283185.307179586	1253.5535535535537	1	1.00311808185133	-6.694024137019881e-10	2
6283185.307179586	1573.5735735735736	2	-0.022003270602285463	4.1326086229126836e-10	1
6283185.307179586	2380.5805805805808	5	0.7603858320451296	-1.8444027180985581e-09	0
6283185.307179586	1246.5965965965966	6	1.4798821725357665	6.612754829839773e-10	1
6283185.307179586	1594.4444444444446	6	0.3326865251933093	4.197817566936809e-10	1
6283185.307179586	961.3613613613613	5	0.5033918120602539	1.7713254918024446e-09	0
6283185.307179586	1197.897897897898	6	-0.30684542914841306	-1.7257368117303129e-09	0
6283185.307179586	2617.1171171171172	3	-0.4995537314858105	9.751021360815926e-10	0
6283185.307179586	1636.1861861861862	1	-1.128500838508849	3.534697482494583e-10	1
6283185.307179586	1149.1991991991993	3	0.16806956666224826	5.259640595462724e-11	1
6283185.307179586	2157.957957957958	3	0.7180265884646047	-1.8418583257872567e-09	0
6283185.307179586	2185.7857857857857	3	0.6961026270511335	-1.8256445817114946e-09	0
6283185.307179586	1907.5075075075076	2	-0.06004880905378429	2.894905465332151e-10	2
6283185.307179586	2408.4084084084084	2	0.6763993834233788	-1.2629030915597419e-09	0
6283185.307179586	2262.3123123123123	3	-0.03624030127458444	4.753899070685254e-10	0
6283185.307179586	1350.950950950951	2	-0.3980665242370376	1.6748581418880134e-09	0
6283185.307179586	1135.2852852852852	5	-0.3250254994578021	-1.2616616757301876e-09	0
6283185.307179586	1810.11011011011	1	-0.8654457665561133	-1.9254061666683667e-09	0
6283185.307179586	1698.7987987987988	3	-1.216604533993516	-2.45258598712201e-10	1
6283185.307179586	2345.795795795796	3	1.4032422323425604	-3.3776785271177216e-10	1
6283185.307179586	3486.736736736737	5	-0.2769159112508379	1.545948659133589e-09	0
6283185.307179586	1803.1531531531532	1	-0.5339296552795991	1.7515715835138967e-09	0
6283185.307179586	2025.7757757757759	5	0.3098131071731567	-7.845584515900677e-10	0
6283185.307179586	3166.7167167167167	2	-1.4435573580790049	-5.288200123413968e-10	1
6283185.307179586	2867.5675675675675	1	-0.6771171433377097	-1.5719136705526921e-09	0
6283185.307179586	1921.4214214214214	4	1.326884755553173	-6.150638259137806e-10	2
6283185.307179586	2408.4084084084084	4	-1.4721412309642958	-1.8525702671598025e-09	2
6283185.307179586	3625.875875875876	6	0.0047389861767097585	1.9777420568978704e-09	0
6283185.307179586	696.996996996997	6	-0.3369874763771048	-3.307516218930623e-10	0
6283185.307179586	662.2122122122122	6	-1.1852597967234044	1.6953439272604692e-09	2
6283185.307179586	3500.6506506506507	2	-0.5189014520204669	1.793680976071255e-10	2
6283185.307179586	1100.5005005005005	3	-0.8983886118396994	-8.553038890036513e-10	2
6283185.307179586	460.46046046046047	1	0.12979692063830717	-7.35049816193818e-10	0
6283185.307179586	780.4804804804805	2	-0.05447766358616768	1.565047487039961e-09	0
6283185.307179586	2672.772772772773	4	1.0905885668242474	-1.4276828693892697e-09	0
6283185.307179586	2749.2992992992995	4	1.0675195423070445	6.42270933096108e-11	2
6283185.307179586	2366.6666666666665	6	1.2471462847758956	1.8154339275895106e-09	0
6283185.307179586	780.4804804804805	1	-1.202875974393632	-1.3095043487240307e-10	1
6283185.307179586	2074.474474474475	6	0.6482617890566225	-5.877928823864034e-10	0
6283185.307179586	3737.187187187187	4	-0.7805792173885829	-1.803146067072932e-09	0
6283185.307179586	1928.3783783783783	4	0.1306422007312238	3.987104311234033e-10	2
6283185.307179586	1023.973973973974	6	0.007060175067202357	-9.852420580065324e-10	0
6283185.307179586	2742.3423423423424	4	0.389150781783562	1.8833144971201814e-09	0
6283185.307179586	1350.950950950951	6	-1.1003851951380976	1.976831249150888e-09	0
6283185.307179586	2471.021021021021	2	0.7918266044458604	3.551104694131243e-10	2
6283185.307179586	780.4804804804805	3	-0.03464970012927715	1.621112003660257e-09	0
6283185.307179586	1225.7257257257259	4	0.9477545712708624	-2.0017437009748114e-10	2
6283185.307179586	2269.2692692692694	5	-0.6002939597993884	-1.3211442833535712e-09	0
6283185.307179586	1392.6926926926926	3	-0.6411477416728952	7.955408758913878e-10	0
6283185.307179586	912.6626626626627	3	-1.1066196734827383	1.5610459081028826e-09	0
6283185.307179586	2533.6336336336335	4	0.3291966761237013	-1.908953377416867e-09	0
6283185.307179586	1058.7587587587586	6	1.0577959329117035	7.677043276103296e-10	1
6283185.307179586	884.8348348348349	4	0.9455068395124191	-2.1354144882728052e-10	2
6283185.307179586	1984.034034034034	5	1.3999320307228271	1.7654591531282138e-10	1
6283185.307179586	2116.2162162162163	3	0.4763785367130442	1.9857976622898417e-09	0
6283185.307179586	2081.4314314314315	3	-0.5887282793030572	6.463828436665635e-11	1
6283185.307179586	2311.011011011011	4	0.2938410072094111	1.2691479084845136e-09	0
6283185.307179586	961.3613613613613	4	1.236187023861659	6.195843910130108e-10	1
6283185.307179586	1615.3153153153153	3	-1.499313122361908	-1.3365458777302455e-09	2
6283185.307179586	279.57957957957956	2	-0.11053821776135608	1.9437423878780537e-09	0
6283185.307179586	1580.5305305305305	6	-0.3497725703733068	1.785458637119056e-09	0
6283185.307179586	2471.021021021021	3	-0.8793672503036607	-1.0821840393440332e-09	0
6283185.307179586	3771.971971971972	3	-1.1406142633366771	1.801832704246303e-09	0
6283185.307179586	1538.788788788789	6	-0.7011534525406664	-1.132619977769425e-09	0
6283185.307179586	3765.0150150150153	1	-1.5599107592969006	-7.887009553944316e-10	1
6283185.307179586	1559.6596596596596	1	-1.1025052296287203	-1.4210700523621407e-09	0
6283185.307179586	1956.2062062062062	3	-1.4217582134836966	-6.707087548754096e-10	1
6283185.307179586	1030.930930930931	1	-0.14583493080847498	-8.393671852284527e-10	2
6283185.307179586	891.7917917917919	2	-0.881262229472014	2.274715465045001e-11	2
6283185.307179586	1622.2722722722724	5	-0.5495994698188331	3.75684685581784e-10	1
6283185.307179586	2825.825825825826	1	0.4250925115525912	1.6352878412136e-09	0
6283185.307179586	2909.3093093093094	2	0.08962643041774143	-1.839250040268838e-09	0
6283185.307179586	1608.3583583583584	6	1.0069704756621598	-7.595601577678197e-10	1
6283185.307179586	446.54654654654655	6	-0.7655091157556283	1.488740506561117e-09	2
6283185.307179586	836.1361361361362	5	1.3900187687011	-4.3946017361009804e-11	1
6283185.307179586	1886.6366366366367	2	-0.9085274583900322	2.93604718299855e-10	1
6283185.307179586	523.0730730730731	6	0.04256020765698598	-1.4752594178857723e-09	0
6283185.307179586	1789.2392392392394	4	0.6519201209308054	1.42096042634904e-09	0
6283185.307179586	1837.937937937938	3	-1.3892489927833762	7.496662385909245e-10	1
6283185.307179586	1017.017017017017	6	1.33078412531354	2.994513685071693e-10	2
6283185.307179586	1017.017017017017	4	0.2911540292625152	-3.904637532460092e-10	1
6283185.307179586	787.4374374374374	4	-0.724821652433261	-9.947506145027969e-10	0
6283185.307179586	1538.788788788789	4	0.35595425554719995	8.379530400168562e-10	0
6283185.307179586	1490.0900900900901	4	1.2574736321110476	-1.481932408820479e-09	1
6283185.307179586	1977.077077077077	5	0.5785572603857716	-9.981899158698875e-10	0
6283185.307179586	1517.917917917918	2	-0.9258244836679207	5.125960223766538e-11	1
6283185.307179586	1058.7587587587586	5	-1.4375550323941013	-1.865173516643128e-09	1
6283185.307179586	1510.960960960961	4	-1.3672976581620915	1.8654524880177474e-09	2
6283185.307179586	1775.3253253253254	5	1.2696302887451623	7.430316132870272e-10	2
6283185.307179586	1177.027027027027	6	-0.5579948312396494	3.841136017819308e-10	2
6283185.307179586	2178.828828828829	2	0.7856799899708635	9.566505616137678e-10	0
6283185.307179586	2213.613613613614	4	0.28601580568890994	-1.4114343027458594e-09	0
6283185.307179586	1232.6826826826828	5	-0.9397505825472102	8.129726326091302e-10	2
6283185.307179586	2881.4814814814818	2	-0.08678820474850513	-1.1360271796394397e-09	0
6283185.307179586	877.877877877878	3	0.04544540770810612	1.850870262857554e-09	0
6283185.307179586	2944.094094094094	1	-0.2972149095811949	-1.7953302207700756e-09	0
6283185.307179586	731.7817817817818	5	0.35569864047947997	6.040164980791293e-10	2
6283185.307179586	669.1691691691692	1	-1.4111652963106098	1.4401437360235394e-09	1
6283185.307179586	3584.1341341341345	3	0.2060408683322883	7.613471205603678e-10	0
6283185.307179586	1865.7657657657658	5	-1.3941593541562074	1.8390033100484724e-09	2
6283185.307179586	2060.5605605605606	6	-0.16535785169893735	-1.295171330592908e-09	0
6283185.307179586	2304.054054054054	3	1.151330234009035	-5.357359364840493e-10	2
6283185.307179586	1448.3483483483483	6	0.34478716392315745	7.153509869102311e-11	2
6283185.307179586	3883.2832832832833	6	1.5481524512149507	4.8373742545315e-10	1
6283185.307179586	1107.4574574574574	5	0.9929828306641291	1.5642801142672537e-09	0
6283185.307179586	3118.018018018018	1	-0.06717144763523675	-1.7890775176147533e-09	0
6283185.307179586	3375.4254254254256	6	0.234304584366559	-5.719541980442578e-10	0
6283185.307179586	2248.3983983983985	5	-0.9383127011930106	1.926931663656821e-09	0
6283185.307179586	557.8578578578579	1	1.3603913156831666	-1.6526916587206793e-09	2
6283185.307179586	2088.388388388388	5	-1.412992659558658	-6.973202524102158e-10	1
6283185.307179586	1406.6066066066066	5	-0.23083666820623328	4.77190625675136e-10	2
6283185.307179586	1239.6396396396397	1	1.5290284382984498	-1.4074619297202166e-09	2
6283185.307179586	3465.865865865866	4	-0.4385503590587483	-6.771636882575987e-10	0
6283185.307179586	2144.0440440440443	1	-0.12749076222776745	6.034667448024627e-10	0
6283185.307179586	2825.825825825826	1	1.3300216188359801	-4.1468419692308205e-10	2
6283185.307179586	1552.7027027027027	1	0.9673048869052758	-1.678958657192704e-09	0
6283185.307179586	1754.4544544544544	4	-1.1057350027613158	1.1134848067748049e-09	1
6283185.307179586	2067.5175175175173	6	1.0028711421470562	-1.3368278693870793e-09	0
6283185.307179586	2547.5475475475478	3	-1.2529221375705053	1.4231172631283521e-09	0
6283185.307179586	1490.0900900900901	5	-0.4741889896929372	-1.7890562193240008e-10	2
6283185.307179586	2234.4844844844847	1	1.1629624199206492	1.6393135178998572e-09	0
6283185.307179586	3667.6176176176177	2	0.031768920149214175	1.7244200836333607e-09	0
6283185.307179586	1872.7227227227227	3	-1.1376219319640297	1.803012197431161e-10	1
6283185.307179586	2742.3423423423424	1	-0.42807385454869396	5.15305385927288e-10	0
6283185.307179586	1156.1561561561562	3	-0.9237697745077901	-1.373109550772235e-09	0
6283185.307179586	822.2222222222223	6	0.7453994112685693	-1.152721202605362e-09	0
6283185.307179586	2081.4314314314315	4	0.24983172290074895	-3.307447993872295e-10	2
6283185.307179586	1357.9079079079079	6	-0.2622502144017982	1.4931406040899233e-09	0
6283185.307179586	1343.993993993994	4	-0.7140682160001274	-1.4409398227142615e-09	0
6283185.307179586	2018.818818818819	2	1.5465783271311708	1.521272703666505e-09	1
6283185.307179586	2742.3423423423424	1	-0.5000463805796203	-1.4322738791716776e-09	0
6283185.307179586	2756.256256256256	2	-1.2579380926515196	1.0927327961562148e-09	1
6283185.307179586	968.3183183183183	5	0.6253814466707519	1.7003955593689531e-09	0
6283185.307179586	2366.6666666666665	3	0.5472628397342771	3.5659219623426707e-10	2
6283185.307179586	1837.937937937938	2	-1.2821937416727829	-6.348293441486397e-10	2
6283185.307179586	1677.927927927928	4	0.38949765216945353	-5.059948210268558e-10	1
6283185.307179586	411.76176176176176	6	1.3833596586640833	1.1805207227261965e-09	2
6283185.307179586	703.9539539539539	6	-0.5971443842164259	5.180739561240011e-10	2
6283185.307179586	1510.960960960961	5	0.6513669105918893	-9.075685601030479e-10	0
6283185.307179586	961.3613613613613	6	-0.04934555685578523	1.6073804386917777e-09	0
6283185.307179586	1942.2922922922924	5	-0.2770340861656322	5.396512724849126e-10	1
6283185.307179586	1497.047047047047	4	-0.5540665378163434	-6.002191724158604e-10	0
6283185.307179586	2589.289289289289	6	0.3270515646682446	-1.6381377470511677e-09	0
6283185.307179586	1197.897897897898	2	0.39826311096612965	1.2615271494526023e-09	0
6283185.307179586	1350.950950950951	6	1.1413310825078113	-9.598239697562702e-10	1
6283185.307179586	1740.5405405405406	3	0.2530886111595396	-1.8329298550428412e-09	0
6283185.307179586	1545.7457457457458	4	-0.5378489894632965	-5.779003616789248e-10	1
6283185.307179586	2255.3553553553556	5	1.2798067193722424	4.4257863807390754e-10	1
6283185.307179586	857.007007007007	2	-1.0395705413151983	7.261699165235735e-10	1
6283185.307179586	724.8248248248249	4	-0.16895575779636407	7.050394407572101e-11	1
6283185.307179586	1775.3253253253254	4	0.40523098847738326	4.888233645110465e-10	1
6283185.307179586	1928.3783783783783	4	0.25228049612449577	-9.416619129655728e-10	0
6283185.307179586	2777.127127127127	5	-0.057278120606651495	-8.469311191541827e-10	0
6283185.307179586	2011.8618618618618	3	-1.4129557151587484	7.2649814343351e-10	2
6283185.307179586	1858.8088088088089	2	0.820617599737604	5.464742992357598e-10	1
6283185.307179586	1643.143143143143	5	-0.23671773545695696	1.4616839622812141e-09	0
6283185.307179586	2811.911911911912	3	1.4205167549352442	1.3025900795223078e-09	2
6283185.307179586	690.04004004004	2	-1.0732422102617545	-4.6304371533783193e-10	2
6283185.307179586	3931.9819819819822	5	0.874190634604108	-1.0795880961266962e-09	0
6283185.307179586	2290.1401401401404	5	-1.0965436622882696	1.0401518934005316e-09	1
6283185.307179586	1761.4114114114116	4	-0.2252487851274907	1.3892873500447309e-09	0
6283185.307179586	2811.911911911912	3	-1.016274750160521	-1.465075560687442e-09	0
6283185.307179586	2679.72972972973	5	-0.16115914473745852	-5.494496783701295e-10	0
6283185.307179586	1510.960960960961	3	0.2526766121554105	-1.3431767154865599e-09	0
6283185.307179586	1643.143143143143	6	0.18174232066531726	4.5312938785950353e-10	1
6283185.307179586	1789.2392392392394	1	1.2064878772243128	1.4267406119960832e-09	0
6283185.307179586	1030.930930930931	1	1.4606051171642989	-2.3082788572701411e-10	2
6283185.307179586	1079.6296296296296	1	-1.1711746634642413	-1.699689801423213e-09	1
6283185.307179586	1350.950950950951	2	0.698006189028185	5.536146394614944e-10	1
6283185.307179586	2679.72972972973	6	-0.8242423343559695	-6.187421489863896e-10	0
6283185.307179586	2380.5805805805808	2	0.18254928169075368	-8.430480424634506e-10	0
6283185.307179586	1566.6166166166167	6	-0.45587848089958505	1.3190426912839065e-09	0
6283185.307179586	1107.4574574574574	2	0.06904905736396993	1.4054388883947475e-09	0
6283185.307179586	1337.0370370370372	6	-0.8717260970705195	-3.680437640512495e-11	2
6283185.307179586	1670.970970970971	4	0.37374971725368167	-4.4912137504542134e-10	1
6283185.307179586	1921.4214214214214	2	1.525297045812092	1.233289440763625e-09	1
6283185.307179586	1128.3283283283283	2	-0.14781170786319575	-1.3877469512280275e-09	0
6283185.307179586	1984.034034034034	6	-0.8344506550166937	1.248302189291334e-09	0
6283185.307179586	912.6626626626627	2	0.09089976585560056	1.4169416474400815e-09	0
6283185.307179586	2081.4314314314315	2	-1.093665322527869	6.861604816578322e-10	1
6283185.307179586	1497.047047047047	6	0.5742966291541074	-1.4426172284203336e-09	0
6283185.307179586	1865.7657657657658	6	-0.2028087300967032	3.0849579564373874e-10	2
6283185.307179586	3876.3263263263266	6	0.10563707135961997	-2.0453164171657822e-11	2
6283185.307179586	2888.4384384384384	1	-0.8904363900251716	-1.8647430670837852e-09	0
6283185.307179586	2331.881881881882	2	0.31293065129373043	1.2676605540716583e-09	0
6283185.307179586	1142.2422422422424	2	0.5449860387808418	-1.4199154985051573e-09	0
6283185.307179586	1476.176176176176	3	-0.7434078166840193	7.132395018533165e-10	0
6283185.307179586	1044.8448448448448	2	-0.31675237980137827	-1.7888578620216587e-09	0
6283185.307179586	1072.6726726726727	2	-1.1859603707576543	6.109079945313139e-10	2
6283185.307179586	2693.643643643644	3	1.2215926045237842	-7.176304410864422e-11	2
6283185.307179586	2095.3453453453453	3	0.05097116052105077	1.7983558854689152e-09	0
6283185.307179586	2352.7527527527527	3	0.9116819304567545	-1.6086413629210128e-09	0
6283185.307179586	2464.064064064064	1	1.2539183531753149	1.2080360975671203e-09	1
6283185.307179586	2777.127127127127	2	-1.2908850453878316	-1.998417833178828e-09	0
6283185.307179586	669.1691691691692	3	0.6378745026721235	-6.783436312038212e-10	2
6283185.307179586	2046.6466466466468	4	-0.25543370821128253	1.2703209277487544e-09	0
6283185.307179586	2519.7197197197197	5	1.5640106358033576	1.0395269618751367e-09	1
6283185.307179586	383.93393393393393	6	1.4954618090450182	1.1996353169459702e-09	2
6283185.307179586	460.46046046046047	2	0.6591200105112325	1.405124355374295e-09	0
6283185.307179586	2192.742742742743	5	-0.7443926668401852	-1.9134967139891584e-09	0
6283185.307179586	1030.930930930931	6	-1.481946906692637	-5.436587811118595e-11	2
6283185.307179586	2540.5905905905906	3	1.2525136022952141	1.8861249651865034e-09	0
6283185.307179586	1719.6696696696697	2	1.119010665618926	2.5140582308715515e-10	2
6283185.307179586	1211.8118118118118	3	-1.0657025422043098	-1.3344351038978499e-09	0
6283185.307179586	1197.897897897898	1	-0.6591292154627626	-1.4470936842595952e-09	0
6283185.307179586	1504.004004004004	6	1.1736463157683432	8.632269625365914e-10	1
6283185.307179586	1497.047047047047	1	-1.5022325804244026	-3.9232187456701885e-10	1
6283185.307179586	1629.2292292292293	4	0.27010001787749105	-6.953604195134058e-10	0
6283185.307179586	780.4804804804805	5	1.3289295511374228	1.9005080674061254e-10	2
6283185.307179586	2192.742742742743	1	-0.3442731583427241	-1.6323953166893849e-09	0
6283185.307179586	3375.4254254254256	6	-0.9342794725234317	-1.8082855285631305e-09	0
6283185.307179586	1997.947947947948	4	-0.47021567592026225	-1.8589103111818456e-09	0
6283185.307179586	1566.6166166166167	5	-1.3441296978646835	-7.924107465608194e-10	1
6283185.307179586	2164.914914914915	2	0.9210838772489507	-3.0511702978896025e-13	2
6283185.307179586	1907.5075075075076	1	0.05336477928596217	-1.6991464011095651e-09	0
6283185.307179586	1775.3253253253254	1	0.27543543550648586	1.204939504266988e-09	0
6283185.307179586	1858.8088088088089	1	0.7961280192840712	-1.5502376509138649e-09	0
6283185.307179586	2651.901901901902	5	0.5454955328156039	-8.56091486286314e-10	0
6283185.307179586	1434.4344344344345	5	0.20590149863806828	2.8785129572180904e-10	2
6283185.307179586	1204.854854854855	2	-0.2941230082782431	6.036406915335612e-10	0
6283185.307179586	1149.1991991991993	4	1.4473341219806466	-1.803420799778853e-09	2
6283185.307179586	1803.1531531531532	5	-1.4763025887922963	4.1176604247870653e-10	1
6283185.307179586	2304.054054054054	3	-1.2403538328570554	-1.4884081877037278e-09	0
6283185.307179586	1232.6826826826828	2	-0.9587404119776907	-1.9826464202136315e-10	1
6283185.307179586	1385.7357357357357	6	0.8053560580768093	1.963550507816355e-09	0
6283185.307179586	1163.113113113113	1	0.7590097021409208	8.172599986963329e-10	0
6283185.307179586	808.3083083083084	3	0.7979385914188217	1.1204158245418169e-09	0
6283185.307179586	1670.970970970971	2	1.1982352007135577	1.2183860236441153e-09	1
6283185.307179586	3131.931931931932	1	-1.1175085240344247	1.3509039418436716e-09	0
6283185.307179586	2554.5045045045044	2	-0.14890970803366121	2.651263862105464e-10	2
6283185.307179586	460.46046046046047	5	-1.0464558822340302	-3.2355163144797016e-10	1
6283185.307179586	1747.4974974974975	1	0.2316366805767831	1.3018565772401536e-09	0
6283185.307179586	1371.821821821822	6	1.044248949021802	-1.1702354633944365e-09	0
6283185.307179586	2603.2032032032034	4	-1.170358626736339	1.4714924372822716e-09	0
6283185.307179586	1330.08008008008	4	1.0187646011347202	1.3365376138150007e-09	0
6283185.307179586	2777.127127127127	5	-0.3110351528164981	-1.7644450300098644e-09	0
6283185.307179586	1316.1661661661662	2	0.5669600115416618	-1.6114063050363204e-09	0
6283185.307179586	1497.047047047047	6	-0.9657403896488723	8.59550773267121e-10	1
6283185.307179586	2408.4084084084084	6	0.5149537861864393	1.2347732385789697e-09	0
6283185.307179586	3291.941941941942	2	0.8863791088302357	1.3671379437601805e-10	2
6283185.307179586	975.2752752752752	4	0.5758520672290519	1.7451724047513387e-09	0
6283185.307179586	1260.5105105105106	6	-1.0036134157305778	-1.8529983346447462e-09	0
6283185.307179586	2144.0440440440443	2	0.47531730923413695	-6.008336104290284e-11	1
6283185.307179586	2575.3753753753754	6	-0.07064409756260792	-1.5027411619725643e-09	0
6283185.307179586	2464.064064064064	1	-0.4241929439131895	1.9430357475472753e-09	0
6283185.307179586	2484.934934934935	2	-0.5562367446925731	1.938380564733042e-09	0
6283185.307179586	738.7387387387388	1	-0.16399172865709666	-1.1773035217516145e-10	2
6283185.307179586	2784.084084084084	6	0.4404350093235405	6.9020784850109e-10	0
6283185.307179586	634.3843843843844	4	-1.4297675982795313	-3.234891382538306e-10	1
6283185.307179586	2039.6896896896897	6	0.7770796195442395	1.4050447427210983e-09	0
6283185.307179586	2846.6966966966966	1	0.3084449650809997	-1.141575071552187e-09	0
6283185.307179586	2046.6466466466468	3	-0.4756831548724061	-9.047089810493016e-10	0
6283185.307179586	863.963963963964	5	-0.1988653145878314	1.63285831484641e-09	0
6283185.307179586	1956.2062062062062	5	0.02036285421839268	-7.158378234077967e-10	0
6283185.307179586	1844.8948948948948	3	1.5554143357374297	-1.1106078918217347e-09	2
6283185.307179586	1462.2622622622623	1	0.8445877386672862	-8.110931894373454e-10	2
6283185.307179586	3138.888888888889	3	-1.4317789719655432	-5.615952779434386e-10	2
6283185.307179586	349.14914914914914	3	0.2970597039444103	3.0038200228948453e-10	2
6283185.307179586	105.65565565565566	4	0.7079821103351263	-1.9680940236798863e-09	0
6283185.307179586	1163.113113113113	4	-1.301178896281648	-1.5165128110143741e-09	1
6283185.307179586	1705.755755755756	5	0.7060037593766446	-1.2640472085003714e-09	0
6283185.307179586	773.5235235235235	1	1.0550162066804818	1.5330982151043575e-09	0
6283185.307179586	2053.603603603604	5	0.8491035703280287	9.231101168344975e-10	0
6283185.307179586	655.2552552552553	3	-1.3199882858078253	1.3716331082049376e-09	2
6283185.307179586	1455.3053053053054	6	-0.47336706429994324	-1.9786025673235924e-09	0
6283185.307179586	898.7487487487488	3	0.26143085169969793	-5.166279074250452e-10	1
6283185.307179586	2853.6536536536537	2	0.26032057681486465	6.015761879652359e-10	0
6283185.307179586	1803.1531531531532	4	-0.04199440129602472	8.631597592829067e-10	0
6283185.307179586	1643.143143143143	6	-1.4595721804057633	-1.933796080575599e-09	2
6283185.307179586	731.7817817817818	5	-0.15427174459801707	6.614991714236523e-10	2
6283185.307179586	1023.973973973974	5	-0.3230770437348598	1.1950871504953643e-09	0
6283185.307179586	1712.7127127127128	3	1.161465930633749	7.730851362188397e-10	2
6283185.307179586	1629.2292292292293	5	1.5510223957434515	4.5513959096644285e-10	1
6283185.307179586	2610.16016016016	1	1.1465007902247288	6.480553764022921e-10	2
6283185.307179586	2603.2032032032034	4	0.7418882460740992	1.381235981807538e-10	2
6283185.307179586	2533.6336336336335	1	-0.7324560215924424	1.6969888310532424e-09	0
6283185.307179586	884.8348348348349	2	1.1242556789338982	1.323821595843567e-09	0
6283185.307179586	2477.977977977978	1	-1.128811190520138	1.552564149990104e-09	0
6283185.307179586	1997.947947947948	2	1.0748916601111351	1.150957318289515e-09	0
6283185.307179586	3716.3163163163163	4	-0.10250283247351333	1.4012580781739644e-10	1
6283185.307179586	1309.2092092092093	1	0.7744063912851527	-1.6175713351542995e-09	0
6283185.307179586	2735.3853853853852	5	1.219408813324364	1.9950615403391467e-09	0
6283185.307179586	1190.940940940941	3	0.7889076406673943	1.7125464332753232e-09	0
6283185.307179586	1893.5935935935936	1	-0.0026595414570318443	-1.0463531346677503e-09	0
6283185.307179586	919.6196196196197	4	1.1895508459706252	-4.23327702394189e-10	2
6283185.307179586	1037.887887887888	1	-0.017735541858384662	1.2010446595975637e-09	0
6283185.307179586	1267.4674674674675	6	-1.023310439121568	-2.4371904155440485e-10	2
6283185.307179586	1517.917917917918	6	0.5162601704504923	4.3809732725631787e-10	1
6283185.307179586	2116.2162162162163	4	-0.5270026795168814	-1.9832463790555977e-09	0
6283185.307179586	2512.762762762763	2	-1.0489951893935907	-1.4264195098592585e-09	0
6283185.307179586	1594.4444444444446	1	-0.9718891317144414	8.059117784707902e-10	0
6283185.307179586	1719.6696696696697	3	-0.7210096823998753	8.254381452230909e-10	0
6283185.307179586	1065.7157157157158	5	-0.5729922564225352	1.6517965898144058e-10	1
6283185.307179586	1441.3913913913914	2	-1.0740673922445012	2.151544630980764e-10	2
6283185.307179586	1448.3483483483483	5	-0.4213903838966553	-1.802695542222177e-09	0
6283185.307179586	2164.914914914915	2	0.48356691285281306	1.894700487253585e-09	0
6283185.307179586	2060.5605605605606	4	-1.0069485931813487	1.8235098536741708e-09	0
6283185.307179586	1281.3813813813815	6	-1.081488877047917	-1.1757845142196498e-09	0
6283185.307179586	2025.7757757757759	4	-0.3419749517701798	-1.0337079315447162e-09	0
6283185.307179586	606.5565565565565	5	1.0308270052144217	-1.049276694728858e-09	0
6283185.307179586	1337.0370370370372	5	-1.0436367171496705	7.649133452216624e-10	1
6283185.307179586	2345.795795795796	2	-0.7268328971552085	7.166793473083467e-10	0
6283185.307179586	1796.1961961961963	2	0.8632618390289846	1.9363280041735405e-09	0
6283185.307179586	585.6856856856857	2	0.5044164757152494	-1.5210143433891786e-09	0
6283185.307179586	1643.143143143143	3	-0.13458346681015643	3.922940451878335e-10	1
6283185.307179586	2088.388388388388	2	1.4800168648837153	1.2879572985604585e-09	2
6283185.307179586	2095.3453453453453	2	1.5456716759436469	-3.9286681850606984e-10	1
6283185.307179586	2032.7327327327328	6	-0.2416053988620277	-1.5035245139732564e-09	0
6283185.307179586	884.8348348348349	5	1.393760881021619	-8.518294277958965e-10	2
6283185.307179586	2603.2032032032034	5	-0.7575537118688662	-7.317423230439322e-10	0
6283185.307179586	1559.6596596596596	1	0.6557245419477247	7.058529466151986e-10	0
6283185.307179586	850.0500500500501	1	1.4249162628499943	1.7180613476020669e-09	2
6283185.307179586	1559.6596596596596	1	-1.278306950207708	1.565687998430684e-09	1
6283185.307179586	2241.4414414414414	5	-0.8367584761633589	1.588824763543811e-09	0
6283185.307179586	1963.1631631631633	5	0.8293320030083517	1.9171969506545234e-09	0
6283185.307179586	370.02002002002	5	-0.9649268280979292	1.4050969210458292e-09	1
6283185.307179586	1712.7127127127128	4	0.6965124491194192	-1.3865078940656708e-09	0
6283185.307179586	1309.2092092092093	2	-1.2049536036120774	1.327606754916254e-09	1
6283185.307179586	1281.3813813813815	5	-0.01809742853494667	5.971862419179054e-10	0
6283185.307179586	3097.1471471471473	2	-0.3083433696660345	3.91305331391085e-10	1
6283185.307179586	982.2322322322323	1	-1.547689754257981	-5.071327897541447e-10	1
6283185.307179586	1288.3383383383384	1	-0.930376376964911	1.049152178314225e-09	0
6283185.307179586	1817.0670670670672	4	0.9963462557269565	-1.736869806233362e-09	0
6283185.307179586	1907.5075075075076	4	-0.8178505491285121	-5.45332195265893e-10	1
6283185.307179586	481.33133133133134	5	1.1591269624629468	1.4374600493002426e-09	1
6283185.307179586	376.97697697697697	1	-0.8170935062977192	1.3349125317654923e-09	0
6283185.307179586	1684.884884884885	3	1.2755653017101487	1.9318936020900132e-09	0
6283185.307179586	1719.6696696696697	2	0.30054688409289576	-8.732094621443293e-10	0
6283185.307179586	530.03003003003	3	0.2285227576169142	-5.947831373800345e-10	1
6283185.307179586	1810.11011011011	3	-0.945664259347315	-1.873184881185672e-09	0
6283185.307179586	1844.8948948948948	4	-0.24902267387841204	4.760840139449287e-10	1
6283185.307179586	1392.6926926926926	2	0.24695590134972645	-9.958633176402491e-10	0
6283185.307179586	1615.3153153153153	2	-1.4253177234557008	-1.7252328523323122e-09	1
6283185.307179586	3284.984984984985	6	0.27592127699684577	-1.002477120699821e-09	0
6283185.307179586	1935.3353353353355	6	-0.18789956174180422	-7.276408544700562e-10	0
6283185.307179586	1218.7687687687687	6	-0.778982129934793	-8.527836578769388e-10	0
6283185.307179586	2039.6896896896897	6	1.5267744523930729	-1.952519314997076e-09	1
6283185.307179586	627.4274274274275	3	0.1998431218239507	-9.521921042117208e-10	0
6283185.307179586	1726.6266266266266	1	0.5152380189114014	4.476578700892949e-11	2
6283185.307179586	2401.4514514514517	2	0.122012300645304	3.598637097711297e-10	1
6283185.307179586	1260.5105105105106	4	0.6279925423350017	-8.263790502117341e-10	0
6283185.307179586	1469.2192192192192	5	-0.8721000864025045	-1.944994348512913e-09	0
6283185.307179586	1970.1201201201202	5	-0.9073723204369799	1.7286414776371362e-09	0
6283185.307179586	1455.3053053053054	3	0.3727520323525477	-1.2811271145821404e-09	0
6283185.307179586	1858.8088088088089	4	-0.9674145105546146	-1.6962697122741421e-09	0
6283185.307179586	2157.957957957958	6	-0.32831943856120893	-1.9284802073862282e-09	0
6283185.307179586	1010.0600600600601	6	1.1581497393704137	-8.444644964485817e-10	2
6283185.307179586	1051.801801801802	2	-1.3075809632265751	-1.875484929724962e-10	2
6283185.307179586	2804.954954954955	2	-1.25350323682838	-4.1618486834000287e-10	2
6283185.307179586	1608.3583583583584	6	-0.623054083699487	-4.635528373097646e-10	1
6283185.307179586	1399.6496496496497	4	-0.15366483142675902	-7.899703993267329e-10	0
6283185.307179586	1483.1331331331332	3	-0.12513705374114825	3.199175228556351e-10	1
6283185.307179586	1670.970970970971	1	1.0083627817868535	6.121304595864271e-10	2
6283185.307179586	2227.5275275275276	1	0.4582649416322422	-3.677172594091313e-10	2
6283185.307179586	1260.5105105105106	1	0.250347054934668	-6.377373538679132e-10	2
6283185.307179586	1302.2522522522522	4	1.1729223283778643	-6.700001635172926e-10	2
6283185.307179586	731.7817817817818	6	-0.7586572716583785	-3.465033803308271e-10	0
6283185.307179586	1302.2522522522522	5	1.5464967479309872	-1.3586021555759458e-09	2
6283185.307179586	2220.5705705705705	2	-0.7387880389050288	-4.9094284105578955e-11	1
6283185.307179586	1622.2722722722724	1	-0.20180183210743619	-1.3440565621628316e-09	0
6283185.307179586	1170.0700700700702	4	0.2677776191422312	1.3260491626404047e-09	0
6283185.307179586	1295.2952952952953	6	1.5426648541938084	-1.7408751375734228e-09	1
6283185.307179586	2575.3753753753754	4	1.501377669400044	-7.102102907332623e-10	2
6283185.307179586	1476.176176176176	1	1.3634509634633534	7.335333210282463e-10	2
6283185.307179586	696.996996996997	4	-0.761935056743887	-5.070583108479956e-10	1
6283185.307179586	3097.1471471471473	2	1.0428828821876373	5.480276567624831e-10	2
6283185.307179586	1594.4444444444446	4	0.06416099925670782	9.198524375609479e-10	0
6283185.307179586	745.6956956956957	2	-0.6814566752765885	-1.3174114379590325e-09	0
6283185.307179586	2185.7857857857857	5	-0.19933801370622373	1.2177830006748169e-09	0
6283185.307179586	1441.3913913913914	2	-1.4303101863905456	1.1952743200137895e-09	2
6283185.307179586	1023.973973973974	1	-0.3271259326831726	-1.1024849212836674e-09	0
6283185.307179586	2394.4944944944946	5	-1.2244963596979241	6.006776804453917e-10	2
6283185.307179586	1538.788788788789	5	0.6704160618067867	2.9106088020075696e-10	1
6283185.307179586	3083.2332332332335	4	-0.7332739481788358	-5.822070495936199e-10	0
6283185.307179586	2484.934934934935	5	-0.7937718955248725	-1.9330395644875957e-10	2
6283185.307179586	836.1361361361362	4	-0.8229262618857468	-1.1317401049369469e-10	1
6283185.307179586	1177.027027027027	5	-1.5158067381976055	-1.4290589868130802e-09	1
6283185.307179586	1817.0670670670672	4	-0.7013281004898201	3.281507974801355e-10	2
6283185.307179586	2777.127127127127	4	-0.024510000657620656	3.3385026149887935e-10	1
6283185.307179586	2234.4844844844847	6	-1.0966523113121949	3.52654812622343e-10	2
6283185.307179586	1928.3783783783783	2	-0.6845408303889479	-1.2112670328181424e-09	0
6283185.307179586	1837.937937937938	5	-1.3841787046002323	-9.098125974989011e-10	2
6283185.307179586	2276.226226226226	6	0.24078344796904627	1.9956982597982558e-09	0
6283185.307179586	773.5235235235235	4	0.8928683241018702	1.8332463172566822e-10	1
6283185.307179586	1434.4344344344345	3	-0.0023824729335428785	-1.5912331633005988e-09	0
6283185.307179586	2359.70970970971	3	-1.4881999872051246	5.366868916896439e-10	1
6283185.307179586	676.1261261261261	2	-0.7661603983897596	-5.524470966548411e-10	1
6283185.307179586	703.9539539539539	5	-0.13919805921054995	-1.2925777159543625e-09	0
6283185.307179586	1274.4244244244244	1	1.3060784388147422	3.920353832949804e-10	2
6283185.307179586	1392.6926926926926	4	-0.7907453484004575	-4.682575366856016e-10	1
6283185.307179586	2081.4314314314315	6	0.23031649078737404	8.075873155924485e-10	0
6283185.307179586	1837.937937937938	2	0.9998004490354075	8.691914808133646e-11	1
6283185.307179586	1413.5635635635635	1	-0.31563968618412197	1.9249968614460283e-09	0
6283185.307179586	1837.937937937938	5	-1.4157773041957697	-6.35775871262347e-10	1
6283185.307179586	432.63263263263264	5	0.1423807017567471	-1.7487034870738782e-09	0
6283185.307179586	2450.1501501501502	6	-0.9973739752522451	2.5141592163004126e-11	2
6283185.307179586	1747.4974974974975	5	0.6228922533144852	-1.0277699723082946e-09	0
6283185.307179586	2324.924924924925	2	-0.01599394655954911	1.3709458564148258e-09	0
6283185.307179586	1183.983983983984	3	-1.2015513736283514	-9.814932639226908e-10	1
6283185.307179586	2971.921921921922	2	-1.5562311427314302	1.7428160730064356e-09	1
6283185.307179586	2324.924924924925	2	-0.696208431201333	8.353397523815035e-10	0
6283185.307179586	1135.2852852852852	3	-1.100480388166468	7.233142708774941e-10	1
6283185.307179586	3605.005005005005	4	0.962768971865521	-1.6772690005277806e-09	0
6283185.307179586	3695.4454454454453	4	0.1891273098493449	-1.708713458133822e-09	0
6283185.307179586	2568.4184184184187	6	0.09592716844539106	6.534292564037792e-10	0
6283185.307179586	300.4504504504505	2	-1.1506249606285182	1.793264913960048e-09	0
6283185.307179586	1420.5205205205204	4	0.7927736876961387	6.444880744450866e-10	2
6283185.307179586	1455.3053053053054	4	-0.7731633075478545	-1.3245441307362934e-09	0
6283185.307179586	1615.3153153153153	3	-1.3477399189534618	1.4454490554676675e-09	2
6283185.307179586	2846.6966966966966	2	-0.568687265645776	7.2673715848043e-10	0
6283185.307179586	592.6426426426426	3	-0.19557186522549874	-1.2637565639226854e-09	0
6283185.307179586	1928.3783783783783	3	-0.07208076169880351	9.203533985377625e-10	0
6283185.307179586	1065.7157157157158	1	0.6182427571170366	8.049876765329317e-10	0
6283185.307179586	794.3943943943945	6	0.3604396034671995	-1.44589175121584e-09	0
6283185.307179586	1156.1561561561562	2	1.4660155050618462	3.1471191632286156e-10	2
6283185.307179586	2394.4944944944946	4	-1.0540999790162249	-1.3510141772121839e-09	0
6283185.307179586	1017.017017017017	5	-1.4923602607969453	5.100612640293027e-10	1
6283185.307179586	1789.2392392392394	2	-0.9833397919542143	-2.746834195694476e-10	2
6283185.307179586	1497.047047047047	6	1.5314834703966063	-9.341319239219487e-10	1
6283185.307179586	2060.5605605605606	2	-1.083907213473887	-8.27565141889802e-10	2
6283185.307179586	1100.5005005005005	2	-0.036673159122596166	1.318559986295883e-09	0
6283185.307179586	2032.7327327327328	2	1.141685918848942	1.5126918883229707e-09	0
6283185.307179586	870.9209209209209	2	0.26219916602098814	6.095279814029299e-10	0
6283185.307179586	1921.4214214214214	5	0.954057822023028	-1.779271533178648e-09	0
6283185.307179586	1364.864864864865	6	-0.16140746830157116	1.7146942961037036e-09	0
6283185.307179586	2679.72972972973	1	0.05214297589970851	-1.0961410171279802e-09	0
6283185.307179586	2276.226226226226	3	-0.6359406122450593	1.8567961520593444e-09	0
6283185.307179586	3396.2962962962965	2	-0.4354768460322307	-7.279111547033969e-10	0
6283185.307179586	703.9539539539539	5	0.8605506891038557	2.580947600492441e-10	2
6283185.307179586	1371.821821821822	3	-0.7510827902285421	-6.7209025133573e-10	1
6283185.307179586	1497.047047047047	2	0.15982103593421426	-7.382896505675607e-10	0
6283185.307179586	2269.2692692692694	3	-1.3681067316060618	1.5635219727324707e-09	2
6283185.307179586	1552.7027027027027	2	-0.38856664343676717	1.1491850483889676e-10	1
6283185.307179586	1538.788788788789	1	-0.7008057903793529	-1.5609080430391502e-09	0
6283185.307179586	1719.6696696696697	1	1.0685455877471575	1.5076969937641765e-09	0
6283185.307179586	2658.858858858859	6	-0.46697934499234073	1.984290322557499e-09	0
6283185.307179586	2123.1731731731734	1	-1.3008087093410423	-2.8295752467520925e-10	2
6283185.307179586	1364.864864864865	3	1.2104661622153015	4.4924856850369884e-10	1
6283185.307179586	683.0830830830831	5	-0.5361249485149961	9.271171259451501e-12	1
6283185.307179586	1065.7157157157158	6	1.2217478617761683	-5.631444434122678e-11	1
6283185.307179586	2881.4814814814818	5	0.9984035022272919	9.844970162059707e-11	2
6283185.307179586	2930.1801801801803	5	0.43197927069177045	-1.172729622175401e-09	0
6283185.307179586	1163.113113113113	4	-0.934507337119461	-1.5855203801245593e-09	0
6283185.307179586	1190.940940940941	6	-1.409549213895736	-1.4381355555144392e-09	2
6283185.307179586	3020.6206206206207	6	0.31567866893851404	5.631217781015341e-10	0
6283185.307179586	1893.5935935935936	3	-0.7997503200660567	8.935884040923436e-10	0
6283185.307179586	1239.6396396396397	4	1.071332275141454	1.4040684170666898e-09	0
6283185.307179586	2867.5675675675675	6	1.2720790188170916	-8.523909735392318e-10	2
6283185.307179586	2554.5045045045044	4	-1.3729390904742447	1.481286217539842e-09	1
6283185.307179586	1810.11011011011	3	-0.27155363681922395	8.016905323384107e-10	0
6283185.307179586	1622.2722722722724	5	-0.0258618671015447	2.3300563484576545e-10	2
6283185.307179586	3319.76976976977	2	-0.8904875928626663	-1.184528817875135e-09	0
6283185.307179586	1566.6166166166167	2	-1.2977701299547335	7.357878584803472e-10	2
6283185.307179586	982.2322322322323	5	1.46843427151973	1.4827565133856667e-09	2
6283185.307179586	1900.5505505505505	3	-1.2924649675881934	1.2958726694067892e-09	2
6283185.307179586	2380.5805805805808	6	-0.2740112135209538	-1.2918724556969157e-09	0
6283185.307179586	411.76176176176176	3	0.27493505680352404	1.2200238441685112e-09	0
6283185.307179586	870.9209209209209	5	0.3156127862986007	-1.4813582005060836e-09	0
6283185.307179586	1218.7687687687687	1	0.8055112898204486	-1.4186154605223586e-09	0
6283185.307179586	2018.818818818819	6	1.189324512964411	-9.245060899665313e-11	1
6283185.307179586	1754.4544544544544	4	1.2775986990371129	4.714629507852112e-10	2
6283185.307179586	1163.113113113113	5	0.3093488380996834	-5.607445742669563e-10	0
6283185.307179586	2213.613613613614	3	0.15407833390265258	1.7684905346342608e-09	0
6283185.307179586	1670.970970970971	1	-1.1094856665335113	-1.1741160920405948e-09	1
6283185.307179586	2853.6536536536537	1	0.3939537831570461	-6.207529764740856e-10	0
6283185.307179586	822.2222222222223	3	0.046956862557998136	-7.60950691228877e-10	1
6283185.307179586	1740.5405405405406	3	-0.4552820011695782	1.7496567676090678e-10	1
6283185.307179586	752.6526526526527	5	1.4790906314342558	1.462421275186444e-09	2
6283185.307179586	2679.72972972973	6	-1.0375242225853154	-1.4681343378392188e-09	0
6283185.307179586	564.8148148148148	6	0.144528550930761	-3.7860079447922347e-11	0
6283185.307179586	634.3843843843844	6	0.058164060883912905	8.881181050404315e-11	0
6283185.307179586	2672.772772772773	5	0.10437599625191796	-1.0812908091496426e-09	0
6283185.307179586	863.963963963964	3	1.1281916092786686	-1.3188933943214064e-09	1
6283185.307179586	2109.259259259259	4	0.940239989546849	-1.7521766141298448e-09	0
6283185.307179586	1267.4674674674675	5	0.4969218408792022	4.447721282133148e-10	2
6283185.307179586	1573.5735735735736	5	-1.1515713047065095	7.267112464967444e-10	2
6283185.307179586	3952.852852852853	6	0.20603102413332874	-1.6765081070423285e-09	0
6283185.307179586	1803.1531531531532	2	0.441683591636187	-6.461469670897255e-10	0
6283185.307179586	1837.937937937938	2	0.8522426080500876	1.3849492015415206e-09	0
6283185.307179586	1420.5205205205204	5	-1.356292707032949	-1.5653024693483575e-09	1
6283185.307179586	2157.957957957958	2	-0.34817134640004377	1.8012461063550716e-09	0
6283185.307179586	759.6096096096096	1	-1.449850043355524	1.3680615849186992e-09	1
6283185.307179586	3194.544544544545	2	-0.8266812377368009	-1.333116175350468e-09	0
6283185.307179586	2951.051051051051	5	-0.8494100791244292	-9.726787049265525e-10	0
6283185.307179586	1093.5435435435436	4	0.8661724106055813	-1.7329250986880364e-09	0
6283185.307179586	2116.2162162162163	3	-1.05907493591164	1.2522823566041187e-09	0
6283185.307179586	2060.5605605605606	6	0.2649561431689518	-1.7477927743279001e-09	0
6283185.307179586	1490.0900900900901	2	0.854661103575705	-1.699694801283509e-09	0
6283185.307179586	1364.864864864865	3	-1.4551675564011068	-4.924634698131371e-10	2
6283185.307179586	2262.3123123123123	2	-0.5033075577980151	-3.729844250623891e-10	2
6283185.307179586	1225.7257257257259	1	-1.3671591921360762	-7.410310078748994e-10	2
6283185.307179586	1615.3153153153153	3	0.8688129311327395	4.82504428731734e-10	2
6283185.307179586	1469.2192192192192	1	-0.7569463949115175	6.731700299956829e-10	0
6283185.307179586	1455.3053053053054	2	0.5267626302984301	1.377712135300446e-09	0
6283185.307179586	1608.3583583583584	2	0.4868052680004129	-1.5786814772307825e-09	0
6283185.307179586	940.4904904904905	3	0.5033635117450435	-3.8691350830554014e-10	2
6283185.307179586	1670.970970970971	6	-0.717580481594899	1.1651797777884559e-09	0
6283185.307179586	2144.0440440440443	4	0.37336981003961456	-1.6852455990485996e-10	1
6283185.307179586	2123.1731731731734	1	-1.42717073783487	-3.4800367453742796e-10	1
6283185.307179586	1427.4774774774776	2	-0.5467473500606883	1.1589321471996678e-09	0
6283185.307179586	2345.795795795796	5	1.084089439746578	1.1525327179600217e-09	0
6283185.307179586	592.6426426426426	3	1.4649311009135935	1.7927576167259659e-09	1
6283185.307179586	1747.4974974974975	6	0.8809904335350374	-1.0989749825876756e-09	0
6283185.307179586	1476.176176176176	4	-0.6394137288254419	1.6236157220948032e-09	0
6283185.307179586	1726.6266266266266	1	-0.03185070840484805	-1.399237372770341e-10	2
6283185.307179586	1559.6596596596596	5	-0.2100443531051721	1.5509346334878801e-09	0
6283185.307179586	1350.950950950951	4	0.3482713866545215	-1.7749953343499946e-10	1
6283185.307179586	696.996996996997	1	0.6538629749826814	-5.158186173106491e-10	2
6283185.307179586	335.2352352352352	1	-0.4580483267317945	-1.691464035582881e-09	0
6283185.307179586	2422.322322322322	3	-0.7688660874940569	-1.0881286126646677e-09	0
6283185.307179586	1378.7787787787788	5	1.3985695587729352	8.020928467190718e-10	2
6283185.307179586	1810.11011011011	5	1.5590748452305556	-1.6237647718935487e-09	1
6283185.307179586	613.5135135135135	3	-0.11950885117882049	-1.0480094729271965e-09	0
6283185.307179586	3131.931931931932	2	0.6931600661370894	-1.270492566074005e-09	0
6283185.307179586	1893.5935935935936	5	-0.8197569590196534	-3.6113514248765565e-11	2
6283185.307179586	933.5335335335336	6	-0.8766436104686753	1.2673877716014125e-09	2
6283185.307179586	1636.1861861861862	5	1.533049797958181	1.8567969577999896e-09	2
6283185.307179586	1782.2822822822823	1	0.5659549223924043	1.0820532942592592e-09	0
6283185.307179586	1754.4544544544544	4	-1.1615530723322698	1.9945299446624733e-09	0
6283185.307179586	1761.4114114114116	4	-1.2218430736753008	1.0860791355461857e-09	1
6283185.307179586	634.3843843843844	6	-1.27978141738801	-7.792502507290818e-10	2
6283185.307179586	1761.4114114114116	3	-1.4660105408031212	3.439888665279093e-11	1
6283185.307179586	3097.1471471471473	6	0.6391277636328625	1.6234265260011642e-09	0
6283185.307179586	1900.5505505505505	4	-1.3060333623507436	1.6275174634683311e-09	1
6283185.307179586	1754.4544544544544	5	0.2059476051595357	3.2924597256658915e-10	2
6283185.307179586	2679.72972972973	1	1.234496835770849	1.5810086795055834e-10	2
6283185.307179586	1107.4574574574574	4	-0.48713350991101523	1.4303893238737744e-09	0
6283185.307179586	2547.5475475475478	3	1.0750149165740877	8.217515250583316e-10	1
6283185.307179586	3097.1471471471473	4	0.03085692239704807	8.091930783660774e-10	0
6283185.307179586	1378.7787787787788	1	0.43787198371879743	7.518395035828642e-11	2
6283185.307179586	627.4274274274275	1	0.8556376746685035	-5.837127847389178e-10	2
6283185.307179586	1636.1861861861862	2	-0.46836326949731033	3.058390184406198e-11	2
6283185.307179586	2032.7327327327328	3	-0.07024986249479803	-9.098182589440373e-10	0
6283185.307179586	2011.8618618618618	1	-1.462865847514491	-1.496246170840816e-09	2
6283185.307179586	613.5135135135135	5	1.1735058112552452	-1.0901905576150478e-09	1
6283185.307179586	1281.3813813813815	6	0.6943005539678757	-9.063343525828614e-11	2
6283185.307179586	2074.474474474475	4	-1.2785038249353315	1.4198035923395233e-09	1
6283185.307179586	1476.176176176176	1	1.3191264170663444	4.270523723428796e-10	2
6283185.307179586	1343.993993993994	2	1.5535112067289738	-4.664748518212729e-10	2
6283185.307179586	1858.8088088088089	3	0.8887431906269669	1.8550879140322218e-09	0
6283185.307179586	2554.5045045045044	5	-0.383112293028425	-1.9648363390665397e-09	0
6283185.307179586	1594.4444444444446	2	-0.932413913287088	1.0198719704834858e-10	1
6283185.307179586	2046.6466466466468	4	-0.2187320918140263	1.3990081487590748e-09	0
6283185.307179586	3013.6636636636636	4	-0.6441972067398498	1.6304592126653233e-09	0
6283185.307179586	1225.7257257257259	4	0.06768982329871887	-8.989067194524929e-10	0
6283185.307179586	1643.143143143143	1	-0.7722353922539453	9.498639633568298e-10	0
6283185.307179586	1371.821821821822	1	-0.11788861503299186	-1.661768927498117e-09	0
6283185.307179586	1830.980980980981	6	0.2144793319744731	-8.28885182302741e-10	0
6283185.307179586	1851.851851851852	5	0.051687469137276176	1.8210788725573643e-09	0
6283185.307179586	989.1891891891892	5	0.17411366036917575	1.2289979561844779e-09	0
6283185.307179586	2958.008008008008	2	1.5578285160482692	8.040089574469835e-10	1
6283185.307179586	2116.2162162162163	3	-1.2801074617067445	-9.104893709293324e-10	2
6283185.307179586	3145.845845845846	1	1.075532909328544	-1.813284011679345e-10	2
6283185.307179586	1684.884884884885	6	-1.088479968935526	1.1787057296396439e-09	1
6283185.307179586	1691.8418418418419	4	0.27166596278122856	-2.8167302950874527e-10	1
6283185.307179586	2060.5605605605606	3	-1.0533610555836084	-1.127405599477239e-09	0
6283185.307179586	1782.2822822822823	4	-1.5367182192130129	1.649944624105807e-09	1
6283185.307179586	1997.947947947948	3	1.3515962079561792	-3.7987408044169773e-10	1
6283185.307179586	4439.83983983984	6	-1.1108072622545935	8.252812528035871e-10	1
6283185.307179586	1343.993993993994	1	1.2092991651205178	2.3554782650097114e-10	2
6283185.307179586	1003.1031031031031	4	0.37938284257643273	-6.462588519230508e-10	0
6283185.307179586	877.877877877878	4	0.626338426805972	1.6171760073788357e-09	0
6283185.307179586	1350.950950950951	3	-1.3287835414211304	-4.425528905472161e-10	1
6283185.307179586	1643.143143143143	1	1.5240977721689357	-1.6413103818040785e-09	2
6283185.307179586	2206.6566566566567	5	-1.1464318269546179	-1.6684707164111442e-11	2
6283185.307179586	2999.7497497497498	2	-0.7301605776588193	-9.941011722440713e-10	0
6283185.307179586	1865.7657657657658	2	1.5373537695873027	6.507246720084404e-10	2
6283185.307179586	2269.2692692692694	4	0.6814271904802718	-7.249861555410569e-10	0
6283185.307179586	933.5335335335336	5	0.03856395693105652	1.7993217562075774e-09	0
6283185.307179586	1510.960960960961	5	-1.202822105638719	-1.5159779822990363e-09	0
6283185.307179586	3347.5975975975975	4	-0.6611039661172394	-1.4223725677011112e-09	0
6283185.307179586	2853.6536536536537	1	-0.40879914984769017	-5.480065791594849e-10	0
6283185.307179586	1316.1661661661662	2	-0.6696711552007056	1.6079823161263935e-09	0
6283185.307179586	3389.3393393393394	5	-0.521582214074497	1.2449519073250037e-09	0
6283185.307179586	1302.2522522522522	3	-0.2430842616056359	-1.4598006425743085e-09	0
6283185.307179586	2192.742742742743	6	0.3674953178093696	1.958886709113633e-09	0
6283185.307179586	1650.1001001001002	3	-0.10990086452911929	-2.262647864029913e-10	1
6283185.307179586	829.1791791791792	4	-0.7756160329140911	1.0897919698903267e-09	0
6283185.307179586	286.5365365365366	1	-0.6508046163050781	-1.6255795600406842e-09	0
6283185.307179586	390.8908908908909	1	-1.5401876232744742	1.3809145940259372e-09	1
6283185.307179586	1545.7457457457458	1	0.8682194734647979	-9.719205480972454e-10	0
6283185.307179586	1128.3283283283283	3	0.42721473648037733	-4.670614226572997e-10	2
6283185.307179586	1357.9079079079079	6	0.7294147419115213	4.552170508793326e-10	2
6283185.307179586	2206.6566566566567	6	-1.3052676873148006	8.183127302211077e-10	2
6283185.307179586	1190.940940940941	2	1.0939168269086994	7.325476947061917e-10	1
6283185.307179586	2498.848848848849	5	1.1976624336865367	-8.846962342603408e-10	1
6283185.307179586	1796.1961961961963	6	0.2884089022583063	-6.703006678168221e-11	2
6283185.307179586	1858.8088088088089	6	0.7911884943851293	-4.831837187280098e-10	1
6283185.307179586	1538.788788788789	1	1.0962687634719623	-7.133283952785666e-10	2
6283185.307179586	2227.5275275275276	4	1.4593685554930116	4.6526616681366356e-10	2
6283185.307179586	1490.0900900900901	5	0.034705203543927476	-1.6233207366174814e-09	0
6283185.307179586	1594.4444444444446	1	-0.0017848533719841964	1.4993547035819262e-09	0
6283185.307179586	2123.1731731731734	5	1.5036049762053474	-6.130442017097195e-10	1
6283185.307179586	710.910910910911	1	-0.13353497250329416	-1.2161684271893162e-09	2
6283185.307179586	2018.818818818819	1	0.7205750871318428	-1.0762300054390146e-09	0
6283185.307179586	1949.2492492492493	3	-1.4046839850177923	1.1632990162395833e-10	2
6283185.307179586	2199.6996996997	4	0.9233737402285738	-1.996633731222159e-09	0
6283185.307179586	1580.5305305305305	6	0.1235157822788282	8.583265340335754e-10	0
6283185.307179586	1928.3783783783783	2	-0.20157585883607432	-7.86976547335418e-10	0
6283185.307179586	1469.2192192192192	1	1.4686376983697054	1.6040173585067664e-10	1
6283185.307179586	509.1591591591592	3	1.0060123104754033	4.4793879538494557e-10	2
6283185.307179586	2610.16016016016	6	-0.15696049604750906	1.0679817616654544e-09	0
6283185.307179586	1796.1961961961963	1	-1.4620537265428046	-1.6883916104157126e-09	2
6283185.307179586	1921.4214214214214	1	-0.3276551879074594	-1.753081318917539e-09	0
6283185.307179586	2832.7827827827828	1	-0.2548827295823979	1.0805638669686708e-09	0
6283185.307179586	1476.176176176176	3	0.5769656894196542	1.9837136874518396e-09	0
6283185.307179586	2443.193193193193	3	1.1428947880162665	1.7475318318946346e-09	0
6283185.307179586	1309.2092092092093	6	-0.6332322211761495	-1.2439495539227848e-09	0
6283185.307179586	1914.4644644644645	2	-1.149168280491046	-9.975596895055791e-10	1
6283185.307179586	676.1261261261261	6	1.115566058186951	-5.986611973197405e-10	2
6283185.307179586	453.5035035035035	6	-0.31174133036604146	3.4918801453417826e-10	0
6283185.307179586	2046.6466466466468	4	-0.5814290461093838	8.009501661399538e-10	0
6283185.307179586	2011.8618618618618	5	0.16279757357200908	-3.676174014798518e-10	1
6283185.307179586	3006.706706706707	4	0.3139936147798539	9.847282562019525e-10	0
6283185.307179586	1886.6366366366367	2	-1.5441900782060416	-1.689582140443768e-09	1
6283185.307179586	3542.3923923923926	6	-0.929988669629495	-3.548408940451783e-11	2
6283185.307179586	460.46046046046047	1	-0.5304402208556229	2.4312278562641414e-10	0
6283185.307179586	1775.3253253253254	2	-0.8317494309958364	-5.719997457394266e-10	2
6283185.307179586	1545.7457457457458	1	-0.9322295600437159	1.3649851819570848e-09	0
6283185.307179586	3111.061061061061	1	1.427413410185772	-1.6335241528277288e-09	2
6283185.307179586	1990.9909909909911	3	0.3930966296617937	-1.0267451272056497e-09	0
6283185.307179586	2554.5045045045044	1	-0.814601119081299	-5.360386670629244e-10	2
6283185.307179586	3667.6176176176177	6	-1.3118953778429963	-5.504007572778191e-11	2
6283185.307179586	1559.6596596596596	3	-1.2384978189880975	-1.1779292675084153e-09	1
6283185.307179586	1476.176176176176	4	-0.7690996990830283	1.6358988121328926e-09	0
6283185.307179586	1114.4144144144145	1	-0.6709129788059179	1.9590018431084677e-09	0
6283185.307179586	2387.5375375375374	6	1.104666852767508	2.751285327886003e-10	1
6283185.307179586	2436.2362362362364	3	-1.416920328574646	4.355893677254746e-10	2
6283185.307179586	1504.004004004004	2	1.0508436313178198	-1.0463657924884885e-09	1
6283185.307179586	2032.7327327327328	1	0.7260948409755756	1.4423713300490838e-09	0
6283185.307179586	1893.5935935935936	2	-0.6913792607977974	2.180291807059734e-10	2
6283185.307179586	759.6096096096096	5	-1.3743223789142265	9.360617057600518e-10	2
6283185.307179586	968.3183183183183	4	-0.825172279238219	-8.903625988755807e-10	0
6283185.307179586	2102.3023023023025	2	-0.8546872769236237	7.481891560325391e-10	0
6283185.307179586	1490.0900900900901	2	-1.0975261224035553	1.5067395120691474e-09	0
6283185.307179586	2672.772772772773	4	1.0568924320806934	-1.4104375020543688e-09	0
6283185.307179586	1670.970970970971	6	-0.41959034312091537	-1.659503028831502e-09	0
6283185.307179586	1942.2922922922924	5	-1.4147316720989078	-1.957731494811118e-09	1
6283185.307179586	801.3513513513514	3	-1.299751300268976	-1.6672693651714368e-09	1
6283185.307179586	1260.5105105105106	1	0.43803537403792703	-9.135302513568414e-10	0
6283185.307179586	2505.805805805806	6	0.62798905114798	-7.298004407655538e-10	0
6283185.307179586	1747.4974974974975	4	0.2217422232837798	-9.133117018609741e-11	1
6283185.307179586	2554.5045045045044	5	0.009737128211021462	1.8354905957865364e-09	0
6283185.307179586	1817.0670670670672	1	1.0546701203631996	7.583569791615433e-10	1
6283185.307179586	2018.818818818819	1	-0.7355122683635343	-2.9633280875930627e-10	2
6283185.307179586	1970.1201201201202	5	-0.7753746847363621	1.3028092920256308e-09	0
6283185.307179586	2276.226226226226	6	1.0837326795789477	1.7752392622195214e-09	0
6283185.307179586	1754.4544544544544	2	-0.6703685708891887	-1.3445075485837365e-09	0
6283185.307179586	1010.0600600600601	5	0.9425451638109905	7.362677410776565e-10	2
6283185.307179586	641.3413413413414	5	-0.25431769132287974	-1.64339346715294e-09	0
6283185.307179586	1573.5735735735736	1	-0.884266908282728	-1.532962768039452e-09	0
6283185.307179586	843.0930930930931	1	-0.16964855949337632	-1.374789089622042e-09	0
6283185.307179586	2512.762762762763	6	-0.023879303510927485	1.6666762529937783e-09	0
6283185.307179586	2144.0440440440443	5	1.2984526741627134	-1.9856860983224144e-10	2
6283185.307179586	1921.4214214214214	6	-0.27020310372262335	-6.187018986964472e-10	0
6283185.307179586	2832.7827827827828	2	-1.2604559936042548	1.31847912010218e-09	1
6283185.307179586	1970.1201201201202	1	1.4587725558288622	1.1384383798295841e-09	2
6283185.307179586	1615.3153153153153	5	-0.4967432651568817	1.3450781773719655e-09	0
6283185.307179586	2457.1071071071074	3	-1.1539703223557873	-4.1824001907460666e-10	1
6283185.307179586	2290.1401401401404	6	-1.2747160193156934	-8.500608178508036e-10	2
6283185.307179586	1218.7687687687687	1	-0.5261871154008924	-4.6527795172013867e-10	2
6283185.307179586	1114.4144144144145	4	1.4294292550167893	1.400128331670907e-09	2
6283185.307179586	1371.821821821822	2	0.6285466861398392	5.731150187854146e-10	0
6283185.307179586	1691.8418418418419	3	-1.5626048503459313	6.243868343956612e-10	1
6283185.307179586	1997.947947947948	3	-1.2063758334648838	7.3624666099294e-10	1
6283185.307179586	1497.047047047047	3	1.4126460959484701	-1.821730650594742e-09	2
6283185.307179586	2415.3653653653655	3	1.104941689825166	3.75420934592248e-10	2
6283185.307179586	2721.4714714714714	6	0.18050961304446078	1.860951658654048e-09	0
6283185.307179586	1865.7657657657658	3	1.5093532466638266	3.387069927736367e-11	2
6283185.307179586	1698.7987987987988	5	0.6321978299943427	1.7540750068824958e-09	0
6283185.307179586	1705.755755755756	5	-0.4553248826412455	-2.9257411019454777e-10	1
6283185.307179586	1817.0670670670672	6	-0.7337678797208443	-6.603273625860691e-11	2
6283185.307179586	1963.1631631631633	2	-1.1371501209107024	-1.3983178367214792e-09	0
6283185.307179586	2290.1401401401404	2	0.4948439260043598	-8.596127485933489e-10	0
6283185.307179586	2958.008008008008	6	-0.12982658909072375	-1.0057700571701998e-09	0
6283185.307179586	2756.256256256256	6	-0.07695827009397171	4.974618209814708e-10	0
6283185.307179586	1970.1201201201202	1	-1.2663895253875297	-8.343100387020589e-10	1
6283185.307179586	2436.2362362362364	2	0.2800592858966453	-1.5257128638006083e-09	0
6283185.307179586	2672.772772772773	6	-1.2396886445752417	-1.2224411724231677e-09	1
6283185.307179586	3382.3823823823823	2	0.7218991196994518	-5.14052014720143e-10	1
6283185.307179586	2387.5375375375374	6	1.5281760936936668	1.3524193007611045e-09	2
6283185.307179586	620.4704704704704	4	0.9917466206518406	-1.8501449991857082e-09	0
6283185.307179586	2505.805805805806	1	-0.3147445899891801	1.0373625867759647e-09	0
6283185.307179586	1754.4544544544544	3	0.8666648818101867	-1.47937331106473e-09	0
6283185.307179586	1406.6066066066066	6	0.18831962355034104	-1.633966331898249e-11	2
6283185.307179586	1065.7157157157158	1	-0.5479681236444629	-5.977873319957132e-11	2
6283185.307179586	766.5665665665666	5	-0.817964485404626	1.7881419215677578e-09	0
6283185.307179586	2665.8158158158158	4	1.5115104447851055	-5.825214655576341e-10	2
6283185.307179586	2276.226226226226	6	0.045489895528125546	2.9916935058892086e-10	1
6283185.307179586	1003.1031031031031	1	1.2775864662275267	1.517223384750399e-09	1
6283185.307179586	1010.0600600600601	6	-0.6819219716933738	-1.5954089365669277e-09	0
6283185.307179586	1844.8948948948948	2	-0.8681501880057094	1.7339404987048275e-09	0
6283185.307179586	1281.3813813813815	2	1.5154803086775273	5.872840728617974e-10	2
6283185.307179586	1754.4544544544544	6	-0.563675868086551	1.6376429964521755e-09	0
6283185.307179586	2519.7197197197197	3	0.005223008835838483	-1.6741202638591523e-09	0
6283185.307179586	119.56956956956957	6	-0.6262955630919551	-1.9956881703693263e-10	0
6283185.307179586	1114.4144144144145	3	0.9744210613058311	-1.501851802458444e-09	0
6283185.307179586	3646.746746746747	5	-1.3355005080852715	8.005365277410937e-10	2
6283185.307179586	2457.1071071071074	2	-1.492134483460541	1.1198212988810814e-09	2
6283185.307179586	1844.8948948948948	4	0.06942127338699411	1.777940821854206e-09	0
6283185.307179586	2895.3953953953956	2	-1.3207471552855035	1.9043609434820663e-09	0
6283185.307179586	2317.967967967968	3	-0.5887081929928937	-1.8217766887508802e-09	0
6283185.307179586	1531.8318318318318	2	-0.2017426137660876	1.2353881201199612e-09	0
6283185.307179586	1350.950950950951	1	-1.3950163850085049	1.129141263426804e-09	1
6283185.307179586	1378.7787787787788	1	0.5615502556868845	-3.6939643794874764e-10	2
6283185.307179586	2408.4084084084084	6	-0.7239158390474855	-1.6080296829577217e-09	0
6283185.307179586	1837.937937937938	2	-0.18420632745235643	-8.02797200616978e-11	1
6283185.307179586	1886.6366366366367	2	1.5213387475694593	-6.562546852505941e-11	1
6283185.307179586	2679.72972972973	6	1.0534312075840737	1.3390308909485902e-09	0
6283185.307179586	863.963963963964	6	-1.5090453693337782	-1.6510287882545739e-09	2
6283185.307179586	2721.4714714714714	4	-1.4565864162925795	1.805754770588067e-09	2
6283185.307179586	2679.72972972973	2	-0.9856036053819395	-2.175708506283613e-10	2
6283185.307179586	877.877877877878	5	-0.46310051797236085	1.8101163955252346e-09	0
6283185.307179586	2471.021021021021	3	1.3200769444700278	3.3902344129837366e-10	2
6283185.307179586	2575.3753753753754	5	-0.008731642584351773	1.3955116604227032e-09	0
6283185.307179586	968.3183183183183	5	0.7825997350553209	1.1565957895967904e-09	0
6283185.307179586	787.4374374374374	6	-0.4949186913397441	-1.481890898320589e-09	0
6283185.307179586	1907.5075075075076	3	-0.6887432478938742	-1.1132540781739744e-09	0
6283185.307179586	1420.5205205205204	2	-1.0693219413895583	-5.683296405574417e-10	1
6283185.307179586	1121.3713713713714	2	0.9215689582688036	-1.2154306599146662e-09	0
6283185.307179586	1483.1331331331332	4	0.5385853788538202	-5.35057553777802e-10	1
6283185.307179586	2568.4184184184187	4	0.5222559588738207	-1.1176874291453417e-12	1
6283185.307179586	1170.0700700700702	5	-0.37599359227871676	1.3851218624837048e-09	0
6283185.307179586	1420.5205205205204	1	-1.5048298564879403	-1.7685005618779277e-09	2
6283185.307179586	2742.3423423423424	3	-1.025969674909884	1.8083652057819401e-09	0
6283185.307179586	1392.6926926926926	5	1.2848653531771421	-1.3783690098182436e-10	1
6283185.307179586	919.6196196196197	4	0.7047973519487711	1.5849138729746355e-09	0
6283185.307179586	516.1161161161161	3	-1.3701003717146634	-3.8822911828283904e-10	1
6283185.307179586	669.1691691691692	1	0.7128884189722795	-7.617744914258386e-10	2
6283185.307179586	2151.001001001001	5	-1.104904752653558	1.224397400391769e-09	0
6283185.307179586	1810.11011011011	2	-0.12860784664520097	6.526277061029354e-10	0
6283185.307179586	1538.788788788789	2	-1.2188891575506011	-1.2550968196425846e-09	1
6283185.307179586	2234.4844844844847	2	0.07296155924188685	1.6949600826049014e-09	0
6283185.307179586	850.0500500500501	6	-1.3513999475558776	8.759298912074467e-10	2
6283185.307179586	2011.8618618618618	6	-0.5836496324212623	-1.516624340321056e-09	0
6283185.307179586	3305.855855855856	1	-1.1579989768746586	1.5916266752200036e-11	2
6283185.307179586	2060.5605605605606	6	-0.08474012706701362	-1.8469014386868207e-10	2
6283185.307179586	2707.5575575575576	1	-0.6242246289133959	1.7031908162286736e-09	0
6283185.307179586	975.2752752752752	4	1.4734118281962973	6.184477441409591e-10	1
6283185.307179586	1691.8418418418419	2	-1.2668630339102518	4.908108605826507e-10	1
6283185.307179586	1065.7157157157158	6	0.0048998225382785865	-3.9182189502672193e-10	0
6283185.307179586	2512.762762762763	4	-0.4315414685262826	9.216023295429484e-10	0
6283185.307179586	1851.851851851852	2	-0.4425142859086266	-4.849103259164779e-11	1
6283185.307179586	2067.5175175175173	5	-0.7566953785496549	1.5122763747478416e-09	0
6283185.307179586	2102.3023023023025	1	-0.18499883919336346	-4.3122889716462424e-10	2
6283185.307179586	1789.2392392392394	3	-0.42789753070249925	1.5175158818315505e-09	0
6283185.307179586	1650.1001001001002	1	0.9540548592135578	-1.3733895169889167e-09	0
6283185.307179586	1462.2622622622623	2	1.41602297434269	6.079141391803824e-10	1
6283185.307179586	1023.973973973974	2	0.788485701123868	5.467219492746542e-10	2
6283185.307179586	210.01001001001	4	0.2068928006668358	-6.328640610437252e-10	0
6283185.307179586	1079.6296296296296	2	-1.3354432006331216	5.5350366898281e-10	2
6283185.307179586	870.9209209209209	6	0.26948665850894016	8.978918553644791e-10	2
6283185.307179586	2192.742742742743	6	0.7156063579373497	1.0980256274012495e-09	0
6283185.307179586	1434.4344344344345	5	-0.45790568515179	1.7553000420837326e-09	0
6283185.307179586	2039.6896896896897	1	-0.6891389329207146	-1.1000579717995543e-09	0
6283185.307179586	1497.047047047047	5	-0.6891941727619934	-5.276534780735883e-10	1
6283185.307179586	1768.3683683683685	6	-0.8918818377982441	-1.999480778107854e-09	0
6283185.307179586	606.5565565565565	2	-1.162748622372095	1.399837793833188e-09	0
6283185.307179586	2345.795795795796	1	1.4860022626809206	-1.465961609116182e-09	2
6283185.307179586	1504.004004004004	2	-0.5084294598998373	8.630027494197035e-10	0
6283185.307179586	2770.1701701701704	1	0.5663596694760393	8.231167280592565e-10	0
6283185.307179586	2554.5045045045044	4	-1.497123316782373	-1.2990422454499214e-09	1
6283185.307179586	509.1591591591592	1	-0.4263073528539838	1.7518957123763433e-09	0
6283185.307179586	1775.3253253253254	5	0.8448801992669441	-1.711639255882647e-09	0
6283185.307179586	1545.7457457457458	4	-1.2536784771087301	-9.172773977596313e-10	2
6283185.307179586	4509.40940940941	3	0.6416772414062715	-1.8577772929588857e-09	0
6283185.307179586	2797.997997997998	5	-0.27533472034704576	-5.053582609166506e-10	0
6283185.307179586	1427.4774774774776	3	1.3972964304766062	-3.0999869093386946e-10	1
6283185.307179586	2603.2032032032034	4	0.4530608233439444	-9.35974559100918e-10	0
6283185.307179586	2137.087087087087	2	-1.1705847333488388	-1.6854598124895182e-09	0
6283185.307179586	1657.0570570570571	2	0.6650833640454952	1.8260973847105864e-09	0
6283185.307179586	3284.984984984985	4	-0.7788965700915738	5.492604705517721e-10	1
6283185.307179586	1497.047047047047	6	1.0529221027477482	3.431474239106205e-10	1
6283185.307179586	1942.2922922922924	1	-1.5206439227809982	-2.774829304811579e-10	2
6283185.307179586	2060.5605605605606	6	0.13765430567204828	-1.6769349384036076e-09	0
6283185.307179586	592.6426426426426	2	-0.5275555495300985	-5.941045135255415e-10	1
6283185.307179586	2380.5805805805808	6	0.48136172237525177	7.484835268050692e-10	0
6283185.307179586	411.76176176176176	6	-0.09192997297358874	-1.483780056674781e-09	0
6283185.307179586	1371.821821821822	2	-0.459867460565448	-6.923065888735822e-10	1
6283185.307179586	1990.9909909909911	4	-1.2816260159894723	-1.776639205929409e-09	0
6283185.307179586	1469.2192192192192	2	-0.08102993970631833	-7.619354587919424e-10	0
6283185.307179586	1608.3583583583584	6	-1.4651565457849887	8.915619512374502e-10	2
6283185.307179586	3625.875875875876	2	0.872445039998401	1.7112706378665043e-09	0
6283185.307179586	996.1461461461462	3	-0.6420345497287074	-7.280599117892455e-10	1
6283185.307179586	1253.5535535535537	1	0.2029378325305662	3.6504704320200265e-10	0
6283185.307179586	2283.1831831831832	4	-0.7891382194614219	1.3751943538395476e-09	0
6283185.307179586	3006.706706706707	2	-1.2243864994593587	1.5577462933302045e-09	0
6283185.307179586	1156.1561561561562	4	1.2284340557003905	-1.5069050169684292e-09	1
6283185.307179586	1524.8748748748749	2	0.22148857051549165	1.3247180809333725e-09	0
6283185.307179586	1830.980980980981	6	-1.3107100886732534	-1.8181439112059985e-09	0
6283185.307179586	1497.047047047047	1	1.2269949150152035	4.797601968410172e-10	2
6283185.307179586	1434.4344344344345	6	1.3637097997566259	1.354798139528894e-09	1
6283185.307179586	3646.746746746747	3	0.15282508375114423	-1.611964908364472e-09	0
6283185.307179586	1622.2722722722724	5	1.1960472576882388	-7.952948993059601e-10	1
6283185.307179586	2290.1401401401404	1	0.7396974986503668	-1.4156032033786872e-09	0
6283185.307179586	2519.7197197197197	3	0.22466788116169223	1.0267525325233954e-09	0
6283185.307179586	975.2752752752752	5	-1.3998909238899402	1.6584148332371697e-09	1
6283185.307179586	2791.041041041041	1	0.7573468090103188	-1.2315033405796525e-09	0
6283185.307179586	2978.878878878879	4	-0.15992696337813062	-1.2420824903395773e-09	0
6283185.307179586	2867.5675675675675	6	-0.8606766898058001	7.801739691782861e-10	0
6283185.307179586	2401.4514514514517	3	0.23044842271670807	-2.571784924152537e-10	2
6283185.307179586	2269.2692692692694	2	-0.560997661233366	-1.6472485053325092e-09	0
6283185.307179586	2930.1801801801803	5	1.4207025014099384	-1.7765446195949398e-09	1
6283185.307179586	1197.897897897898	2	0.5139287991982338	-7.854847677671463e-10	1
6283185.307179586	1587.4874874874874	4	0.05521005162613246	7.810933130992753e-10	0
6283185.307179586	2102.3023023023025	5	-0.8583806621102034	-1.7325465113049342e-09	0
6283185.307179586	2018.818818818819	4	-0.3530442464853225	6.66212316430295e-11	1
6283185.307179586	745.6956956956957	4	-0.8631354349042177	1.3595557838336356e-09	0
6283185.307179586	724.8248248248249	3	0.8329567053186326	1.7654194748458852e-10	1
6283185.307179586	1928.3783783783783	3	0.9951627408957311	-6.86425686740448e-10	1
6283185.307179586	1712.7127127127128	1	-1.2252354231240812	9.709213925969538e-10	2
6283185.307179586	1803.1531531531532	4	-0.9197861850743726	1.9740199437493007e-09	0
6283185.307179586	1357.9079079079079	4	0.12855322913583733	3.244117298185606e-10	1
6283185.307179586	1295.2952952952953	4	0.8554764736742619	-1.6960235081444834e-09	0
6283185.307179586	1323.1231231231232	6	0.36228070124848766	-8.400311747804894e-10	0
6283185.307179586	2554.5045045045044	3	0.10661998387618321	-9.772824831385535e-10	0
6283185.307179586	1295.2952952952953	6	-0.3387071849849681	-1.2898418943424709e-09	0
6283185.307179586	1246.5965965965966	2	0.6184301146025439	-1.8775939051708817e-09	0
6283185.307179586	954.4044044044044	1	0.47551844458771386	4.706676475595952e-10	0
6283185.307179586	1963.1631631631633	5	-1.2642453813801668	3.692593344103059e-10	1
6283185.307179586	1893.5935935935936	3	1.1018858056957468	1.1300818132041258e-09	0
6283185.307179586	2011.8618618618618	5	1.2407780062635765	-1.9858038308548856e-09	0
6283185.307179586	2436.2362362362364	3	1.3995766275740298	-1.5225842823429043e-10	2
6283185.307179586	954.4044044044044	2	0.17343421338288545	9.833611143632458e-10	0
6283185.307179586	2290.1401401401404	3	1.2761569326441178	-1.3772444380651299e-09	1
6283185.307179586	1030.930930930931	5	0.5556096971596629	-1.9931696881631376e-09	0
6283185.307179586	3236.286286286286	5	-0.8267126452601389	1.0228317709572334e-09	0
6283185.307179586	2944.094094094094	5	0.41422725331714094	4.151012403894169e-11	1
6283185.307179586	954.4044044044044	2	0.9374502598937879	-8.40934859325208e-11	1
6283185.307179586	1698.7987987987988	3	0.7481862260715713	1.4856100990969287e-09	0
6283185.307179586	1907.5075075075076	1	-1.1479812758075758	-6.634666486479178e-10	1
6283185.307179586	1225.7257257257259	4	1.444046171864708	-4.770450439877752e-10	2
6283185.307179586	1350.950950950951	1	1.438736994092206	-1.7896212505549959e-09	2
6283185.307179586	2004.904904904905	1	-0.02534182707930155	1.235016828856218e-09	0
6283185.307179586	1740.5405405405406	3	-0.11715649582346699	2.0253823042805044e-10	2
6283185.307179586	1775.3253253253254	1	0.5035645298268854	-1.4628384276233826e-09	0
6283185.307179586	1288.3383383383384	2	0.3435081555955093	-1.5054643448131998e-09	0
6283185.307179586	2617.1171171171172	2	0.49024095520545874	1.8388030489153193e-09	0
6283185.307179586	2756.256256256256	1	0.8813487151671855	-9.756520736250708e-10	0
6283185.307179586	3368.4684684684685	3	-0.23025301303022827	-1.291418535338335e-09	0
6283185.307179586	3716.3163163163163	1	-0.38648200757859863	-1.4730078300747477e-09	0
6283185.307179586	2311.011011011011	6	-1.1618639386292888	-1.7076519915219058e-09	0
6283185.307179586	1712.7127127127128	2	1.3673884561742362	-4.1882059906321485e-10	2
6283185.307179586	1058.7587587587586	3	-0.9538731393286783	2.5776447051393766e-10	2
6283185.307179586	2825.825825825826	1	-1.272969528860549	5.635748969810073e-10	2
6283185.307179586	1350.950950950951	6	-1.1420887406084854	-1.5086081550316065e-09	0
6283185.307179586	676.1261261261261	5	-0.38719293844548197	8.386032452348559e-10	2
6283185.307179586	1441.3913913913914	2	-0.6771483520578683	-9.911543336532077e-10	0
6283185.307179586	1295.2952952952953	1	-0.8385430748131557	-9.420702171633373e-10	2
6283185.307179586	119.56956956956957	6	1.3544289605443884	1.0553034350154405e-09	0
6283185.307179586	1323.1231231231232	5	-0.40319971160857215	1.4612908473081122e-09	0
6283185.307179586	2429.2792792792793	1	1.1526360757835823	-8.302902672900841e-10	1
6283185.307179586	2429.2792792792793	2	-1.2526880141718086	-6.441304813287507e-10	1
6283185.307179586	1156.1561561561562	2	-1.4761292022112187	-1.4403131959971028e-09	1
6283185.307179586	1142.2422422422424	4	1.2528448795240528	1.6203040489790953e-10	2
6283185.307179586	3187.5875875875877	1	-0.8969938330523561	-1.9157856843822017e-09	0
6283185.307179586	1037.887887887888	6	0.6900703251257836	-9.256029791058662e-10	0
6283185.307179586	1267.4674674674675	2	1.1591780174728514	1.373938207587077e-09	0
6283185.307179586	1010.0600600600601	4	0.4470292076389244	1.4000007464529664e-10	1
6283185.307179586	1928.3783783783783	5	0.6850211120442085	-1.5174163111162114e-09	0
6283185.307179586	627.4274274274275	4	-1.1096448978939637	-1.4521345145250622e-09	1
6283185.307179586	1608.3583583583584	1	-0.49331320867548345	-3.66160161362e-10	1
6283185.307179586	2540.5905905905906	4	0.8120154108947468	6.775446439104361e-10	0
6283185.307179586	1232.6826826826828	1	1.0655400803427746	9.800560965336492e-10	0
6283185.307179586	3952.852852852853	3	0.3604642421525248	-9.535964700322661e-10	0
6283185.307179586	1601.4014014014015	6	0.24728262446000193	3.4923202138187174e-10	2
6283185.307179586	1705.755755755756	2	-0.7744208325588948	-1.648089512720878e-09	0
6283185.307179586	2533.6336336336335	6	-0.09806419692460322	8.10194533924911e-10	0
6283185.307179586	1462.2622622622623	3	-1.250472914284667	-1.626276472098852e-09	1
6283185.307179586	2039.6896896896897	2	-0.8316339725332688	-1.248212375708462e-09	0
6283185.307179586	1378.7787787787788	3	1.112158924471335	-2.8228263413867175e-10	2
6283185.307179586	1177.027027027027	3	-0.4516387285576322	6.289334990634505e-10	0
6283185.307179586	1448.3483483483483	2	-0.8983933315871221	7.798590208496349e-10	0
6283185.307179586	1761.4114114114116	2	-0.6694578113819168	3.5391254171729293e-10	2
6283185.307179586	2818.868868868869	5	1.1101531173802166	1.241589629026034e-09	0
6283185.307179586	2964.964964964965	2	1.4666315246311004	2.6674359042826606e-10	1
6283185.307179586	571.7717717717718	4	-0.41738824689522125	-8.461208832644625e-10	0
6283185.307179586	1698.7987987987988	2	-1.082770917876777	5.119156637011681e-10	1
6283185.307179586	1163.113113113113	2	0.7929058095813075	-1.9580123906297012e-09	0
6283185.307179586	1385.7357357357357	6	0.0040934875176088514	-7.389804182668063e-10	0
6283185.307179586	1197.897897897898	2	-0.7228689727392174	-1.1178570431690585e-10	1
6283185.307179586	1712.7127127127128	2	-0.7125724912199796	9.278332653248339e-10	0
6283185.307179586	1566.6166166166167	2	-1.4065477281326115	-1.1110447041996607e-09	1
6283185.307179586	1497.047047047047	1	-1.172078291386188	-1.1717551337769901e-09	1
6283185.307179586	1928.3783783783783	6	-1.5568901310986065	1.7966648989867565e-09	2
6283185.307179586	1587.4874874874874	4	0.0898548286507801	3.069042867257012e-10	1
6283185.307179586	731.7817817817818	5	1.2980313077701742	-3.415224364799664e-10	2
6283185.307179586	3069.319319319319	2	1.3590579007276644	-1.437908721468567e-09	1
6283185.307179586	2234.4844844844847	2	-1.5360952868526954	-1.8109968632171266e-09	2
