axial trapping frequency (MHz) 	 velocity(m/s) 	 ion collided with 	 angle(rads) 	 collision offset(m) 	 reorder? (1 is reorder 2 is ejection) 
6283185.307179586	1629.2292292292293	6	0.21153498138282845	1.127563934718989e-09	0
6283185.307179586	1928.3783783783783	6	1.4828589897330988	-1.989783692250187e-09	1
6283185.307179586	996.1461461461462	2	1.2787766622021572	1.7924863319754056e-09	1
6283185.307179586	1719.6696696696697	3	0.5215055619134699	1.3981484144867856e-09	0
6283185.307179586	1504.004004004004	1	1.113793531089871	1.705463349355651e-09	0
6283185.307179586	2707.5575575575576	1	-0.5753887060020109	-1.8409832871917621e-09	0
6283185.307179586	2860.610610610611	4	0.3941020589623807	-1.7343296415529474e-09	0
6283185.307179586	884.8348348348349	2	1.0930887856895546	-1.5375140025420456e-09	1
6283185.307179586	1837.937937937938	4	-0.21264297048032033	2.5925108263756647e-12	1
6283185.307179586	1476.176176176176	3	1.386468142794178	1.6408225126585038e-09	2
6283185.307179586	2053.603603603604	6	0.512410574692328	-1.3174117557578434e-09	0
6283185.307179586	2700.6006006006005	4	1.014601426947797	1.3442175648483575e-09	0
6283185.307179586	1552.7027027027027	5	-1.0928691052065354	-1.6737868583108169e-09	0
6283185.307179586	2797.997997997998	3	-1.2544502437283231	-1.0691092797751317e-09	2
6283185.307179586	3660.6606606606606	2	0.48437057553355345	4.74593008542093e-10	0
6283185.307179586	1858.8088088088089	6	1.1108522602800832	-8.387854893251254e-11	1
6283185.307179586	1817.0670670670672	1	0.32992526098745056	-4.775544703507824e-10	1
6283185.307179586	1761.4114114114116	3	-1.180823034903986	-7.034488690172352e-11	1
6283185.307179586	891.7917917917919	2	0.5980830578626595	-9.889073456020757e-10	1
6283185.307179586	919.6196196196197	1	1.4026789160018929	3.2551633272406366e-10	2
6283185.307179586	1810.11011011011	1	1.5246892077133265	1.1313206704931023e-09	2
6283185.307179586	3243.2432432432433	4	1.3960901829888392	-6.153537220757258e-10	1
6283185.307179586	1232.6826826826828	6	-1.2873444491315669	1.8484019900773992e-09	1
6283185.307179586	940.4904904904905	6	0.24279239559554355	3.820130319395037e-10	2
6283185.307179586	2241.4414414414414	1	1.1595135791367364	-3.6986242689664775e-10	2
6283185.307179586	1615.3153153153153	2	1.131854029517069	8.969926009011039e-11	1
6283185.307179586	1163.113113113113	2	0.3097314480535489	7.34422183696634e-10	0
6283185.307179586	2192.742742742743	4	0.17184622760066603	-4.739306221199052e-10	0
6283185.307179586	314.36436436436435	5	-0.09777673729136294	-1.6957878996669398e-09	0
6283185.307179586	1622.2722722722724	2	0.6333283641883156	-3.7993728591793105e-10	2
6283185.307179586	1142.2422422422424	3	0.02472101878933719	9.363719851246443e-10	0
6283185.307179586	2491.891891891892	5	0.5439188833485868	7.421404270969353e-10	0
6283185.307179586	1531.8318318318318	4	0.2775892815047094	1.849957467803368e-09	0
6283185.307179586	2039.6896896896897	6	-0.9640809912769971	-1.3603545763133212e-09	0
6283185.307179586	2777.127127127127	3	1.290213577292374	-2.0944726961214718e-10	2
6283185.307179586	2067.5175175175173	5	0.036410887472359654	1.5832399908226507e-09	0
6283185.307179586	1086.5865865865867	1	-1.493444780404679	-6.49011782180035e-12	2
6283185.307179586	3166.7167167167167	2	-1.543531390342149	1.3498806819893793e-09	2
6283185.307179586	460.46046046046047	3	-0.5019456020021023	-5.488091266419719e-10	2
6283185.307179586	1531.8318318318318	6	-1.2782776137886729	1.0662501481923194e-09	2
6283185.307179586	2526.676676676677	5	1.0637638747270497	1.3946398329884972e-09	0
6283185.307179586	1538.788788788789	1	1.3572363853700051	2.2337344715836834e-10	2
6283185.307179586	857.007007007007	5	-1.5036312824369593	-3.6389802370706185e-10	2
6283185.307179586	1865.7657657657658	4	-1.222648246491298	5.136549476358522e-10	2
6283185.307179586	536.986986986987	4	1.3196715491581879	-1.262400305798614e-09	1
6283185.307179586	1225.7257257257259	5	0.17460903867114141	-9.893382208225093e-10	0
6283185.307179586	1086.5865865865867	4	0.8721235037764439	-8.419888560110849e-10	1
6283185.307179586	3368.4684684684685	4	-1.2357832113601326	-8.355947811736787e-10	1
6283185.307179586	1810.11011011011	5	-0.4987029077021754	-1.6387973911090783e-09	0
6283185.307179586	4091.991991991992	4	1.4503735556433006	-4.742049117430747e-10	1
6283185.307179586	1886.6366366366367	2	1.289785066355439	1.1916271048083718e-09	1
6283185.307179586	2213.613613613614	2	-1.1751699372951263	1.5848188862971493e-09	0
6283185.307179586	1921.4214214214214	2	1.0717166051704181	7.13802202950052e-10	1
6283185.307179586	773.5235235235235	1	-0.5243975315118534	1.2461085809514453e-09	0
6283185.307179586	1949.2492492492493	4	0.34483401916481915	9.86431254094112e-10	0
6283185.307179586	2060.5605605605606	3	0.8685493663662642	-7.764245308211294e-10	0
6283185.307179586	822.2222222222223	4	-0.8425489665842233	-4.76627125682334e-10	1
6283185.307179586	2185.7857857857857	5	0.6765262173403004	-3.7346682014255967e-10	1
6283185.307179586	3507.607607607608	1	0.3260457558240559	1.4605779689392172e-09	0
6283185.307179586	1017.017017017017	5	0.02315205860833358	7.000835185377993e-10	1
6283185.307179586	2004.904904904905	3	1.1229741823782131	2.2162125841705397e-10	1
6283185.307179586	2484.934934934935	6	-1.261762321744634	-7.693727403998171e-10	2
6283185.307179586	634.3843843843844	3	0.6184163477154647	1.1086399533656461e-09	0
6283185.307179586	933.5335335335336	3	-1.2253069919354163	1.109528927585397e-09	2
6283185.307179586	2290.1401401401404	3	0.8287581487851639	9.941088146574014e-10	0
6283185.307179586	1156.1561561561562	3	-1.4449215186064375	1.6058081569157855e-09	1
6283185.307179586	1003.1031031031031	4	0.7112715515751598	-9.354328882238745e-10	0
6283185.307179586	2290.1401401401404	6	-0.9942562460277149	6.381073472144535e-12	2
6283185.307179586	1107.4574574574574	4	1.2952531114326975	-3.4930308755128745e-10	2
6283185.307179586	2220.5705705705705	1	1.353330822142194	1.6185983652418844e-09	2
6283185.307179586	1434.4344344344345	2	0.817764055787122	-3.8799219974338593e-10	2
6283185.307179586	1594.4444444444446	3	-0.30489369396007837	-1.1282965054235824e-09	0
6283185.307179586	982.2322322322323	4	1.304801766463945	-1.9308211027387256e-09	2
6283185.307179586	1246.5965965965966	6	-1.4245303042373023	-1.2030850076161018e-09	2
6283185.307179586	2582.3323323323325	1	-0.12854047251933998	1.9320051792433467e-09	0
6283185.307179586	1177.027027027027	6	-1.4290198309054418	1.7567831156079067e-09	2
6283185.307179586	1378.7787787787788	3	-0.8828925277648945	1.1324793236458909e-09	0
6283185.307179586	1559.6596596596596	6	0.9061710498352755	1.9909130562608468e-09	0
6283185.307179586	1037.887887887888	6	-0.7122276835901151	-3.9542717987382724e-10	1
6283185.307179586	1622.2722722722724	5	0.3608287223736706	1.0559832347482566e-09	0
6283185.307179586	2888.4384384384384	1	-0.021257119469550112	-7.38958365952212e-10	0
6283185.307179586	1768.3683683683685	4	-0.9478463485963368	3.9279947485550847e-10	2
6283185.307179586	1796.1961961961963	1	-1.3328970897425412	-3.715043716596695e-10	1
6283185.307179586	2032.7327327327328	3	-0.007585892130253402	7.578710876454222e-10	0
6283185.307179586	2102.3023023023025	1	0.021403501507835765	1.0295996429176458e-09	0
6283185.307179586	3305.855855855856	5	0.7313763935140489	-1.1083899296692279e-09	0
6283185.307179586	1135.2852852852852	3	0.6502955981274514	-1.1405235956183023e-10	1
6283185.307179586	1371.821821821822	2	-1.0565692263723858	-1.824553789609246e-09	0
6283185.307179586	488.2882882882883	1	-0.6922921113725449	5.1980137420353573e-11	0
6283185.307179586	3403.253253253253	6	0.664708553976805	-2.7133922987550073e-10	2
6283185.307179586	759.6096096096096	6	-0.5822138273589613	-1.3987465821249129e-09	0
6283185.307179586	2352.7527527527527	2	-0.1700124806492047	1.3462297652244003e-09	0
6283185.307179586	1392.6926926926926	2	0.7925954996049485	-1.5726726110910466e-09	0
6283185.307179586	1177.027027027027	2	-1.494923217368341	2.1651634822955728e-10	2
6283185.307179586	2018.818818818819	2	-0.516554800711784	1.211028739829659e-09	0
6283185.307179586	989.1891891891892	3	-0.313716535919462	2.0220592120386242e-10	1
6283185.307179586	251.75175175175175	5	-0.6216521858852948	-1.5855627185556465e-09	0
6283185.307179586	2651.901901901902	1	-0.6503816226016841	1.4599406605200934e-09	0
6283185.307179586	1114.4144144144145	5	-0.226846963563627	-1.191505449022404e-09	0
6283185.307179586	1580.5305305305305	6	0.6065044444123622	-1.2420047671884408e-09	0
6283185.307179586	2157.957957957958	1	0.9470670700842714	-1.4285358297479665e-09	0
6283185.307179586	1601.4014014014015	5	1.225103735132424	-1.5520818275923169e-09	0
6283185.307179586	843.0930930930931	1	-0.980478635676124	8.089572141686659e-10	0
6283185.307179586	2749.2992992992995	5	-1.413442069012558	1.0293008088666908e-09	1
6283185.307179586	1497.047047047047	2	-1.5654812489128485	1.40308872886496e-09	1
6283185.307179586	3333.6836836836837	4	0.33365859191436376	1.2264057541541217e-09	0
6283185.307179586	766.5665665665666	3	0.1561743440413208	-8.058018585615758e-10	1
6283185.307179586	975.2752752752752	2	-1.4028415922296527	-1.6463578980916834e-09	2
6283185.307179586	2533.6336336336335	1	0.5244060000474833	-8.456825238273856e-10	0
6283185.307179586	2603.2032032032034	3	0.008244509315511905	-1.9191697657064025e-09	0
6283185.307179586	1552.7027027027027	6	-0.6824457620062863	-1.8165221489858548e-09	0
6283185.307179586	2331.881881881882	3	0.06812961506827175	-1.4477988051222429e-09	0
6283185.307179586	1580.5305305305305	6	0.2495080755933683	8.668785063452133e-10	0
6283185.307179586	2123.1731731731734	5	1.539989804740296	1.441652461699541e-09	2
6283185.307179586	2338.838838838839	3	0.21772009835257378	-1.4246462530502832e-09	0
6283185.307179586	1545.7457457457458	5	0.9174116768882858	1.2351223210332215e-09	0
6283185.307179586	2547.5475475475478	1	0.5806847241470905	-1.0344512207001357e-09	0
6283185.307179586	2185.7857857857857	6	-0.08635055538625891	-7.190038803755115e-10	0
6283185.307179586	2992.792792792793	5	-0.3079080420485818	-2.384748626791055e-10	1
6283185.307179586	3980.680680680681	2	0.692637182791469	1.522145834431831e-10	2
6283185.307179586	1636.1861861861862	3	1.3589788554345263	2.6001833551334976e-10	1
6283185.307179586	2846.6966966966966	2	-1.4823153418765687	8.642817183998973e-10	2
6283185.307179586	1817.0670670670672	3	0.4017396730679601	-5.646446745993196e-10	0
6283185.307179586	523.0730730730731	2	-0.20872512778176144	-1.1183668525508575e-09	1
6283185.307179586	836.1361361361362	3	-1.3591033302240079	1.190005454076616e-09	1
6283185.307179586	3472.822822822823	1	0.1912771396603492	-7.86951576920698e-10	0
6283185.307179586	2317.967967967968	2	-1.2657444452835853	-1.0342001233866405e-10	2
6283185.307179586	933.5335335335336	2	-0.14613200656831848	8.20770283347441e-10	0
6283185.307179586	446.54654654654655	4	0.038585073126350844	1.1293998468130483e-09	1
6283185.307179586	2185.7857857857857	6	1.4712075624406804	1.3495706601060205e-09	1
6283185.307179586	2199.6996996997	4	-1.115562755822659	-7.797897513451954e-10	2
6283185.307179586	2728.4284284284286	2	1.3796358936201596	7.841115476296748e-11	2
6283185.307179586	877.877877877878	3	0.054872294009884914	-7.387182673652429e-10	0
6283185.307179586	822.2222222222223	5	-0.2738943350214387	1.941214195483004e-09	0
6283185.307179586	2797.997997997998	5	1.1970225718770964	1.973932494147528e-09	0
6283185.307179586	1190.940940940941	3	-0.8644267900555248	-7.221278034193467e-10	1
6283185.307179586	536.986986986987	6	-0.9532097472344739	5.009710507792183e-10	2
6283185.307179586	2283.1831831831832	1	1.459319311332187	6.035012718232863e-10	2
6283185.307179586	1343.993993993994	6	1.1418750433773197	4.794488902775855e-10	1
6283185.307179586	1921.4214214214214	1	-0.5752751918072762	-1.4537103765948684e-09	0
6283185.307179586	523.0730730730731	2	0.723458957832928	7.91283956530604e-10	0
6283185.307179586	2457.1071071071074	4	-1.2121638731636142	6.139866426184512e-10	2
6283185.307179586	2241.4414414414414	5	-1.4369305544342552	-7.065803476545413e-10	1
6283185.307179586	891.7917917917919	5	-0.27739427101987535	1.5959837619112524e-09	0
6283185.307179586	1775.3253253253254	2	1.301437810939564	-1.2206797976029279e-09	1
6283185.307179586	2185.7857857857857	6	0.572358588039974	1.8825689357526532e-09	0
6283185.307179586	1782.2822822822823	4	-0.6819308585184181	5.987209126816173e-10	1
6283185.307179586	502.2022022022022	5	0.7338459003312732	-9.71823395711859e-10	0
6283185.307179586	1886.6366366366367	4	-0.48172235996978396	-1.3497147629733878e-09	0
6283185.307179586	2909.3093093093094	1	0.325293942883653	1.9251952091246538e-09	0
6283185.307179586	1733.5835835835837	5	0.839805950233222	-1.964287832568955e-09	0
6283185.307179586	3048.4484484484487	2	-0.4429608377867804	-6.196948711832291e-10	0
6283185.307179586	2610.16016016016	2	-0.6381664871704853	-1.9124595990978616e-10	1
6283185.307179586	2046.6466466466468	5	1.245823079829158	2.745176062958078e-10	1
6283185.307179586	1448.3483483483483	6	-0.5608994461506915	-9.022235681484747e-10	0
6283185.307179586	2477.977977977978	6	-0.3832425737539211	1.546593828740022e-09	0
6283185.307179586	2665.8158158158158	3	1.5018385218602126	1.7421807054492273e-12	1
6283185.307179586	1886.6366366366367	1	-1.1206390900372996	-1.833848336403512e-09	0
6283185.307179586	1260.5105105105106	4	0.642624119186824	2.41816655468872e-10	1
6283185.307179586	2867.5675675675675	6	-0.0003744473905260559	-1.2180676988182846e-11	0
6283185.307179586	1128.3283283283283	1	0.4114007313364292	-1.4937340957113647e-09	0
6283185.307179586	1504.004004004004	6	-0.35578312061694706	1.9934992783253004e-09	0
6283185.307179586	1844.8948948948948	3	-0.9700189863742894	1.1254855292664063e-10	1
6283185.307179586	1990.9909909909911	2	-1.2332298157111747	8.954200369118539e-10	1
6283185.307179586	1128.3283283283283	3	1.3085210860054048	1.712389170321834e-09	1
6283185.307179586	1817.0670670670672	6	-0.2950363634588029	-5.305725996259443e-10	0
6283185.307179586	2895.3953953953956	4	-0.7397902005788225	-5.56507989074956e-10	1
6283185.307179586	1330.08008008008	3	0.4077303222669646	-5.703410143658529e-10	1
6283185.307179586	2401.4514514514517	6	1.161246593365537	-1.7611004154133588e-09	0
6283185.307179586	2144.0440440440443	5	-0.038920451442869375	-1.6684024294981735e-09	0
6283185.307179586	3131.931931931932	6	-0.5615366705530158	1.1006574157878734e-09	0
6283185.307179586	1142.2422422422424	6	-0.8262375075021757	-1.4348127630392835e-09	0
6283185.307179586	2004.904904904905	6	-0.8185335976528797	1.8128388118799466e-10	2
6283185.307179586	2311.011011011011	6	0.1996542368934895	-7.696819542956765e-10	0
6283185.307179586	495.24524524524526	2	0.3093208608715523	1.8340897504847942e-09	0
6283185.307179586	1956.2062062062062	4	-0.8359291924570209	-6.366855656551729e-10	1
6283185.307179586	1003.1031031031031	1	-0.5125728003267143	-1.1827664106844828e-09	0
6283185.307179586	1003.1031031031031	4	-0.45843960940463324	1.1873641041247142e-09	0
6283185.307179586	1170.0700700700702	2	-1.2719368042450727	5.500566344461617e-10	1
6283185.307179586	1246.5965965965966	2	0.3500540995014576	-6.422241596417834e-10	2
6283185.307179586	1170.0700700700702	3	0.6479778223718071	1.9999251398027038e-09	0
6283185.307179586	3138.888888888889	2	-0.5043731834487397	1.0183834735369117e-09	0
6283185.307179586	1427.4774774774776	4	0.47880069603179765	-4.6314587495159063e-10	2
6283185.307179586	1455.3053053053054	1	0.8963878372189655	9.75824764065221e-10	0
6283185.307179586	2227.5275275275276	1	1.1496429008136513	3.50647497881891e-10	2
6283185.307179586	1072.6726726726727	1	-1.5156629394281795	2.837711726872966e-10	1
6283185.307179586	2011.8618618618618	1	-0.0691509340366796	-7.343753322627112e-10	0
6283185.307179586	2505.805805805806	1	-1.350314501551027	5.93363677348269e-10	2
6283185.307179586	1754.4544544544544	4	0.8013029157134399	5.35197719157166e-10	2
6283185.307179586	2999.7497497497498	6	0.01182788878712393	3.663469999721951e-10	2
6283185.307179586	1747.4974974974975	1	1.4207938329156677	-1.6621707015043864e-09	2
6283185.307179586	1302.2522522522522	4	0.8721127576150955	2.982518415891246e-10	2
6283185.307179586	1997.947947947948	3	-1.2593684623247814	1.6127999802883924e-09	0
6283185.307179586	2958.008008008008	4	-0.42339789431886543	9.44768255153571e-10	0
6283185.307179586	1504.004004004004	1	-0.24507765787903324	1.1208397909122736e-10	2
6283185.307179586	2074.474474474475	1	-1.0220669571737409	-7.47848334545762e-10	2
6283185.307179586	2102.3023023023025	3	-1.5504266319326319	1.0838915891314466e-09	1
6283185.307179586	2032.7327327327328	5	0.9983703154253973	-1.156885060843513e-09	0
6283185.307179586	752.6526526526527	2	1.261580330574863	3.5985187128410816e-10	1
6283185.307179586	1789.2392392392394	1	0.0375104923532914	-1.326273166498162e-09	0
6283185.307179586	1830.980980980981	1	0.8340255317109162	-2.108822427027825e-10	2
6283185.307179586	2387.5375375375374	4	-1.0689777980235378	-1.2725969101560935e-10	1
6283185.307179586	1197.897897897898	2	1.4635261668594617	1.2474359620153703e-10	2
6283185.307179586	1879.6796796796798	5	-0.40931239665897134	-2.7495413595384914e-10	2
6283185.307179586	2631.031031031031	2	0.877541384706078	1.6114173482901273e-09	0
6283185.307179586	1302.2522522522522	5	-0.8153042618540199	-5.282039057378633e-10	1
6283185.307179586	857.007007007007	4	0.0014071923161660393	-3.914858854303614e-10	0
6283185.307179586	1691.8418418418419	2	-0.42732174792695177	4.706055185743073e-10	1
6283185.307179586	1824.0240240240241	5	1.3807592966677245	1.7772554217904593e-09	2
6283185.307179586	1323.1231231231232	6	1.0670706947520046	-1.3542103601820142e-09	0
6283185.307179586	2213.613613613614	3	-0.47087238716040214	1.6421230375598718e-09	0
6283185.307179586	1782.2822822822823	3	-0.21893999244237228	1.7845107372926768e-09	0
6283185.307179586	2095.3453453453453	5	-0.4209641387683061	-1.753120744790482e-09	0
6283185.307179586	1865.7657657657658	4	1.0379783194153323	-3.2958346566991336e-11	2
6283185.307179586	2067.5175175175173	5	1.2685655696726341	-9.673072225505935e-10	2
6283185.307179586	2060.5605605605606	1	0.5771775113940318	3.4728760002895174e-10	1
6283185.307179586	1128.3283283283283	3	1.3018449475037532	1.8375891873786845e-09	1
6283185.307179586	3584.1341341341345	6	-0.7354093756019493	2.859989494706223e-10	2
6283185.307179586	1302.2522522522522	6	0.5800300198184796	-3.9033670647316754e-10	1
6283185.307179586	2025.7757757757759	3	-0.17826874251596214	-8.577507272390626e-10	0
6283185.307179586	571.7717717717718	2	0.8178326258842681	6.637400751871989e-10	0
6283185.307179586	3104.1041041041044	1	-0.8574441586485295	1.5727857830485817e-09	0
6283185.307179586	1330.08008008008	3	-0.5280638009664844	2.2216113493653061e-10	2
6283185.307179586	1427.4774774774776	2	1.1710338736326813	9.840283380788292e-11	1
6283185.307179586	2171.871871871872	1	0.12448244911738837	1.1051913334217078e-09	0
6283185.307179586	1914.4644644644645	1	-0.7557962113381734	-2.214058919834249e-11	2
6283185.307179586	1093.5435435435436	6	-1.279857878571913	-1.4422864541966749e-09	1
6283185.307179586	926.5765765765766	1	1.3048258965157498	-1.6518483699445783e-09	2
6283185.307179586	1072.6726726726727	1	0.7249665549319202	1.76294687139626e-10	2
6283185.307179586	891.7917917917919	6	0.2730173324578329	-7.958151602628956e-10	0
6283185.307179586	1810.11011011011	5	-0.112901874371651	-7.447079750832396e-10	0
6283185.307179586	1364.864864864865	4	-0.21269317242103747	8.62945268483196e-10	0
6283185.307179586	1427.4774774774776	5	0.989421733472843	-3.3483291315684165e-10	2
6283185.307179586	3410.2102102102103	5	1.414526679011554	-1.9325529719062287e-10	1
6283185.307179586	592.6426426426426	1	0.9125348076175559	1.7304230122946072e-09	0
6283185.307179586	1810.11011011011	6	-0.013626823126341447	2.775794624998381e-10	0
6283185.307179586	1851.851851851852	6	0.03030447440949957	6.329528307672373e-10	0
6283185.307179586	1761.4114114114116	1	-1.262153694989398	1.500493963751108e-09	1
6283185.307179586	1643.143143143143	6	-0.2253554387032004	1.294730139684581e-09	0
6283185.307179586	1524.8748748748749	6	-0.7804231126983026	-1.4078802355451437e-11	2
6283185.307179586	975.2752752752752	6	-1.064738049370236	-1.5855930302444552e-09	0
6283185.307179586	2018.818818818819	6	0.7309422757185708	-1.962777235306233e-09	0
6283185.307179586	1135.2852852852852	2	-0.5313676708916144	-4.826344037591831e-10	1
6283185.307179586	2018.818818818819	6	0.5494285428498809	6.029874248989386e-10	1
6283185.307179586	3424.124124124124	4	1.0038837308010424	1.7505952534468226e-09	0
6283185.307179586	1629.2292292292293	5	1.5574603212382616	-1.8583087809694293e-09	1
6283185.307179586	4718.118118118118	6	-0.0605190717242059	6.837912018594269e-11	1
6283185.307179586	2283.1831831831832	6	0.7883767380586302	1.9003235149938676e-09	0
6283185.307179586	2971.921921921922	1	0.8670479438295224	1.850238590514411e-09	0
6283185.307179586	1900.5505505505505	6	0.45959631853003247	6.000337280389702e-10	1
6283185.307179586	1691.8418418418419	1	1.4100997382181384	1.0487133523249582e-09	2
6283185.307179586	1893.5935935935936	5	0.7949548839385931	-1.3971483395746508e-09	0
6283185.307179586	2311.011011011011	1	-0.9511273267771589	-2.567892849199071e-10	2
6283185.307179586	1907.5075075075076	3	0.9022114570195612	1.60237341874437e-09	0
6283185.307179586	2067.5175175175173	4	0.13494349990385368	-1.3170678508912857e-09	0
6283185.307179586	1253.5535535535537	3	0.3549801790332876	5.628685285249641e-10	0
6283185.307179586	961.3613613613613	1	1.4214870301540614	-1.1637182718554362e-09	2
6283185.307179586	3305.855855855856	1	0.7995186947926154	-1.5753225558815963e-09	0
6283185.307179586	1260.5105105105106	5	0.6266762170807163	-8.97880742106672e-11	1
6283185.307179586	2443.193193193193	3	1.0434021023358775	-3.690335585401758e-10	2
6283185.307179586	1726.6266266266266	2	0.956042444997732	1.5344658985792519e-09	0
6283185.307179586	2123.1731731731734	4	-1.2396353980389996	9.4147509732041e-10	2
6283185.307179586	1601.4014014014015	3	-1.2755824921063668	3.577448424704788e-11	1
6283185.307179586	1142.2422422422424	3	-0.3052927616564187	-1.7577401811074763e-09	0
6283185.307179586	2568.4184184184187	1	0.7652598699622657	7.348138372845464e-10	0
6283185.307179586	2923.223223223223	4	0.38895537621758924	8.0797626406946e-10	0
6283185.307179586	2241.4414414414414	6	-1.4029180971284188	5.752511185821902e-10	2
6283185.307179586	1364.864864864865	5	1.3304227247617337	1.9408069345883727e-09	1
6283185.307179586	418.7187187187187	5	-0.8673218175324813	-1.5528431014494445e-10	0
6283185.307179586	3208.4584584584586	2	-1.149544271365021	6.593041790174455e-10	1
6283185.307179586	2825.825825825826	3	0.865633573965372	-1.7467284490867822e-09	0
6283185.307179586	1225.7257257257259	1	-0.8952057527575997	1.1835039952476256e-09	0
6283185.307179586	1037.887887887888	5	-0.29177481550750284	1.5022004592671304e-09	0
6283185.307179586	1302.2522522522522	5	-0.2638779404347975	1.1690017546383786e-09	0
6283185.307179586	2304.054054054054	3	-1.2828257140164485	6.728578068734588e-10	1
6283185.307179586	1865.7657657657658	3	-1.1930563093022073	1.0323864503469515e-09	1
6283185.307179586	1100.5005005005005	6	-0.2805397705034769	-1.6699569401348816e-11	1
6283185.307179586	634.3843843843844	5	1.37991934839643	-1.729356505017027e-11	1
6283185.307179586	1796.1961961961963	4	0.3396802796255811	-7.641129102754682e-10	0
6283185.307179586	1441.3913913913914	5	0.344595400771077	-5.600786166972017e-10	0
6283185.307179586	1135.2852852852852	1	-1.2395200600843461	5.527771829488502e-10	1
6283185.307179586	1837.937937937938	3	-0.7578916139471072	-1.6268675523972123e-09	0
6283185.307179586	1051.801801801802	2	-0.7634425463379474	-7.344815772702714e-10	1
6283185.307179586	2978.878878878879	5	-1.041674223406349	-8.264015121761462e-10	0
6283185.307179586	1524.8748748748749	5	-1.2156649954295007	1.7824243861024846e-09	0
6283185.307179586	606.5565565565565	6	1.3077189379206406	-1.9731803160575164e-09	0
6283185.307179586	3243.2432432432433	6	0.035462352335873915	-1.3435386984259929e-09	0
6283185.307179586	599.5995995995996	3	-1.5051891767859114	1.8090003056204379e-09	1
6283185.307179586	1483.1331331331332	6	1.5244449464670455	-1.2361158153766453e-09	2
6283185.307179586	1044.8448448448448	5	1.0269628296143853	7.572460807887311e-10	1
6283185.307179586	710.910910910911	2	0.7165064650573325	-8.498253603532989e-10	1
6283185.307179586	717.8678678678679	5	1.184953826852762	-1.1512634864712666e-09	1
6283185.307179586	2144.0440440440443	6	0.44506643145893454	-8.777565941898745e-10	0
6283185.307179586	1323.1231231231232	6	1.1089796089836836	-1.147573289529295e-09	0
6283185.307179586	2797.997997997998	5	0.06025543569948244	-1.2684236110983226e-09	0
6283185.307179586	1434.4344344344345	6	-1.5210776628746736	1.7385298340326515e-09	2
6283185.307179586	2053.603603603604	3	1.2882203961739895	1.5704362598159876e-09	1
6283185.307179586	2603.2032032032034	4	0.7457761793360334	-2.4463367359457645e-10	2
6283185.307179586	1907.5075075075076	5	-1.268803644435219	-1.2142336621926317e-09	1
6283185.307179586	2505.805805805806	6	-0.5389512892042203	1.927803357799279e-09	0
6283185.307179586	3911.1111111111113	6	-0.969158971612513	-1.9244301494804737e-09	0
6283185.307179586	1775.3253253253254	4	-1.0423614134656893	-6.167940247851807e-10	2
6283185.307179586	2269.2692692692694	1	0.9224318636387099	1.5520616070182249e-09	0
6283185.307179586	1239.6396396396397	3	-1.5341218005128059	6.062338651067332e-10	2
6283185.307179586	2505.805805805806	2	0.8655473950957555	3.2513709662020896e-10	1
6283185.307179586	662.2122122122122	2	-0.7234021879156257	4.4725241564638477e-10	0
6283185.307179586	2839.73973973974	5	-0.5458607698952638	-7.178707602750514e-10	0
6283185.307179586	1434.4344344344345	3	-1.0288374996985232	-1.9804235952500667e-09	0
6283185.307179586	1684.884884884885	4	-0.6816565247749207	1.444116588584749e-10	1
6283185.307179586	1837.937937937938	6	0.7112785652578961	-1.112249488616242e-09	0
6283185.307179586	1100.5005005005005	6	1.0223075841661058	9.314650340313957e-10	2
6283185.307179586	829.1791791791792	4	-1.385756112527074	2.4661580039938144e-11	1
6283185.307179586	1921.4214214214214	2	-1.531624152945773	6.941371365802123e-11	2
6283185.307179586	3090.19019019019	6	-0.8124318437541113	2.4622693813197916e-10	2
6283185.307179586	161.31131131131133	4	-0.9753021190647723	-1.9708677454515716e-09	0
6283185.307179586	850.0500500500501	1	-1.3139890838015849	1.1627087152149203e-10	2
6283185.307179586	1782.2822822822823	5	-0.07378103501218858	-2.196593032195311e-12	2
6283185.307179586	2213.613613613614	5	-1.5292628299803792	-8.146062683303131e-10	2
6283185.307179586	2317.967967967968	6	0.36190592102887575	1.023242081565362e-09	0
6283185.307179586	1190.940940940941	6	-0.9203101986732967	4.483878326384162e-10	2
6283185.307179586	2415.3653653653655	4	0.5385344155465077	-3.10933923417775e-10	2
6283185.307179586	2060.5605605605606	2	-0.8383643859127781	1.7931992258373323e-09	0
6283185.307179586	536.986986986987	3	-0.17565270523080234	4.068880470011384e-10	1
6283185.307179586	1420.5205205205204	3	0.9370164235731289	1.1521241882243495e-09	0
6283185.307179586	884.8348348348349	6	-1.255535399089767	-1.922181878451163e-09	0
6283185.307179586	2060.5605605605606	2	0.5552208685920736	-1.4254759831865355e-09	0
6283185.307179586	1524.8748748748749	2	-0.3921656942331764	-1.2273049964953561e-09	0
6283185.307179586	2777.127127127127	6	-0.14028672104225004	-1.5014159652267948e-09	0
6283185.307179586	1225.7257257257259	2	-0.6351920831671656	-5.21709229969332e-10	2
6283185.307179586	1190.940940940941	2	1.4438882869463021	1.6430405165714439e-09	1
6283185.307179586	1135.2852852852852	2	0.24284101439112749	-1.047129624724395e-09	0
6283185.307179586	1385.7357357357357	1	0.8367357198148544	1.9954953238612198e-10	2
6283185.307179586	898.7487487487488	4	1.1908636279695899	-1.3261585194955525e-09	2
6283185.307179586	1058.7587587587586	1	-0.6517633014103918	-1.3864816855916442e-09	0
6283185.307179586	2081.4314314314315	5	0.5994591170768762	7.087763632446147e-10	0
6283185.307179586	1455.3053053053054	3	-0.9370457597649636	-3.1336169393243454e-10	2
6283185.307179586	905.7057057057058	2	-0.25042667349055336	7.963206337336283e-10	0
6283185.307179586	3431.0810810810813	4	1.4029161931166585	1.891391208604056e-09	1
6283185.307179586	3444.994994994995	6	-0.3991474099369199	1.4509359022726352e-09	0
6283185.307179586	585.6856856856857	6	0.9442986659122918	-6.669445466097891e-10	0
6283185.307179586	850.0500500500501	2	1.0008287560315576	-5.189651791926454e-10	2
6283185.307179586	1719.6696696696697	5	0.2771937255744623	4.743517305939117e-10	2
6283185.307179586	1246.5965965965966	1	0.18808275838735233	1.2089817482609457e-09	0
6283185.307179586	1622.2722722722724	5	-0.008396908916654011	9.934092982679466e-10	0
6283185.307179586	1246.5965965965966	2	0.3338921379119657	2.1807130669131322e-10	1
6283185.307179586	1497.047047047047	3	-1.0872583068560258	-1.159842326338288e-09	1
6283185.307179586	1775.3253253253254	4	-0.2699359286248919	2.8330859050488835e-10	1
6283185.307179586	2130.13013013013	4	-0.16863052042705062	-1.2587869377047417e-09	0
6283185.307179586	2436.2362362362364	5	-0.3950342097433739	-5.398942121837639e-10	0
6283185.307179586	1149.1991991991993	2	1.358803681965132	-1.2464946559872682e-09	2
6283185.307179586	1086.5865865865867	6	-0.45553331307121003	9.86689186705766e-11	2
6283185.307179586	1677.927927927928	4	-1.2615340392792653	1.725849422085392e-09	0
6283185.307179586	1740.5405405405406	6	1.518864371746253	4.172898349650087e-10	2
6283185.307179586	3681.5315315315315	5	1.100330720993592	9.019378327616346e-10	1
6283185.307179586	599.5995995995996	3	0.015379545813082096	-8.934798680721317e-10	0
6283185.307179586	1385.7357357357357	4	0.5017549684159928	1.4342523908699498e-09	0
6283185.307179586	1782.2822822822823	3	-0.2081266797703465	6.918137023879909e-10	0
6283185.307179586	2276.226226226226	4	0.12013242711259253	-1.0787974421665854e-09	0
6283185.307179586	1677.927927927928	1	-0.6015311358054233	-1.7859116966201196e-09	0
6283185.307179586	926.5765765765766	4	0.822689523424617	-9.410298095604097e-10	0
6283185.307179586	2137.087087087087	5	-0.08994146779698675	7.88332974612128e-10	0
6283185.307179586	1810.11011011011	3	0.9253274959801034	1.66884681199299e-09	0
6283185.307179586	1323.1231231231232	4	0.019213114944558907	2.7221802848742976e-10	1
6283185.307179586	3257.157157157157	2	-0.9938460019219344	5.954942412111647e-10	1
6283185.307179586	2011.8618618618618	3	-1.1476691602748936	7.126948653277178e-10	2
6283185.307179586	3201.5015015015015	2	1.113157539647415	-1.0921514421781783e-09	0
6283185.307179586	1295.2952952952953	1	-1.1606941527643175	-7.290643823512762e-12	2
6283185.307179586	822.2222222222223	2	-1.5481827108600617	1.9413599560454201e-10	2
6283185.307179586	1837.937937937938	5	-1.4898432346586612	-8.380455286429682e-10	1
6283185.307179586	1817.0670670670672	3	-0.03468104926465587	4.801923767560152e-10	0
6283185.307179586	1851.851851851852	3	-1.154370574281441	-1.5971949715194704e-09	0
6283185.307179586	1469.2192192192192	4	-0.23081116837168847	1.4935350643009621e-09	0
6283185.307179586	1768.3683683683685	4	1.3106246514110813	-2.2228526542643928e-10	1
6283185.307179586	912.6626626626627	1	0.8643307176683446	5.215554401357072e-10	0
6283185.307179586	2679.72972972973	5	-1.296016339166844	-1.9398131937637596e-09	0
6283185.307179586	1343.993993993994	2	1.3885472616691588	7.417358784203359e-10	2
6283185.307179586	1830.980980980981	3	-0.2586731477387194	1.718683028670469e-11	1
6283185.307179586	947.4474474474474	3	-1.1535335370635074	1.844254449327485e-09	0
6283185.307179586	2102.3023023023025	4	0.21241181457937341	7.011440592263279e-10	0
6283185.307179586	2874.5245245245246	6	-0.9625877248105028	-8.213909649815463e-10	0
6283185.307179586	1782.2822822822823	2	0.8397513675517536	9.569321360545796e-10	0
6283185.307179586	2053.603603603604	1	-1.3264131960418477	9.551974592958299e-10	2
6283185.307179586	919.6196196196197	5	-1.3349280743613046	1.056330481028919e-09	2
6283185.307179586	648.2982982982983	3	0.25238697934745047	-3.406523405468867e-10	1
6283185.307179586	2422.322322322322	3	-0.9357877999194694	6.771195543517526e-11	1
6283185.307179586	1545.7457457457458	5	0.7749765326103772	-1.5758858766060336e-10	2
6283185.307179586	2693.643643643644	5	0.029678367675239903	7.560152277698095e-10	0
6283185.307179586	898.7487487487488	4	-1.157458259677754	-1.9576501174559658e-09	0
6283185.307179586	523.0730730730731	5	-1.090867134264239	1.2873158340727241e-09	1
6283185.307179586	1837.937937937938	4	0.7122353658896294	8.992794209791102e-10	0
6283185.307179586	2568.4184184184187	3	-0.670224899989912	1.4264739983416753e-09	0
6283185.307179586	2784.084084084084	5	-1.5455779066062845	-9.948610845950574e-10	1
6283185.307179586	2088.388388388388	1	1.002733212894904	-7.502280785397267e-10	1
6283185.307179586	2039.6896896896897	5	-1.1009583839094648	-5.173988463958363e-12	2
6283185.307179586	2749.2992992992995	6	-0.35442411829327924	1.914510063374267e-09	0
6283185.307179586	1490.0900900900901	3	0.25455495895168023	4.561331030256934e-10	1
6283185.307179586	2679.72972972973	5	1.2579847976947875	-1.0273691877080143e-09	1
6283185.307179586	1350.950950950951	4	-0.49182889697035415	-1.5841120994465199e-09	0
6283185.307179586	1441.3913913913914	3	0.2066136918837791	-4.119172806217454e-10	2
6283185.307179586	2067.5175175175173	5	0.11251774479342624	1.4877688703003222e-09	0
6283185.307179586	1330.08008008008	5	-0.09781614631282864	-4.715626370412797e-10	0
6283185.307179586	1851.851851851852	1	-1.221144113468314	3.271589320670912e-10	1
6283185.307179586	2958.008008008008	4	1.220573435670616	1.6128321432314912e-09	0
6283185.307179586	703.9539539539539	1	-0.005463089853534608	1.6625598440910192e-09	0
6283185.307179586	1601.4014014014015	5	0.29463558869942896	-1.5352549511886908e-09	0
6283185.307179586	1121.3713713713714	3	-1.3704902343554444	1.4820158173593626e-09	2
6283185.307179586	947.4474474474474	3	0.6877469040394875	-1.828413041604033e-09	0
6283185.307179586	829.1791791791792	6	0.014106227584266495	1.959794956169651e-09	0
6283185.307179586	717.8678678678679	5	1.265446516401692	3.337895956177822e-10	2
6283185.307179586	1872.7227227227227	4	-1.4882710133681218	-2.008637849633535e-10	1
6283185.307179586	1990.9909909909911	5	0.41300263591563	-1.912401942424153e-09	0
6283185.307179586	2665.8158158158158	3	-0.4215538281699316	1.68362143179624e-09	0
6283185.307179586	2895.3953953953956	5	1.1272156842292609	-1.4542379551687471e-09	0
6283185.307179586	1824.0240240240241	1	0.6723975045267583	-2.2810336931413036e-10	2
6283185.307179586	940.4904904904905	4	-1.0597350948056796	-1.6745931230638713e-09	0
6283185.307179586	2269.2692692692694	3	-0.6062501301132007	-1.948278738385656e-09	0
6283185.307179586	2644.944944944945	1	0.1400380779297139	9.019426528861034e-10	0
6283185.307179586	815.2652652652653	3	1.4762503444691868	4.4425836955106577e-10	2
6283185.307179586	1629.2292292292293	2	0.7325737316930403	1.8760158272745463e-09	0
6283185.307179586	1712.7127127127128	4	1.0270776926867873	4.4883860990130793e-10	1
6283185.307179586	3173.673673673674	6	-1.4311082672837934	-1.5792940625390157e-09	2
6283185.307179586	2519.7197197197197	3	-0.9760656331140959	-1.9246945064319477e-09	0
6283185.307179586	1810.11011011011	5	1.337230034692964	1.9103385781652933e-09	1
6283185.307179586	1371.821821821822	2	-1.235876593862296	-1.5406839080475652e-09	1
6283185.307179586	947.4474474474474	6	1.1805846289728605	-1.5979000043420007e-09	0
6283185.307179586	759.6096096096096	2	-0.791582167253572	2.1532802882885e-11	2
6283185.307179586	2471.021021021021	6	-0.691379115550213	5.858385202283806e-10	1
6283185.307179586	1803.1531531531532	6	-1.284583265755745	-7.024792645673084e-10	2
6283185.307179586	1733.5835835835837	1	1.388007994397178	4.3446971885448973e-10	2
6283185.307179586	2575.3753753753754	6	-0.1689254165316918	1.9135035492044698e-09	0
6283185.307179586	2039.6896896896897	4	-0.7073309855349069	1.0279957457286987e-09	0
6283185.307179586	2283.1831831831832	4	0.6288281762288519	-1.0452141727194443e-09	0
6283185.307179586	1733.5835835835837	4	-0.19850551901128477	1.3420955540837266e-09	0
6283185.307179586	2032.7327327327328	1	-0.8790921103551768	-9.355283059996494e-10	0
6283185.307179586	2464.064064064064	6	0.8845960359791047	1.2579126198077417e-09	0
6283185.307179586	1768.3683683683685	5	1.193895505897371	8.842842780122769e-10	2
6283185.307179586	4022.4224224224226	5	1.2483801203796774	-6.819214741617473e-10	1
6283185.307179586	1128.3283283283283	3	-0.9920111907751485	9.612487049145929e-10	1
6283185.307179586	1879.6796796796798	6	0.8824866057746501	4.558901800256171e-10	2
6283185.307179586	1197.897897897898	4	-0.5511918660636987	-2.62571592212889e-11	1
6283185.307179586	1615.3153153153153	6	-1.1835945094761227	1.9759250950657265e-09	0
6283185.307179586	2018.818818818819	3	-0.14089212033933762	-2.7209658434344825e-10	1
6283185.307179586	1997.947947947948	3	-0.14145902898629137	-6.901901461289227e-10	0
6283185.307179586	1232.6826826826828	5	-0.9966240091751772	7.642544228612731e-11	2
6283185.307179586	543.943943943944	5	1.1960575860885854	-5.356796507484734e-10	1
6283185.307179586	2874.5245245245246	3	1.296686962306055	3.446406407278165e-10	2
6283185.307179586	1817.0670670670672	3	-1.0455875742810168	-1.9085038853141673e-09	0
6283185.307179586	634.3843843843844	2	0.5440791667590656	1.4297662789183977e-09	0
6283185.307179586	1385.7357357357357	6	-1.085985366322935	1.642609349742391e-09	0
6283185.307179586	3278.028028028028	2	-0.19572945033336264	-4.5411197908967174e-10	1
6283185.307179586	662.2122122122122	6	1.2865238178519895	-1.9144341826675553e-09	0
6283185.307179586	2304.054054054054	3	0.42787081150216544	5.470306654947469e-10	0
6283185.307179586	2860.610610610611	3	-0.777514999376433	1.438332411797411e-09	0
6283185.307179586	1399.6496496496497	2	-1.000004490544793	-4.453989329651372e-10	1
6283185.307179586	2025.7757757757759	6	-0.8368151847312681	-1.5257864341137925e-09	0
6283185.307179586	1956.2062062062062	2	-0.18936415676516805	9.356675433141117e-10	0
6283185.307179586	933.5335335335336	5	-0.6196198207070145	1.5857550384039144e-09	0
6283185.307179586	968.3183183183183	6	-0.6018171850869645	1.0442022711445394e-09	2
6283185.307179586	2018.818818818819	4	1.0654723566848578	1.8684408840648975e-09	0
6283185.307179586	1107.4574574574574	1	-1.301652193370372	-5.854723207228548e-10	2
6283185.307179586	1775.3253253253254	2	1.267288522706977	2.7509969037409623e-11	2
6283185.307179586	2401.4514514514517	6	-0.49058457675631617	4.427624324929566e-10	2
6283185.307179586	1441.3913913913914	5	0.17286107545593188	-1.1901513959951555e-09	0
6283185.307179586	2130.13013013013	6	-0.7892206033547637	1.6170783814969188e-09	0
6283185.307179586	1844.8948948948948	2	-0.7449148257499943	1.290527117827119e-09	0
6283185.307179586	3145.845845845846	5	-0.18771765723137546	-3.863439869623183e-10	1
6283185.307179586	620.4704704704704	4	1.3937345568362165	1.529500826525443e-09	1
6283185.307179586	2018.818818818819	6	-0.40372835548145725	1.3296342478723047e-09	0
6283185.307179586	1497.047047047047	6	-0.8983643095795089	4.152814935818869e-11	2
6283185.307179586	1664.014014014014	6	-0.15123691635005754	9.011308982858548e-10	0
6283185.307179586	1357.9079079079079	6	1.15493641998536	-9.392006597481424e-10	2
6283185.307179586	2276.226226226226	5	-1.309706768728449	-1.6115430947972756e-09	1
6283185.307179586	1177.027027027027	3	1.296714285172175	1.6536557231282252e-09	1
6283185.307179586	2477.977977977978	4	1.4769040919722056	6.979679981281002e-10	2
6283185.307179586	620.4704704704704	1	-0.10847199009482389	1.1435985328731216e-09	0
6283185.307179586	2693.643643643644	1	-1.2705801679945778	1.0726173513998406e-09	1
6283185.307179586	2971.921921921922	4	-1.5205803144216514	-1.5368910603015268e-09	2
6283185.307179586	1107.4574574574574	6	-1.4219480385498406	-4.6404256804034384e-10	2
6283185.307179586	1142.2422422422424	5	-1.4629193935452256	8.843021349050976e-10	1
6283185.307179586	1740.5405405405406	2	-0.062110078924476175	-1.3964129920652053e-09	0
6283185.307179586	815.2652652652653	2	-0.599250391833927	2.3290020174119694e-10	2
6283185.307179586	1837.937937937938	1	-1.5062999941584716	-1.4346237957191988e-09	2
6283185.307179586	655.2552552552553	6	1.5626239188149684	1.5233973538090144e-09	1
6283185.307179586	690.04004004004	4	-1.0420346857202105	-7.56295071599059e-10	1
6283185.307179586	2610.16016016016	1	0.8714001074829123	8.424055800727654e-11	2
6283185.307179586	2895.3953953953956	6	1.058344558602582	-3.4757099812478794e-10	2
6283185.307179586	1622.2722722722724	1	-1.2191280069879198	-1.3908747530769858e-09	2
6283185.307179586	1225.7257257257259	1	-1.2305913500899215	1.5391359470069723e-09	0
6283185.307179586	3201.5015015015015	6	-1.55757049878559	6.82317209784591e-10	2
6283185.307179586	968.3183183183183	5	0.6216707165943967	1.563785808106777e-09	0
6283185.307179586	926.5765765765766	1	-0.37279910918844394	1.0340188619721479e-10	2
6283185.307179586	2846.6966966966966	3	0.270276259071353	1.7201101201963494e-09	0
6283185.307179586	2554.5045045045044	4	0.7576855569276515	-1.763959458778842e-09	0
6283185.307179586	578.7287287287287	5	0.27874877020211697	1.3261339878689805e-09	2
6283185.307179586	2686.6866866866867	4	-0.5350382844403165	-7.829213439797034e-10	0
6283185.307179586	1837.937937937938	4	-1.1980652479773033	1.6444771637866867e-09	0
6283185.307179586	1170.0700700700702	4	-1.2410379994184704	-1.5718868904895681e-09	1
6283185.307179586	2144.0440440440443	2	-1.0450508927342548	-1.3264977127123255e-09	0
6283185.307179586	2102.3023023023025	2	0.2580254077871047	-1.0421938734244071e-09	0
6283185.307179586	1434.4344344344345	2	0.9790401355678386	1.0392329580161077e-09	0
