axial trapping frequency (MHz) 	 velocity(m/s) 	 ion collided with 	 angle(rads) 	 collision offset(m) 	 reorder? (1 is reorder 2 is ejection) 
6283185.307179586	2074.474474474475	2	0.11665959362262601	9.79592929086929e-10	0
6283185.307179586	1128.3283283283283	2	1.3617899224877719	8.475182137749947e-10	2
6283185.307179586	2004.904904904905	2	-1.1523211402551845	1.9078017567546995e-09	0
6283185.307179586	1608.3583583583584	5	0.10875325444116135	-1.9021333572815685e-09	0
6283185.307179586	2234.4844844844847	5	-0.043897218483747835	-6.665363038001489e-10	0
6283185.307179586	2290.1401401401404	5	-0.35066413412291464	-5.117791824108596e-10	1
6283185.307179586	2144.0440440440443	2	1.1335058797668172	-1.947261346599302e-09	0
6283185.307179586	1392.6926926926926	1	1.3225958709881116	-1.0893898030777451e-09	2
6283185.307179586	794.3943943943945	3	0.811395399653787	6.731294371648088e-10	1
6283185.307179586	133.4834834834835	5	-0.27726629704268624	-1.4382481500845663e-09	0
6283185.307179586	1378.7787787787788	2	1.258474404803879	1.1348876443758386e-09	1
6283185.307179586	2164.914914914915	7	-0.7185250041736705	1.1572407121749098e-10	2
6283185.307179586	1566.6166166166167	1	0.32684048634731777	1.624030268698004e-09	0
6283185.307179586	1302.2522522522522	2	0.05186138051956379	-1.0173645487766066e-09	0
6283185.307179586	2596.2462462462463	7	0.7017641633885097	1.5354781423063774e-09	0
6283185.307179586	1406.6066066066066	7	-0.1855814635184958	3.045084997697751e-10	1
6283185.307179586	787.4374374374374	7	-1.3734826807477756	8.884953920443809e-10	2
6283185.307179586	1302.2522522522522	7	1.261839446412151	1.184284788044715e-09	2
6283185.307179586	1253.5535535535537	2	1.3940647308038856	-3.9066278874346777e-10	2
6283185.307179586	1573.5735735735736	5	0.7782014157834283	1.4675477143533985e-09	0
6283185.307179586	2060.5605605605606	3	1.404325280588643	-1.7795034211125108e-09	1
6283185.307179586	1434.4344344344345	6	-0.21586749877677858	-4.909497519089721e-10	0
6283185.307179586	1260.5105105105106	2	0.5450157336540515	-1.8383538659650213e-09	0
6283185.307179586	2902.352352352352	7	-0.46346825199625297	-8.491850402544011e-10	0
6283185.307179586	1865.7657657657658	4	0.01564935162804426	-3.713776668926867e-10	2
6283185.307179586	1754.4544544544544	7	0.5907597875125039	-1.342771477138335e-09	0
6283185.307179586	2665.8158158158158	1	0.5269373095085861	-2.213379625353915e-10	2
6283185.307179586	1037.887887887888	1	1.3972372753851747	-4.1545542338921457e-10	2
6283185.307179586	2394.4944944944946	5	1.1559455904141487	-1.691298830214477e-09	0
6283185.307179586	1761.4114114114116	4	-0.27121905844705774	4.903444987395248e-10	1
6283185.307179586	1886.6366366366367	1	1.0782860422253444	-1.4856198885432032e-09	0
6283185.307179586	968.3183183183183	7	-0.32644046165839424	1.0450986169532226e-10	2
6283185.307179586	2415.3653653653655	6	0.6586741885438365	7.874618885599373e-10	0
6283185.307179586	2644.944944944945	3	0.5022377391273274	-1.6655838809235691e-09	0
6283185.307179586	1051.801801801802	1	1.3715659698665128	7.393906623467845e-10	2
6283185.307179586	1149.1991991991993	3	-1.1370732254337002	9.613897661554065e-10	1
6283185.307179586	1239.6396396396397	1	0.6448003583067741	-3.5229972341128717e-10	2
6283185.307179586	2248.3983983983985	5	1.062739804940537	7.002653443076204e-10	2
6283185.307179586	2317.967967967968	4	0.9863379981924947	1.0951801346186207e-09	0
6283185.307179586	1622.2722722722724	4	0.24689129441653024	1.1538878002662957e-09	0
6283185.307179586	2860.610610610611	5	1.5062503082553307	-1.076904399948063e-09	1
6283185.307179586	474.3743743743744	5	-0.700707675549929	-1.9488637733940175e-09	0
6283185.307179586	2519.7197197197197	3	1.0359848725148155	-1.029145981587746e-09	0
6283185.307179586	1559.6596596596596	5	-1.3162048513822358	3.713989457259543e-10	1
6283185.307179586	2770.1701701701704	3	-0.03898340882885143	-1.8769023516599103e-09	0
6283185.307179586	1573.5735735735736	2	1.1876073903381204	1.6744700590907417e-09	0
6283185.307179586	1413.5635635635635	7	-0.08062055303017002	-7.677998833482973e-10	0
6283185.307179586	1698.7987987987988	6	-1.3484412747058474	1.6525303590497335e-09	1
6283185.307179586	870.9209209209209	6	1.234154063519659	-3.8809942326535734e-10	1
6283185.307179586	1211.8118118118118	7	-0.15401650916141807	1.9519716871290692e-09	0
6283185.307179586	1302.2522522522522	5	-1.1641550963687535	4.688423027482022e-10	1
6283185.307179586	2338.838838838839	7	1.22486034331921	-6.967304346903031e-10	2
6283185.307179586	752.6526526526527	5	-1.253823263316616	9.643230796235066e-10	1
6283185.307179586	1719.6696696696697	1	1.3966216539759286	-1.0441962079596428e-09	2
6283185.307179586	1274.4244244244244	5	-0.5620179192529562	1.5768255100374319e-09	0
6283185.307179586	1385.7357357357357	5	-1.478346865379335	-9.929433750679948e-10	2
6283185.307179586	1476.176176176176	7	-0.8059500365271663	1.5691865578963345e-10	2
6283185.307179586	2408.4084084084084	5	1.107684129922906	-1.4893185805262941e-09	0
6283185.307179586	1942.2922922922924	3	-0.31471742155237625	1.7400342554382608e-09	0
6283185.307179586	1837.937937937938	7	-0.6863044056221037	5.154190175499353e-10	1
6283185.307179586	2846.6966966966966	4	0.35046161187472147	-9.411888798967026e-10	0
6283185.307179586	870.9209209209209	1	-1.361442099920727	2.396752082275088e-10	1
6283185.307179586	1837.937937937938	4	1.1919293624264764	4.3833031072298647e-10	1
6283185.307179586	1093.5435435435436	5	-1.3222819634728131	-1.9290510123481646e-09	1
6283185.307179586	2443.193193193193	5	-0.5678213673548782	-1.1223542642800967e-09	0
6283185.307179586	968.3183183183183	1	0.1003359628936118	1.2626094953424044e-09	0
6283185.307179586	634.3843843843844	2	1.5531252901749006	-6.270196974206406e-10	1
6283185.307179586	1559.6596596596596	6	-0.1987476568737474	7.564243885296191e-10	0
6283185.307179586	2331.881881881882	3	0.41372848581293553	2.0437809709442127e-10	1
6283185.307179586	968.3183183183183	2	0.6055327299547488	-6.41032616709981e-10	1
6283185.307179586	2137.087087087087	3	0.6063253511093967	6.768475235864768e-10	0
6283185.307179586	4745.945945945946	2	-0.6048914380229822	-2.344654298826287e-10	2
6283185.307179586	3361.511511511512	2	0.2414407012846287	-1.348142255393872e-09	0
6283185.307179586	1573.5735735735736	1	-0.09487768328831203	-8.050983163887406e-10	0
6283185.307179586	1441.3913913913914	6	-1.112005998473003	8.840872106471474e-10	2
6283185.307179586	2533.6336336336335	7	1.1725666262959442	-9.710851150440503e-11	1
6283185.307179586	1190.940940940941	6	-1.3628884881543604	-1.6965767064546983e-09	1
6283185.307179586	1218.7687687687687	3	-1.2408146942117584	-7.900473351929293e-10	1
6283185.307179586	1190.940940940941	6	-1.2267043724022622	3.522504772859488e-10	1
6283185.307179586	1810.11011011011	6	1.2240503021439784	6.585939947472831e-10	1
6283185.307179586	1921.4214214214214	6	1.1467134532522776	1.23255090242546e-11	2
6283185.307179586	2164.914914914915	7	0.19042464219417332	-9.4788490223163e-10	0
6283185.307179586	1872.7227227227227	3	0.7850401519027317	1.6088511568362493e-09	0
6283185.307179586	1371.821821821822	1	0.08534747895788497	-1.3963754642745718e-09	0
6283185.307179586	1733.5835835835837	6	-0.08919630468328976	5.2386131530389174e-11	1
6283185.307179586	3458.908908908909	4	-0.11186757161546979	1.92893415499535e-09	0
6283185.307179586	550.900900900901	6	-0.9525659989873585	8.080731908900642e-10	1
6283185.307179586	1538.788788788789	1	-0.30827086534354553	-1.5411287782129298e-09	0
6283185.307179586	1636.1861861861862	7	-0.27386143078573744	6.726126996305442e-10	1
6283185.307179586	954.4044044044044	1	0.1975245504626939	-1.4503694907870109e-09	0
6283185.307179586	1789.2392392392394	3	-0.765298504187191	5.951378119114949e-10	1
6283185.307179586	2971.921921921922	5	-1.2951824707718578	-1.2292600032269027e-10	1
6283185.307179586	2290.1401401401404	6	1.492387544626209	1.4682703943428403e-09	2
6283185.307179586	2930.1801801801803	1	0.12779623551948927	-1.977176069326902e-09	0
6283185.307179586	1218.7687687687687	5	-0.5980416113954653	1.6414032404950284e-09	0
6283185.307179586	1343.993993993994	5	1.3593895716958788	-1.0875822482727455e-10	1
6283185.307179586	571.7717717717718	3	1.0654094588875127	-1.7072057833225316e-09	1
6283185.307179586	2053.603603603604	4	-0.08876048171762663	-1.0841977976021068e-09	0
6283185.307179586	1928.3783783783783	5	1.1152500740983586	1.7610572402480787e-09	0
6283185.307179586	2679.72972972973	4	0.5536704803810388	1.1386923698002155e-11	2
6283185.307179586	1093.5435435435436	4	-0.6334065381691877	-1.9496257779994495e-09	0
6283185.307179586	2770.1701701701704	7	-0.9555324464570646	3.8326500511610725e-10	1
6283185.307179586	2039.6896896896897	4	1.5467922095186855	1.2259571882657338e-09	1
6283185.307179586	1010.0600600600601	7	-1.4270583622337636	8.322570427868259e-10	2
6283185.307179586	919.6196196196197	1	-0.23373837446084744	-1.1691552090221605e-09	1
6283185.307179586	1657.0570570570571	7	-0.9884739855668454	8.038590242237351e-11	2
6283185.307179586	2311.011011011011	6	0.8605358172210966	-6.750279412389212e-10	1
6283185.307179586	2589.289289289289	2	0.19522104208997781	1.1471663608178643e-09	0
6283185.307179586	349.14914914914914	7	-0.9289027645995362	6.920903105074358e-11	0
6283185.307179586	2206.6566566566567	2	1.3508008248407526	-1.7660556789077357e-09	2
6283185.307179586	2004.904904904905	4	1.0041025283292888	-6.095617261809019e-10	2
6283185.307179586	3667.6176176176177	6	0.041146231776275854	1.9248339665639173e-09	0
6283185.307179586	2603.2032032032034	4	-0.9018837788324319	-1.2438719163681043e-10	1
6283185.307179586	1274.4244244244244	1	-0.6901295197372744	3.3571399840644017e-10	2
6283185.307179586	2345.795795795796	6	-1.4673849487667008	4.106194756129299e-10	2
6283185.307179586	2171.871871871872	3	0.6539294089605261	-8.976036409297659e-10	0
6283185.307179586	2408.4084084084084	5	0.12528615275231414	-5.756503623177935e-10	0
6283185.307179586	2171.871871871872	5	0.17005631650617548	-1.0428152056393208e-09	0
6283185.307179586	2276.226226226226	5	0.6094937377917802	-1.0359006148691035e-09	0
6283185.307179586	836.1361361361362	6	1.4078953319887773	3.832695537779873e-10	1
6283185.307179586	3521.5215215215217	6	1.2989503532789288	1.1098780497599986e-09	2
6283185.307179586	3994.5945945945946	6	0.555976697344998	1.396961594342804e-09	0
6283185.307179586	1872.7227227227227	1	0.17357990649254362	1.0300708941534318e-09	0
6283185.307179586	1093.5435435435436	3	-0.6182566551015642	1.7150403849762072e-09	0
6283185.307179586	996.1461461461462	6	0.9446685536854855	4.869049676377583e-10	2
6283185.307179586	1010.0600600600601	6	-1.3605356620475149	1.0852477085713959e-09	2
6283185.307179586	1629.2292292292293	6	1.516353642958836	8.125764769633866e-11	2
6283185.307179586	1170.0700700700702	3	0.705474501009713	-1.869929033411233e-09	0
6283185.307179586	1086.5865865865867	2	-0.5470825171339566	1.1025734299718445e-09	0
6283185.307179586	1622.2722722722724	6	1.2022470812910018	1.0324161021020868e-09	1
6283185.307179586	1747.4974974974975	7	0.20052986746469958	-6.153264542981402e-10	0
6283185.307179586	2331.881881881882	5	0.80527048579382	9.988959363020916e-10	0
6283185.307179586	418.7187187187187	7	0.17703113152152605	6.671172459178381e-10	0
6283185.307179586	2742.3423423423424	2	-0.8030963439842239	-1.8213906814226026e-09	0
6283185.307179586	996.1461461461462	6	0.2969466589588008	-9.693385546284526e-10	0
6283185.307179586	1810.11011011011	4	0.1083753651371071	1.4608726413829578e-09	0
6283185.307179586	1462.2622622622623	3	1.3796341666862877	-1.4313231424469135e-09	1
6283185.307179586	1545.7457457457458	4	0.23335421447521254	1.5909114188732778e-11	1
6283185.307179586	1114.4144144144145	4	-0.4860404699979539	-1.7202038973765426e-09	0
6283185.307179586	2631.031031031031	6	-1.0208493639501075	1.472955949148302e-09	0
6283185.307179586	1197.897897897898	5	0.5443213838864915	-9.76781148781417e-10	0
6283185.307179586	1309.2092092092093	3	0.7787808982240101	-1.0371149638942023e-10	2
6283185.307179586	2756.256256256256	1	-0.5360527085883324	1.6638252359520208e-09	0
6283185.307179586	1023.973973973974	5	0.48866424006767506	-9.104526145657697e-10	0
6283185.307179586	1316.1661661661662	6	1.209821474704074	-3.7473476784551975e-10	2
6283185.307179586	1177.027027027027	6	-0.9399673891408618	1.0634554985169812e-09	1
6283185.307179586	530.03003003003	2	-0.7898398631119786	-3.36048464955161e-10	2
6283185.307179586	370.02002002002	2	-1.5601568362718674	2.0687201960922792e-10	1
6283185.307179586	1601.4014014014015	7	-1.5642897502642887	4.533146181128142e-10	2
6283185.307179586	1775.3253253253254	4	1.477994854966164	-1.5317179001906427e-09	1
6283185.307179586	2832.7827827827828	7	1.5158829323769645	-1.0558300421403865e-09	2
6283185.307179586	2394.4944944944946	4	-0.40126578603157337	-5.300788543563876e-10	1
6283185.307179586	2276.226226226226	2	-1.4667439976067331	-1.8628822210953414e-09	1
6283185.307179586	4293.743743743744	7	0.7932514454348474	-1.036818535235534e-09	0
6283185.307179586	1601.4014014014015	7	1.5432223842506239	1.572290117712451e-09	1
6283185.307179586	1865.7657657657658	4	0.726846670231994	-7.43040976064779e-10	1
6283185.307179586	1378.7787787787788	4	-1.3627731161423036	2.6993644039497777e-10	2
6283185.307179586	1371.821821821822	4	0.1766740113622367	1.9080254517189093e-09	0
6283185.307179586	2102.3023023023025	2	-1.3762384578192834	-1.939536906587603e-09	1
6283185.307179586	3118.018018018018	1	0.3592699598638087	-1.7479900483611967e-10	1
6283185.307179586	2262.3123123123123	3	0.3803786410966923	-1.8137880464207738e-09	0
6283185.307179586	571.7717717717718	6	-0.4368653337578956	5.447922574181988e-10	2
6283185.307179586	1643.143143143143	1	0.570099630229497	-4.161274851653887e-10	2
6283185.307179586	1504.004004004004	7	0.3072993576173062	-1.8107063492717108e-09	0
6283185.307179586	2359.70970970971	7	0.6567604960247628	-3.306377149012682e-10	2
6283185.307179586	1580.5305305305305	7	-1.0052955106141699	1.857372811868857e-09	0
6283185.307179586	1128.3283283283283	5	-1.5230754567683396	-1.4686160784656612e-09	2
6283185.307179586	954.4044044044044	5	0.8477699384408348	1.6639763875444516e-09	0
6283185.307179586	1413.5635635635635	1	-0.9546868490036458	2.3140175729429824e-10	2
6283185.307179586	731.7817817817818	6	-0.5345139055235053	1.3607828907431715e-09	0
6283185.307179586	2464.064064064064	2	1.080142084180785	1.2523947900166798e-09	0
6283185.307179586	2999.7497497497498	6	-0.36042667182839705	4.5390811966492117e-11	1
6283185.307179586	1789.2392392392394	1	0.781504376722014	4.414036579855438e-10	1
6283185.307179586	3653.703703703704	7	0.832946219962321	-6.307946647628029e-10	0
6283185.307179586	648.2982982982983	4	-0.5548639933506267	-7.490881244696479e-10	1
6283185.307179586	2811.911911911912	7	0.31359026220774333	1.3018412624846723e-09	0
6283185.307179586	2895.3953953953956	4	1.0615237738644199	-1.962674898317946e-09	0
6283185.307179586	3458.908908908909	1	0.45158557433835833	1.5375438262412937e-09	0
6283185.307179586	2095.3453453453453	5	-0.3662007988778708	-8.94063845293835e-10	0
6283185.307179586	2338.838838838839	4	-0.4097656376496399	-2.97950898536249e-11	2
6283185.307179586	418.7187187187187	6	1.5141597562745281	-1.38186181149932e-09	2
6283185.307179586	1657.0570570570571	5	-0.8414924808005937	-3.44117307097633e-11	1
6283185.307179586	1107.4574574574574	6	0.25296342565836727	-2.558277938465427e-10	2
6283185.307179586	2317.967967967968	5	1.3238207446472958	-1.3067074401300372e-09	1
6283185.307179586	1163.113113113113	3	-1.5215714357600125	-7.615969670290928e-10	1
6283185.307179586	1629.2292292292293	6	0.08830128400250126	-5.887652944421968e-10	0
6283185.307179586	2116.2162162162163	6	1.409399728074682	-1.9136780474796764e-09	2
6283185.307179586	2366.6666666666665	2	1.333483019621923	-6.66920349820742e-10	2
6283185.307179586	1775.3253253253254	2	-1.2435361605500495	1.2720976518836076e-09	1
6283185.307179586	1782.2822822822823	5	1.1483526623078424	-1.7728593352419566e-09	0
6283185.307179586	2081.4314314314315	7	-0.17506739388399617	7.871016917014503e-10	0
6283185.307179586	2686.6866866866867	7	0.36494478946948994	1.935984593791211e-09	0
6283185.307179586	1156.1561561561562	2	-1.2967456784550508	-1.1735113750867235e-09	2
6283185.307179586	1538.788788788789	2	0.7023462639130007	-1.831140437057315e-09	0
6283185.307179586	891.7917917917919	1	0.7646767318816443	-2.8914984626588455e-10	2
6283185.307179586	2067.5175175175173	5	0.2540071430231896	-3.9725037661273e-10	1
6283185.307179586	2477.977977977978	1	-0.9955514614466187	8.222270073029893e-10	1
6283185.307179586	1218.7687687687687	5	-0.5440765940797854	-1.5510482654948802e-09	0
6283185.307179586	877.877877877878	6	-0.42470569049328133	-1.6536405608641826e-09	0
6283185.307179586	1330.08008008008	3	0.7945531134996378	2.39007882992304e-10	1
6283185.307179586	2978.878878878879	1	0.2806335278674721	1.273224822419944e-09	0
6283185.307179586	2137.087087087087	6	0.4859059726369641	-2.7659433509133454e-11	1
6283185.307179586	1552.7027027027027	7	-0.22857493584288857	3.768460511719871e-10	1
6283185.307179586	1476.176176176176	3	1.0394854377675466	1.5831561472862423e-09	0
6283185.307179586	1420.5205205205204	1	-0.13180274214018683	-7.577080285303465e-10	1
6283185.307179586	1350.950950950951	1	1.3751031898483057	-5.019591193281962e-10	2
6283185.307179586	2130.13013013013	6	0.7315013718016234	-1.223733021833117e-09	0
6283185.307179586	2220.5705705705705	3	0.0884024050116965	-1.521458740572524e-10	1
6283185.307179586	996.1461461461462	1	1.1239374959590083	-8.026307853640722e-10	2
6283185.307179586	1510.960960960961	2	-1.133849554137557	6.69930412502637e-10	2
6283185.307179586	1295.2952952952953	4	-1.4759803189720742	4.261248108175124e-10	1
6283185.307179586	829.1791791791792	4	-0.6150423729651853	4.155735329855693e-10	2
6283185.307179586	2401.4514514514517	3	-0.9563740422214718	-1.3566811799209054e-09	0
6283185.307179586	1538.788788788789	2	-1.2251629959228088	1.840298995565859e-10	2
6283185.307179586	1531.8318318318318	4	1.418918369249738	-1.240373261712289e-11	1
6283185.307179586	2603.2032032032034	6	-0.7932637433615566	-7.086441211600452e-10	0
6283185.307179586	1657.0570570570571	2	-1.2666336611439681	-5.144766748601205e-10	1
6283185.307179586	863.963963963964	5	0.7720509189191818	-6.178995949489545e-10	1
6283185.307179586	1712.7127127127128	7	-0.22838180280391285	-1.993880751896842e-09	0
6283185.307179586	1879.6796796796798	7	-0.6990516155977384	2.0474625581678637e-11	2
6283185.307179586	1524.8748748748749	1	-1.1044200039902288	-1.1035404449662135e-09	2
6283185.307179586	912.6626626626627	5	-0.6856696862247881	5.413917920475456e-10	1
6283185.307179586	1462.2622622622623	6	-1.05013037125379	-1.1956448539182635e-09	0
6283185.307179586	773.5235235235235	7	-0.6987835172839815	1.6205867373269862e-09	1
6283185.307179586	3257.157157157157	2	1.3688783616592293	1.9012487300011847e-10	2
6283185.307179586	1789.2392392392394	6	1.0773596530353582	-1.705185336282649e-09	0
6283185.307179586	2185.7857857857857	3	1.1123425001628657	-1.6404484157440524e-09	0
6283185.307179586	3264.1141141141143	5	-0.9076106411822116	-1.9059243878536895e-09	0
6283185.307179586	1010.0600600600601	2	-1.0211588762461092	-1.6685649925637402e-09	0
6283185.307179586	3055.4054054054054	2	-1.1812338879725528	-1.0361052645304097e-09	1
6283185.307179586	2923.223223223223	2	-1.0359852177780882	1.7001909408047915e-09	0
6283185.307179586	655.2552552552553	3	0.8629093938434766	-1.3282617676923e-10	1
6283185.307179586	822.2222222222223	7	-1.121412808300922	1.5145235361879203e-09	2
6283185.307179586	2067.5175175175173	1	-0.8202457040135849	1.2130457980489328e-09	0
6283185.307179586	2109.259259259259	3	-1.3053567651023474	-9.843865094316902e-11	1
6283185.307179586	1267.4674674674675	7	0.703163988198694	-1.3703668712514664e-09	0
6283185.307179586	1037.887887887888	6	-1.4113635923602459	1.5473659492266822e-09	2
6283185.307179586	2519.7197197197197	7	-0.690809313092711	3.096620163276939e-10	1
6283185.307179586	1413.5635635635635	5	0.05493788159572821	-3.4480337563584705e-10	1
6283185.307179586	411.76176176176176	5	-0.5926304859953175	1.779804417239474e-09	1
6283185.307179586	2255.3553553553556	6	0.11341304253261586	1.8542385259729079e-09	0
6283185.307179586	1643.143143143143	4	-1.478183597111419	3.8478325084927646e-10	1
6283185.307179586	1907.5075075075076	6	1.5335901096461697	-5.35445017524212e-10	1
6283185.307179586	2575.3753753753754	4	-1.268535081175613	1.7619967086702492e-10	1
6283185.307179586	2526.676676676677	4	-0.6978292706943006	-5.725744323569237e-11	1
6283185.307179586	1803.1531531531532	4	0.19767704730572055	7.517728219293358e-11	1
6283185.307179586	1211.8118118118118	3	-1.1959185403408406	9.383645328504187e-10	2
6283185.307179586	599.5995995995996	6	0.5653809596267547	-1.6539016762426742e-09	0
6283185.307179586	1545.7457457457458	7	-0.10717139571592282	-1.2919553697151312e-09	0
6283185.307179586	1886.6366366366367	5	0.7414251974058335	6.416243886622037e-11	1
6283185.307179586	1949.2492492492493	7	-0.00562853096786764	-2.8211958551703644e-10	1
6283185.307179586	1817.0670670670672	5	1.388832160108771	1.066413285247477e-09	2
6283185.307179586	1441.3913913913914	1	1.4922232401827316	1.6827165533935985e-10	2
6283185.307179586	870.9209209209209	5	0.260464625363396	1.1331240227303458e-09	0
6283185.307179586	1810.11011011011	1	1.341609092797813	-1.8419625778285475e-09	1
6283185.307179586	1183.983983983984	6	0.33805188483808113	-1.5891734266266404e-09	0
6283185.307179586	1601.4014014014015	4	0.8542598163839612	-1.6678953621071037e-09	0
6283185.307179586	3152.802802802803	4	0.5355542302941436	-5.13492112793473e-10	1
6283185.307179586	1100.5005005005005	2	0.879450418294323	1.6287790106912469e-09	0
6283185.307179586	1239.6396396396397	7	-1.0478975671712245	-1.3818231336146601e-09	0
6283185.307179586	2338.838838838839	7	-0.81420612145943	1.4152136234577205e-09	0
6283185.307179586	467.4174174174174	6	-0.5443276342624386	1.9983368425994378e-09	2
6283185.307179586	2881.4814814814818	5	-1.0012190494935747	1.0029709949058647e-09	0
6283185.307179586	759.6096096096096	1	0.5137047111273816	-9.51352634510506e-10	1
6283185.307179586	3076.2762762762763	4	1.5010152663066898	-6.049852346469233e-10	1
6283185.307179586	1163.113113113113	1	0.17949807131503692	6.067619644690245e-10	0
6283185.307179586	1538.788788788789	1	1.2651493537766805	-1.7515870687083812e-09	1
6283185.307179586	2429.2792792792793	4	-0.26757769233493667	7.078995286677832e-10	0
6283185.307179586	2784.084084084084	2	-1.3769451467066558	1.557397528096269e-09	1
6283185.307179586	2422.322322322322	7	0.9456955715083861	1.4908217971773386e-09	0
6283185.307179586	530.03003003003	7	-1.3711587016475317	1.2116204680934341e-09	2
6283185.307179586	2394.4944944944946	2	1.1351927662190615	-5.773430836689669e-10	2
6283185.307179586	1177.027027027027	2	-1.3296942184169387	-3.144551777704999e-10	1
6283185.307179586	1872.7227227227227	1	0.7091510194515123	6.759513141465673e-10	0
6283185.307179586	1691.8418418418419	5	-0.9330100563720511	8.409856432082006e-10	1
6283185.307179586	940.4904904904905	3	-0.9484944435265441	-2.356442666012485e-10	1
6283185.307179586	1664.014014014014	3	-1.4784433309105538	-1.6853339477739238e-09	2
6283185.307179586	1177.027027027027	4	0.6646192441038643	-1.50212962176695e-09	0
6283185.307179586	1218.7687687687687	6	-0.1996072969038869	1.510505001474069e-09	0
6283185.307179586	2359.70970970971	3	-1.5402549836689325	-1.4194419372139632e-10	2
6283185.307179586	2429.2792792792793	7	-0.058577682319226776	1.7975249313220104e-09	0
6283185.307179586	2791.041041041041	2	-0.7605024734505264	-5.842679395433237e-10	1
6283185.307179586	2916.2662662662665	5	1.5266521388171501	6.148677745738259e-10	2
6283185.307179586	2331.881881881882	6	-1.203041810363646	1.9397444606807318e-09	0
6283185.307179586	1427.4774774774776	3	0.7738617451898473	-6.636597686715607e-10	1
6283185.307179586	836.1361361361362	1	-0.2489580272101024	4.2649808729844807e-10	0
6283185.307179586	2178.828828828829	5	0.1436766909729965	-1.9595422606012137e-09	0
6283185.307179586	3006.706706706707	5	0.03011101889339196	1.808730100667394e-10	1
6283185.307179586	1100.5005005005005	2	-1.1630878994777338	-8.627812634419124e-10	1
6283185.307179586	1949.2492492492493	3	-0.9881420272130492	2.039757547731827e-10	1
6283185.307179586	2519.7197197197197	7	-0.6059888996962572	-1.5570377339771674e-09	0
6283185.307179586	2178.828828828829	3	1.5061931368604848	1.379173991816873e-09	1
6283185.307179586	710.910910910911	4	-0.6214789728274603	-7.256821593024928e-11	1
6283185.307179586	2338.838838838839	2	-0.11623947321428019	1.3186148919295277e-10	1
6283185.307179586	4210.26026026026	6	0.33069819696697933	8.173523130354063e-10	0
6283185.307179586	2311.011011011011	7	-1.482369578681853	-1.7972877039942984e-09	2
6283185.307179586	1058.7587587587586	1	-0.09215875851360611	1.842839263821796e-09	0
6283185.307179586	2937.1371371371374	5	0.0762646301451475	-7.144862523901786e-10	0
6283185.307179586	2770.1701701701704	1	-1.0074376201448882	-3.4132678003411606e-10	1
6283185.307179586	1441.3913913913914	1	0.9111787138258727	-1.977266441516512e-09	0
6283185.307179586	1003.1031031031031	5	-0.7856164402834619	3.176712785235671e-10	1
6283185.307179586	1726.6266266266266	4	1.4961139699224657	4.698642499897942e-11	2
6283185.307179586	3598.0480480480483	1	-1.4959180096974685	-3.3467298128857605e-10	2
6283185.307179586	1483.1331331331332	3	-1.157645315007196	-5.528456719773446e-10	1
6283185.307179586	2777.127127127127	1	-1.0714780395946277	5.655511582061771e-10	2
6283185.307179586	446.54654654654655	2	1.285476146566105	-6.260413919352414e-11	2
6283185.307179586	592.6426426426426	4	-1.5356600939497176	-1.511469780635547e-09	2
6283185.307179586	3458.908908908909	5	-0.8952527535238326	-1.0287291458338244e-09	0
6283185.307179586	1281.3813813813815	5	-1.4254945266960402	1.90619236968207e-09	1
6283185.307179586	2394.4944944944946	5	-1.0823736044713363	-1.8253211524854734e-09	0
6283185.307179586	947.4474474474474	6	-0.39108192386553964	-4.5078369585820256e-10	1
6283185.307179586	2255.3553553553556	7	0.10600474579425323	-1.0168647519459651e-09	0
6283185.307179586	731.7817817817818	4	-0.881230658752055	8.410253507013554e-10	1
6283185.307179586	3813.713713713714	4	0.8053053593072974	-1.051506385533628e-09	0
6283185.307179586	1232.6826826826828	3	0.9771662956381708	-1.1947169250179668e-10	1
6283185.307179586	1065.7157157157158	2	0.5840953068509522	-1.543349083659701e-09	0
6283185.307179586	2665.8158158158158	5	0.9310585510811635	-1.93767116393213e-09	0
6283185.307179586	2380.5805805805808	5	-0.03691881039704903	-1.8603922776146132e-09	0
6283185.307179586	1524.8748748748749	2	0.4419615297023536	1.9668191277557586e-09	0
6283185.307179586	2888.4384384384384	7	0.6925987397352222	6.122525311926573e-10	1
6283185.307179586	2095.3453453453453	4	1.2387312045977428	2.17355562516215e-10	2
6283185.307179586	460.46046046046047	4	-0.7841542189517355	3.3020148036144064e-10	1
6283185.307179586	1476.176176176176	3	0.1281733170945647	-1.5837189496688292e-09	0
6283185.307179586	1886.6366366366367	4	1.5414264799787154	-5.892410831100295e-10	1
6283185.307179586	1017.017017017017	7	-0.7238170910939473	9.068861045096886e-10	1
6283185.307179586	3465.865865865866	7	-0.019453765687053703	-7.253784135708675e-10	0
6283185.307179586	815.2652652652653	6	-1.287798676349128	-9.331426009996285e-10	1
6283185.307179586	1740.5405405405406	3	-0.6774249682775239	-4.309133498773816e-10	2
6283185.307179586	1580.5305305305305	6	0.8360465650963098	-6.079776128057529e-10	1
6283185.307179586	5072.922922922923	6	-0.7092840221203347	-1.4091151889347984e-09	0
6283185.307179586	1810.11011011011	7	-0.8954254312731768	1.7171389948114643e-09	0
6283185.307179586	1963.1631631631633	5	-0.13447629712669218	-2.77478925775712e-10	1
6283185.307179586	2415.3653653653655	1	-0.6330937443585685	-9.075974723867165e-10	0
6283185.307179586	2575.3753753753754	4	0.05389177731037531	1.932951529639029e-09	0
6283185.307179586	1497.047047047047	4	0.04481721307246378	1.8829618532686262e-10	1
6283185.307179586	1072.6726726726727	4	0.3104940349665066	-1.0613846369061593e-09	0
6283185.307179586	1872.7227227227227	4	-0.2901604891506935	1.1658341384663316e-10	1
6283185.307179586	1580.5305305305305	1	-1.1340420149902155	1.877679839418873e-09	0
6283185.307179586	2985.835835835836	5	0.4189353738172841	-1.711429153118061e-09	0
6283185.307179586	2373.6236236236236	4	0.6154933061620178	-1.3804502152612343e-09	0
6283185.307179586	1657.0570570570571	5	0.21206973585215505	1.856481702277131e-09	0
6283185.307179586	961.3613613613613	6	-1.5215669589666148	9.900612223872472e-10	1
6283185.307179586	2297.097097097097	2	-1.018795824557456	-1.5421278410479717e-09	0
6283185.307179586	1817.0670670670672	2	-0.2683790396123755	-1.0762436357482477e-09	0
6283185.307179586	2672.772772772773	3	-1.3344074372873864	-1.131156652656143e-09	1
6283185.307179586	884.8348348348349	3	-0.48442016332331694	-3.812992476200346e-10	1
6283185.307179586	2199.6996996997	6	-1.2195031802273908	-1.0419217983101114e-09	1
6283185.307179586	1914.4644644644645	7	0.5225630618930301	-3.351732933400521e-10	1
6283185.307179586	2081.4314314314315	2	-0.10867867658262931	1.0064241597834138e-09	0
6283185.307179586	481.33133133133134	2	-0.5641350955088131	-7.421820389542551e-10	1
6283185.307179586	1100.5005005005005	3	-0.4585514220992404	8.42889703372068e-10	0
6283185.307179586	2095.3453453453453	1	1.1424951015186209	-7.204962376280236e-11	2
6283185.307179586	3424.124124124124	6	1.534422895912373	-6.307149835734141e-10	1
6283185.307179586	2937.1371371371374	5	1.0162333594791386	-1.5786233382809974e-09	0
6283185.307179586	787.4374374374374	6	-0.44045324947147946	-1.8890251946034747e-09	0
6283185.307179586	2658.858858858859	3	0.06795304725705376	-5.789571267297053e-10	0
6283185.307179586	898.7487487487488	3	-1.2949583709978385	-4.725056206113996e-10	1
6283185.307179586	801.3513513513514	6	-0.4657232200533057	1.8954794122508517e-09	0
6283185.307179586	801.3513513513514	4	1.3836481276176738	-1.097025297809251e-09	1
6283185.307179586	1990.9909909909911	4	0.3582710387296464	-1.8677586178855884e-09	0
6283185.307179586	2575.3753753753754	3	0.06712292843220014	-1.6215189736725276e-09	0
6283185.307179586	2095.3453453453453	1	0.8289500150199567	-4.096089213183505e-10	2
6283185.307179586	1330.08008008008	6	1.3050460267174824	1.2792023609944134e-10	1
6283185.307179586	1274.4244244244244	6	0.7111452738258843	-1.5213293203372556e-09	0
6283185.307179586	1128.3283283283283	5	0.3989419103112557	-4.2448919284387813e-10	1
6283185.307179586	3257.157157157157	1	-0.5642589813851007	1.609328763923367e-09	0
6283185.307179586	1058.7587587587586	4	1.2753763036970462	8.169113930634039e-10	2
6283185.307179586	1197.897897897898	3	0.7107475883430165	1.2564223200334368e-09	0
6283185.307179586	1817.0670670670672	3	-0.01517449616476596	5.58969441505715e-10	0
6283185.307179586	627.4274274274275	3	-0.1336389836352787	-6.563626880870063e-10	1
6283185.307179586	627.4274274274275	5	-1.3696996087391566	-2.3527759379989553e-10	1
6283185.307179586	1545.7457457457458	1	-0.9033867280688931	6.446679236576122e-11	1
6283185.307179586	1949.2492492492493	1	-0.46162085026909705	6.018529671569163e-10	0
6283185.307179586	1531.8318318318318	4	1.2287234817808028	-8.159639432901044e-10	2
6283185.307179586	1900.5505505505505	2	-0.5811455749549906	1.1062814499329902e-09	0
6283185.307179586	2144.0440440440443	6	-0.42356638195299845	-1.0971110231315608e-09	0
6283185.307179586	3340.640640640641	6	0.07858029726785487	1.1971697678445132e-09	0
6283185.307179586	1100.5005005005005	7	0.7920307619805995	-1.491184249128032e-09	0
6283185.307179586	2644.944944944945	7	0.5837313695654709	8.988793985923242e-10	0
6283185.307179586	2909.3093093093094	3	-1.021859568407732	-1.6562388583778876e-09	0
6283185.307179586	2171.871871871872	5	0.7137733504190678	-6.698893553689885e-10	1
6283185.307179586	2512.762762762763	5	-0.08525858702053002	-1.4026198103075487e-09	0
6283185.307179586	1274.4244244244244	5	0.49642218050248	-7.276710712746198e-11	2
6283185.307179586	676.1261261261261	3	0.27275958265523204	-8.637485405587594e-10	1
6283185.307179586	1316.1661661661662	6	1.204836302015122	5.356074778416074e-10	1
6283185.307179586	1232.6826826826828	1	-0.6903387603331312	1.0520918505947354e-09	0
6283185.307179586	1337.0370370370372	4	-0.14906234369729376	-1.7104408537930783e-09	0
6283185.307179586	1030.930930930931	6	-0.20594288077022438	-6.278037921456058e-10	0
6283185.307179586	1747.4974974974975	3	0.27449912676981447	1.573247272487731e-10	1
6283185.307179586	1253.5535535535537	2	1.4707159138489496	-9.657593124374056e-10	2
6283185.307179586	1128.3283283283283	3	0.29458163447367247	1.584675123002363e-10	1
6283185.307179586	1921.4214214214214	6	-0.8388548373950294	1.3494425007074779e-09	0
6283185.307179586	2185.7857857857857	2	-0.12473065029260799	-1.8083784225084371e-09	0
6283185.307179586	1594.4444444444446	4	-0.796468013503747	-1.5614927619530407e-09	0
6283185.307179586	1065.7157157157158	3	0.7778931056083636	-1.0338626051661352e-09	1
6283185.307179586	2283.1831831831832	4	1.1341478003631011	1.2012863976817335e-10	2
6283185.307179586	2491.891891891892	1	-0.701842815408976	1.4443653568221177e-10	2
6283185.307179586	2331.881881881882	4	1.1754104188625574	1.781780761355884e-10	1
6283185.307179586	954.4044044044044	7	0.22634061448898168	8.904065936047732e-10	2
6283185.307179586	1330.08008008008	5	0.02958427160388366	9.43022896547287e-10	0
6283185.307179586	1719.6696696696697	4	0.5015324943018111	-1.948118272000412e-09	0
6283185.307179586	2512.762762762763	3	-0.8522948368154764	1.6165369339773413e-09	0
6283185.307179586	3201.5015015015015	4	-0.1622444152277167	-6.000291832670577e-10	0
6283185.307179586	1121.3713713713714	4	-0.4847224215858219	-7.969499933044052e-10	0
6283185.307179586	975.2752752752752	6	1.5074663668616495	1.7773451142914116e-09	1
6283185.307179586	710.910910910911	6	1.1024312458258336	-9.575135298504548e-10	1
6283185.307179586	1121.3713713713714	1	-1.339684412988642	1.2604814714212815e-09	2
6283185.307179586	2408.4084084084084	7	0.6992481971902982	2.1499641806851627e-10	1
6283185.307179586	3431.0810810810813	2	1.3885209284370403	-5.57932936554015e-10	1
6283185.307179586	2227.5275275275276	6	0.036808430343139076	1.0321401529990564e-09	0
6283185.307179586	3048.4484484484487	6	-0.3320716794825158	-1.1411989514378802e-09	0
6283185.307179586	3034.5345345345345	2	-0.18124257421712775	-1.6003033346493193e-09	0
6283185.307179586	1670.970970970971	6	-1.120579652464131	1.1834837957119942e-09	1
6283185.307179586	1601.4014014014015	1	0.28281621614256225	-1.6848263551957873e-09	0
6283185.307179586	1497.047047047047	5	-0.03791615167141704	1.6909953891252085e-09	0
6283185.307179586	3250.2002002002005	2	-1.4511078183245107	-9.482018494165821e-10	2
6283185.307179586	801.3513513513514	5	1.1752734178166544	-6.874163086808856e-10	1
6283185.307179586	2060.5605605605606	1	-1.0487984408643727	-1.0893806061014387e-09	1
6283185.307179586	1775.3253253253254	5	0.15239667340337082	6.007595546590433e-10	1
6283185.307179586	1573.5735735735736	1	-0.6487631827615881	3.8929418536468277e-10	1
6283185.307179586	1510.960960960961	5	1.2057053471549781	-1.2162483315044066e-10	2
6283185.307179586	2352.7527527527527	6	-0.5197258659359563	1.6237215679823886e-09	0
6283185.307179586	2554.5045045045044	4	1.044855446050387	-1.1708809659351896e-09	0
6283185.307179586	3062.3623623623625	1	1.4229761662751597	1.1651560928224973e-09	2
6283185.307179586	2144.0440440440443	6	-1.3010241841019203	1.0814433466210782e-09	1
6283185.307179586	627.4274274274275	4	0.14168402928408086	-1.146901148755163e-09	0
6283185.307179586	1441.3913913913914	5	-0.25956724001504794	1.6444703437226185e-09	0
6283185.307179586	1371.821821821822	7	-1.371123114741938	-1.6171996502549547e-09	2
6283185.307179586	1622.2722722722724	7	0.2126689494934264	7.793412919239428e-10	0
6283185.307179586	2283.1831831831832	4	0.3428518098224844	-8.036618037680987e-10	0
6283185.307179586	1928.3783783783783	6	-0.059540896519125974	1.9410806257182135e-09	0
6283185.307179586	2311.011011011011	2	1.0712723116481078	9.267944775176305e-10	1
6283185.307179586	2888.4384384384384	5	1.2883986467524746	6.585422770951806e-10	1
6283185.307179586	1469.2192192192192	4	-0.6268095627109985	-1.1689968547198361e-09	0
6283185.307179586	1608.3583583583584	2	0.8294230771241669	8.346070974799816e-10	0
6283185.307179586	2151.001001001001	1	1.4825149057651443	1.5432473929197182e-10	2
6283185.307179586	3194.544544544545	1	1.16878083250145	-1.6628938355084593e-09	0
6283185.307179586	1225.7257257257259	4	-0.25878185738168913	-1.3427284413136024e-09	0
6283185.307179586	2248.3983983983985	2	-1.0716057356094875	7.716249309668808e-10	1
6283185.307179586	1385.7357357357357	1	0.20579293995951664	-4.728498431415709e-10	2
6283185.307179586	2067.5175175175173	2	-0.36961950307726266	1.0645547814533193e-09	0
6283185.307179586	2818.868868868869	4	0.8167831574816011	1.6814751101251655e-09	0
6283185.307179586	2443.193193193193	1	-0.0181167415517407	6.035014829382028e-10	0
6283185.307179586	1114.4144144144145	6	-1.2565124547575235	-4.863577845100528e-10	2
6283185.307179586	1573.5735735735736	7	0.7308416746404816	-5.664754431410714e-10	1
6283185.307179586	2422.322322322322	3	-0.02582359358971198	-5.2135105583700205e-12	2
6283185.307179586	1872.7227227227227	2	-1.175852737377781	-1.3219737883799865e-09	1
6283185.307179586	1135.2852852852852	4	1.2272562213084264	7.541244824337084e-10	2
6283185.307179586	968.3183183183183	1	0.6105555760155448	-1.5636949406898954e-09	0
6283185.307179586	947.4474474474474	3	0.7915549482889306	-6.436768087180306e-10	2
6283185.307179586	1142.2422422422424	1	-0.9282691443706139	-1.1655070555448856e-09	2
6283185.307179586	884.8348348348349	7	0.8584403576620883	1.239297878517214e-09	2
6283185.307179586	1977.077077077077	4	1.0521276467748013	1.491828642749239e-09	0
6283185.307179586	870.9209209209209	4	-0.24766531306438422	-3.66477373003352e-10	1
6283185.307179586	933.5335335335336	6	-1.183587522316011	5.43360637432225e-10	2
6283185.307179586	1747.4974974974975	6	-1.5181885015781942	-1.318060764925293e-10	1
6283185.307179586	2644.944944944945	4	0.2290395796522986	-1.8172284013846745e-09	0
6283185.307179586	2338.838838838839	6	-0.10742161513598258	-7.6580105774039e-10	0
6283185.307179586	1448.3483483483483	2	-0.7916705138869652	-1.3553814026909459e-09	0
6283185.307179586	1288.3383383383384	4	-0.6928166683598541	5.446858252590089e-10	1
6283185.307179586	2415.3653653653655	4	0.9828275233076327	1.9745769050304053e-09	0
6283185.307179586	3542.3923923923926	6	0.7318961171814604	-9.16357488479194e-10	0
6283185.307179586	2269.2692692692694	7	-0.5197547660878188	7.730823320267313e-10	0
6283185.307179586	2811.911911911912	7	-0.3840076903265206	1.6851370270477846e-09	0
6283185.307179586	2171.871871871872	7	-1.3494532957987238	2.0545210310553897e-10	2
6283185.307179586	2109.259259259259	7	-1.4808779385532052	7.883899736019601e-10	2
6283185.307179586	1086.5865865865867	6	-0.848598606289372	8.53666585865709e-10	2
6283185.307179586	1705.755755755756	5	-1.1803918674398284	-1.6469830386807192e-09	0
6283185.307179586	1538.788788788789	7	0.5162042967270697	1.5477830658147114e-09	0
6283185.307179586	1218.7687687687687	3	1.0992207687336362	7.304108921763732e-10	2
6283185.307179586	1817.0670670670672	6	-1.2041403486437554	2.7936935113695876e-10	2
6283185.307179586	1858.8088088088089	3	1.3568264071999954	7.253800241368881e-10	2
6283185.307179586	2860.610610610611	4	-0.4184172084725779	6.418395564059693e-10	0
6283185.307179586	2137.087087087087	4	-0.8086607099236715	1.8445270266489563e-09	0
6283185.307179586	2401.4514514514517	2	-1.1522690854011155	-6.253274947459673e-10	1
6283185.307179586	1420.5205205205204	3	-0.6528221676801816	-1.398197658970503e-09	0
6283185.307179586	1086.5865865865867	1	0.7855773780395863	-7.646719885620486e-10	1
6283185.307179586	1420.5205205205204	2	1.4568824013431447	1.7281318407903796e-09	1
6283185.307179586	1984.034034034034	4	-0.22821508026025983	1.9091717984510436e-09	0
6283185.307179586	2895.3953953953956	6	1.5682591707063955	1.6101302537237324e-09	1
6283185.307179586	1893.5935935935936	6	-0.8878935268834873	-8.204606887595749e-10	0
6283185.307179586	2596.2462462462463	4	-1.5282342785959404	2.6581983484962147e-10	2
6283185.307179586	2046.6466466466468	1	0.3711477465861104	1.2283202904644321e-09	0
6283185.307179586	996.1461461461462	4	-0.47286501847628437	5.783604934749311e-10	1
6283185.307179586	759.6096096096096	5	-1.110863500025448	-1.150757922546775e-09	2
6283185.307179586	1413.5635635635635	4	1.0866162946375972	8.668611908009099e-10	2
6283185.307179586	1677.927927927928	4	0.9052749638705593	8.962283468397844e-10	0
6283185.307179586	1017.017017017017	6	0.2509014249634498	1.7222217074988046e-09	0
6283185.307179586	1364.864864864865	4	0.27323134657004533	1.4445808508745506e-09	0
6283185.307179586	1107.4574574574574	1	-0.2531244134254904	1.4951702006233215e-09	0
6283185.307179586	1163.113113113113	7	0.7261372768381849	2.4085995222826856e-10	2
6283185.307179586	272.62262262262266	7	0.13905529817948992	2.74256413249372e-10	0
6283185.307179586	738.7387387387388	7	1.2471774996466127	7.815160791904432e-10	1
6283185.307179586	1657.0570570570571	3	1.1985567008371727	-5.716748807803516e-10	2
6283185.307179586	2895.3953953953956	4	0.32367444628693387	9.529363613787072e-10	0
6283185.307179586	1726.6266266266266	4	-0.22028070741429406	1.7477860127162337e-09	0
6283185.307179586	1796.1961961961963	6	-0.835358421401865	-1.5849744489055841e-09	0
6283185.307179586	2804.954954954955	5	-0.7937265543314345	-8.545842433271217e-10	0
6283185.307179586	1072.6726726726727	2	-0.6447434662862749	1.342010900433529e-09	0
6283185.307179586	989.1891891891892	1	-0.6350252953195935	-5.289660036458774e-10	2
6283185.307179586	2011.8618618618618	3	-0.5787395099820397	-4.747242023218909e-10	1
6283185.307179586	1524.8748748748749	7	-0.1071498150074024	1.958888673761113e-09	0
6283185.307179586	1121.3713713713714	7	0.6273747358961006	7.618387562626212e-10	1
6283185.307179586	1239.6396396396397	3	-0.5718698727184743	1.756549257988627e-09	0
6283185.307179586	947.4474474474474	1	0.055719204845478876	1.0183823001646369e-10	2
6283185.307179586	1817.0670670670672	3	-0.5850824081169119	9.03189031935058e-10	0
6283185.307179586	982.2322322322323	1	-1.1651699068796038	-7.615007746614527e-10	2
6283185.307179586	1893.5935935935936	4	0.7254047337247789	-1.9223575908426875e-11	1
6283185.307179586	1984.034034034034	2	0.14638839759424416	6.346908447772903e-10	0
6283185.307179586	808.3083083083084	6	-0.09910395357247759	-9.697650679360694e-10	0
6283185.307179586	1163.113113113113	1	-0.16534279889120418	1.1652585288253291e-09	0
6283185.307179586	3820.670670670671	1	0.7025641702941177	-1.6915029298672295e-09	0
6283185.307179586	1636.1861861861862	2	1.202967755463923	5.282684832241107e-11	2
6283185.307179586	724.8248248248249	6	-0.05789584300964146	-1.490363804133848e-09	0
6283185.307179586	947.4474474474474	7	1.215094708497492	-2.1325105347928418e-10	2
6283185.307179586	1281.3813813813815	3	0.5566747530328242	-1.834454748251688e-10	1
6283185.307179586	780.4804804804805	4	1.5504429036918648	1.055763218531751e-09	1
6283185.307179586	1420.5205205205204	1	-0.992954916316979	1.151812208990743e-09	0
6283185.307179586	1921.4214214214214	4	0.4191265002307678	-4.4311534702710997e-10	1
6283185.307179586	2770.1701701701704	5	-0.7139746153916061	1.78748539229508e-09	0
6283185.307179586	1065.7157157157158	1	-0.6752220549804789	1.883066313210882e-09	0
6283185.307179586	3605.005005005005	2	-1.406243870728205	-1.4668187056615474e-09	1
6283185.307179586	2477.977977977978	7	1.4528069436734077	1.8768065488825385e-09	1
6283185.307179586	2157.957957957958	4	0.41790919162517737	8.430116015069941e-10	0
6283185.307179586	2895.3953953953956	6	-0.6785811385259859	-1.7184880280122933e-09	0
6283185.307179586	1775.3253253253254	4	-0.21587098274689986	-9.724828385808269e-10	0
6283185.307179586	1977.077077077077	7	-0.9449852708026573	-2.0497697059452469e-10	2
6283185.307179586	1643.143143143143	1	-0.10101974288062143	-1.3827609815117591e-09	0
6283185.307179586	1121.3713713713714	6	-0.24121397096757824	-1.1218714948576465e-09	0
6283185.307179586	1997.947947947948	2	0.19999828957886123	-8.571237710328457e-10	0
6283185.307179586	1886.6366366366367	7	0.9089376745965323	1.4130177142769176e-09	0
6283185.307179586	2067.5175175175173	6	-0.11069175862201663	-1.215209054952467e-10	1
6283185.307179586	676.1261261261261	2	-1.492979696208311	-4.407197325928811e-10	2
6283185.307179586	3758.058058058058	4	-0.1680606124483517	9.825683901664468e-10	0
6283185.307179586	1441.3913913913914	5	0.915550601253865	-1.0370711662644148e-09	0
6283185.307179586	1030.930930930931	4	0.00478345579085282	1.6513763850389574e-09	0
6283185.307179586	592.6426426426426	3	1.1416357146665437	1.3498167775139648e-09	1
6283185.307179586	2109.259259259259	3	-0.8680746939386758	-4.20713617993969e-10	2
6283185.307179586	2617.1171171171172	7	-0.11876600813128846	-1.8836841574345223e-09	0
6283185.307179586	2930.1801801801803	5	0.41586137450968397	-4.293881644029831e-10	1
6283185.307179586	2756.256256256256	5	-1.318376917083517	4.9097835628584e-10	2
6283185.307179586	2137.087087087087	1	1.225241847433821	1.6088622050157003e-09	0
6283185.307179586	717.8678678678679	1	-0.23760346455719916	-1.090590442117426e-09	1
6283185.307179586	1183.983983983984	3	0.24553409203020582	1.1651249120590047e-10	1
6283185.307179586	1357.9079079079079	1	-1.2915283947006593	-1.0501217761352188e-09	1
6283185.307179586	843.0930930930931	3	-0.8539448687005047	1.8097133628367117e-09	0
6283185.307179586	1538.788788788789	7	-1.1731608612148574	-9.492104864399265e-10	2
6283185.307179586	2742.3423423423424	1	-1.3553583884805986	1.2760043454672445e-09	2
6283185.307179586	1817.0670670670672	4	0.2697531420890409	-1.793338997056652e-09	0
6283185.307179586	1657.0570570570571	6	-0.2402029938682162	1.692622436204093e-09	0
6283185.307179586	2637.987987987988	7	-0.48035703941447894	-4.3824490633955734e-10	1
6283185.307179586	2672.772772772773	2	-0.7041457301746454	7.859592095932625e-10	0
6283185.307179586	1545.7457457457458	1	-0.6516029255861139	-8.729608573847539e-10	1
6283185.307179586	1406.6066066066066	6	0.5872534950130515	-1.8343672506329841e-09	0
6283185.307179586	2707.5575575575576	7	1.0298006805038917	-1.5710063896445555e-09	0
6283185.307179586	2589.289289289289	5	-0.4745123396278905	1.8303016204795753e-09	0
6283185.307179586	1267.4674674674675	7	0.2935102070607636	-5.465898873141125e-10	0
6283185.307179586	1803.1531531531532	1	-0.824168860857067	1.8413473179549685e-09	0
6283185.307179586	863.963963963964	5	-1.316720457069612	-2.2641497150124002e-10	2
6283185.307179586	655.2552552552553	6	-0.5940178594640848	6.124602183991006e-10	1
6283185.307179586	1337.0370370370372	6	-0.7476108623909803	-7.262235465030682e-10	0
6283185.307179586	1740.5405405405406	1	-0.7992585546352254	-1.9748201831086353e-09	0
6283185.307179586	2735.3853853853852	5	0.1748407439210209	-1.0062926459250106e-09	0
6283185.307179586	1350.950950950951	4	1.1645066292676933	-1.1461288382304202e-09	1
6283185.307179586	1601.4014014014015	3	0.08516844802267753	3.3450909263664833e-10	1
6283185.307179586	2060.5605605605606	3	-0.28467052193573417	4.668329916235715e-10	1
6283185.307179586	1573.5735735735736	3	-0.7661964442763857	-4.2395874383644613e-10	1
6283185.307179586	1726.6266266266266	5	1.0843542604357275	-6.107189057605402e-10	1
6283185.307179586	926.5765765765766	3	0.9840330581907786	1.613153915416898e-09	0
6283185.307179586	996.1461461461462	1	-0.5024291824151947	-7.53951149316158e-10	1
6283185.307179586	1357.9079079079079	7	1.0674630093560618	-1.7151543456517931e-09	0
6283185.307179586	1455.3053053053054	1	-0.6382625942653805	1.6633745061792427e-09	0
6283185.307179586	1636.1861861861862	7	-0.82806386440944	-1.7345752824767745e-09	0
6283185.307179586	1907.5075075075076	3	-0.6985610484656307	1.0229274884770543e-09	0
6283185.307179586	2909.3093093093094	3	-0.8050435386967579	-1.7884726048115143e-09	0
6283185.307179586	1448.3483483483483	2	-0.20859819714867522	1.8330128032971156e-09	0
6283185.307179586	1323.1231231231232	1	-0.7225234234598282	1.521050102275039e-09	0
6283185.307179586	1636.1861861861862	5	-0.03962030807502148	-1.9086975046664582e-09	0
6283185.307179586	1552.7027027027027	2	-0.6432510607138566	1.8209516580576397e-10	1
6283185.307179586	1371.821821821822	7	1.2434386900698926	-1.370283489195236e-09	1
6283185.307179586	1350.950950950951	2	-0.9608332856673563	-6.189556152212252e-10	1
6283185.307179586	1824.0240240240241	6	-0.13304719570679113	1.6360927095342574e-09	0
6283185.307179586	2317.967967967968	2	0.17063098234126017	1.8012942392559146e-09	0
6283185.307179586	2686.6866866866867	7	1.1487432838909055	5.662025121376322e-10	1
6283185.307179586	933.5335335335336	4	-1.438820200131951	-3.063934958351788e-11	1
6283185.307179586	940.4904904904905	4	-0.22065174902270357	-1.6605393179489273e-09	0
6283185.307179586	1086.5865865865867	2	-0.3051967584215609	1.1768404155623349e-09	0
6283185.307179586	1448.3483483483483	4	0.6976300894593739	-1.6180991667445263e-09	0
6283185.307179586	1343.993993993994	7	-0.6849686027211479	1.64837854124003e-10	2
6283185.307179586	3222.3723723723724	7	1.2237325134187218	-1.5794499770307377e-09	0
6283185.307179586	1288.3383383383384	2	0.6965820582197959	-1.4160778344812112e-10	1
6283185.307179586	2999.7497497497498	3	0.5523660719267394	-1.2940701467163956e-09	0
6283185.307179586	2338.838838838839	6	-0.038035741808086776	1.2406401711424226e-09	0
6283185.307179586	4349.3993993994	6	-0.7231030987945536	-8.552237197570842e-11	1
6283185.307179586	2053.603603603604	6	-0.6524957898548184	-9.648809684852063e-10	0
6283185.307179586	2262.3123123123123	2	0.2019996370971504	2.033713383717852e-10	2
6283185.307179586	2359.70970970971	7	-0.7420657570106759	-9.874726887189893e-10	0
6283185.307179586	1107.4574574574574	3	0.9255086987767789	8.350830759074421e-11	2
6283185.307179586	2095.3453453453453	6	0.22990247081481896	1.974058908933139e-09	0
6283185.307179586	2693.643643643644	3	-1.1396424424302052	6.581329009172992e-10	2
6283185.307179586	1260.5105105105106	5	1.1240573454165221	5.270750976884788e-10	2
6283185.307179586	1754.4544544544544	2	0.7821179450534341	1.00296936056587e-10	1
6283185.307179586	2610.16016016016	6	-1.125929696451718	3.7719041454374403e-10	1
6283185.307179586	1789.2392392392394	7	-0.4489055013559453	1.8105111310771331e-09	0
6283185.307179586	1218.7687687687687	4	0.8033883345325377	1.78765352265349e-09	0
6283185.307179586	1357.9079079079079	7	-1.217585854614958	1.3317551744603011e-09	1
6283185.307179586	2331.881881881882	7	0.06286357028535927	1.13354977373132e-09	0
6283185.307179586	1907.5075075075076	3	1.3702656275777234	7.687780278595622e-10	2
6283185.307179586	1107.4574574574574	1	-1.2725824139721233	1.6215433556754529e-09	1
6283185.307179586	3549.3493493493493	4	-0.8704146626544662	-6.413316325751689e-10	1
6283185.307179586	1726.6266266266266	3	-1.4550790630278487	-4.049663057803815e-10	1
6283185.307179586	2206.6566566566567	3	1.2906361813693512	8.824232687063262e-10	2
6283185.307179586	2130.13013013013	2	-1.2515865208096213	-8.364450040694064e-10	2
6283185.307179586	1392.6926926926926	3	-0.8437802443601676	2.5248335114075297e-10	2
6283185.307179586	2505.805805805806	5	-0.16395970396107584	-2.0628880409518484e-10	1
6283185.307179586	1796.1961961961963	3	-0.17302814622060758	1.7643302861304645e-10	2
6283185.307179586	411.76176176176176	3	-0.7030876091555974	-4.5267522551905734e-10	1
6283185.307179586	843.0930930930931	7	-1.0024056185637824	1.0806934157773102e-09	2
6283185.307179586	1406.6066066066066	2	0.7007110694620104	-1.4801731055367897e-09	0
6283185.307179586	1246.5965965965966	5	1.0142275265961702	6.965236036011419e-10	2
6283185.307179586	1065.7157157157158	2	-0.2829696742536485	-9.507972616341622e-10	0
6283185.307179586	1476.176176176176	2	-1.3934552793188684	-1.972469172768742e-09	2
6283185.307179586	2373.6236236236236	3	-0.14656462046324448	-1.8749603563081894e-09	0
6283185.307179586	1907.5075075075076	3	-0.3146540626980967	-3.2523317109354805e-10	1
6283185.307179586	2248.3983983983985	2	1.1460930572232897	1.4630513804320403e-09	0
6283185.307179586	1949.2492492492493	7	-0.2746145860977527	1.3744610299036608e-09	0
6283185.307179586	1594.4444444444446	2	1.568580205092983	2.2204006535499487e-10	1
6283185.307179586	2825.825825825826	5	0.6022488549721117	3.952615854789691e-10	1
6283185.307179586	1093.5435435435436	1	0.25458138775818195	2.7887218820784985e-12	1
6283185.307179586	1775.3253253253254	4	0.12916009850977916	9.057666804323445e-10	0
6283185.307179586	968.3183183183183	3	-0.47295332403939727	1.3962682572628948e-10	1
6283185.307179586	3278.028028028028	5	0.5251335421175423	-1.3289284624651782e-09	0
6283185.307179586	1093.5435435435436	1	-0.8467931184868235	1.2898526408732813e-09	0
6283185.307179586	3291.941941941942	5	-0.787074633945627	-6.003052917902673e-10	1
6283185.307179586	627.4274274274275	6	1.4198785007291863	-1.6790697673306184e-10	1
6283185.307179586	1149.1991991991993	1	-0.10642918527012024	-4.3191906643033214e-10	1
6283185.307179586	2220.5705705705705	3	1.428267520825317	-2.0742044081935216e-10	2
6283185.307179586	1030.930930930931	5	0.3026475475663526	1.8554210471328577e-09	0
6283185.307179586	411.76176176176176	5	-1.0394424611646211	6.906932491312801e-10	1
6283185.307179586	1413.5635635635635	5	-0.8518601845074022	6.719787447593071e-11	2
6283185.307179586	2533.6336336336335	2	1.162216742127812	9.799731407402867e-10	1
6283185.307179586	1065.7157157157158	7	-1.1456065732794916	-1.0980679053095202e-09	1
6283185.307179586	1643.143143143143	5	0.2503520444940488	-1.970982526065739e-09	0
6283185.307179586	1204.854854854855	2	0.126329409283507	-1.1024917873727392e-09	0
6283185.307179586	397.84784784784785	2	0.051994141796822824	-1.5409415483477732e-09	2
6283185.307179586	1337.0370370370372	1	0.9636206049025549	-3.029162116731704e-10	1
6283185.307179586	1594.4444444444446	3	-0.2313794349691276	1.7858415071432941e-09	0
6283185.307179586	1253.5535535535537	5	1.1547071929582668	-1.2396118224329754e-09	1
6283185.307179586	1594.4444444444446	3	-1.1951410099320425	-1.1232991581729835e-09	1
6283185.307179586	2770.1701701701704	2	0.3468094690349113	-1.3832454917419776e-09	0
6283185.307179586	1399.6496496496497	4	0.09490949614092559	1.3375730454256e-09	0
6283185.307179586	2408.4084084084084	3	0.7022901533739483	-7.067420914605087e-10	1
6283185.307179586	1406.6066066066066	5	-1.0138289828510338	2.780318424004505e-10	1
6283185.307179586	2603.2032032032034	7	0.1529978235321816	1.444649603413823e-10	1
6283185.307179586	954.4044044044044	5	-1.4454865310551361	-1.394821568817543e-09	2
6283185.307179586	2032.7327327327328	1	-1.3900604232119433	1.2440304884382646e-09	2
6283185.307179586	1942.2922922922924	7	-0.5081780335878325	1.263037166029056e-09	0
6283185.307179586	1949.2492492492493	7	1.3599043384966278	-2.7012015440323826e-11	2
6283185.307179586	1462.2622622622623	4	-0.15185422375567437	1.563210472767982e-09	0
6283185.307179586	1232.6826826826828	3	0.6830250637518005	9.287644620269449e-10	0
6283185.307179586	1483.1331331331332	3	0.13581372980673012	1.4599286890210653e-09	0
6283185.307179586	2971.921921921922	1	-0.931597771005934	-4.488931097602182e-10	2
6283185.307179586	1844.8948948948948	5	-0.5673120196019523	1.4781318818451255e-09	0
6283185.307179586	1316.1661661661662	5	-1.0737335556752508	-9.52500259326318e-10	1
6283185.307179586	1997.947947947948	6	-1.425265189698775	-3.3022709090056484e-11	1
6283185.307179586	1072.6726726726727	5	-1.1336069026180469	3.858473945407923e-10	2
6283185.307179586	1093.5435435435436	1	-0.7766954399081943	-4.425104218968138e-10	1
6283185.307179586	1392.6926926926926	2	-0.5471102237684033	-1.6863647966034643e-09	0
6283185.307179586	1601.4014014014015	3	1.285637205996653	1.4963884044447735e-09	2
6283185.307179586	1371.821821821822	2	-0.40909751021691876	-1.3725418199188018e-09	0
6283185.307179586	1956.2062062062062	2	1.1535903822319962	-1.1110443400001408e-09	1
6283185.307179586	2436.2362362362364	4	-0.9811256390462239	4.3706406318471735e-10	1
6283185.307179586	2324.924924924925	6	1.1865814008960416	5.967185858714317e-10	1
6283185.307179586	773.5235235235235	4	-0.722921561168077	1.115629121031792e-09	0
6283185.307179586	1935.3353353353355	2	1.3532343035526382	-1.5673093240217897e-10	1
6283185.307179586	557.8578578578579	5	-0.6516164643709511	-1.368307452554134e-09	0
6283185.307179586	2276.226226226226	7	1.4003965908551126	-3.6038999762799945e-10	2
6283185.307179586	1420.5205205205204	7	0.20244985654233227	1.834775452789236e-09	0
6283185.307179586	1441.3913913913914	3	1.2827098935330747	7.937391692677012e-10	1
6283185.307179586	1775.3253253253254	5	-1.1209346776002107	-4.397870540640373e-10	2
6283185.307179586	1177.027027027027	2	0.7334145764523208	1.850076009325615e-09	0
6283185.307179586	1128.3283283283283	7	0.04536229426903193	1.3413025706101722e-09	0
6283185.307179586	3444.994994994995	1	-0.7257696921668508	2.7494317829716473e-10	2
6283185.307179586	1434.4344344344345	1	-1.0463291149315053	1.4646756824524054e-09	0
6283185.307179586	2276.226226226226	2	-1.548783272355143	-1.2276948745703895e-09	2
6283185.307179586	1886.6366366366367	1	1.331677267498256	5.837826243655382e-10	2
6283185.307179586	1288.3383383383384	3	-0.41085378700604913	1.9663993135619284e-09	0
6283185.307179586	1789.2392392392394	3	-1.08797007847829	-5.857495883228593e-10	1
6283185.307179586	1086.5865865865867	6	-1.3191911791163324	-1.0054184019414729e-09	2
6283185.307179586	2269.2692692692694	6	-0.31818779668317765	1.5958449560889163e-09	0
6283185.307179586	1281.3813813813815	3	1.4328391545592307	-4.4520390805110263e-10	2
6283185.307179586	1566.6166166166167	3	-0.7831386180501914	-1.8241638707208498e-09	0
6283185.307179586	1420.5205205205204	3	0.44071399571966685	-6.19838472552054e-10	1
6283185.307179586	2102.3023023023025	3	-0.7568246862992973	3.7559749386326435e-10	1
6283185.307179586	1309.2092092092093	6	1.1751454961672785	-1.8107528610011215e-09	0
6283185.307179586	439.5895895895896	7	-1.127582537080769	1.8412043577578713e-09	2
6283185.307179586	857.007007007007	2	-1.1754821904239379	-9.197152564675717e-10	2
6283185.307179586	1698.7987987987988	7	0.39897920530957953	-4.831813512368397e-10	0
6283185.307179586	2408.4084084084084	7	-0.4612519474578243	2.3167720176855486e-10	1
6283185.307179586	1211.8118118118118	4	-1.4863367835477073	1.3618925872951408e-09	2
6283185.307179586	759.6096096096096	7	-0.6866111281239399	-1.5490165447314067e-09	0
6283185.307179586	2686.6866866866867	3	-0.6774912421565038	-5.739538793252814e-10	1
6283185.307179586	1051.801801801802	1	-0.6735769295569369	-8.261332982156402e-10	1
6283185.307179586	2269.2692692692694	3	0.8064565497313096	-1.0534632097544355e-09	0
6283185.307179586	2151.001001001001	6	0.8593178168403113	1.9091545146535293e-09	0
6283185.307179586	2192.742742742743	1	0.9115985135414437	5.100711977182637e-10	2
6283185.307179586	1775.3253253253254	6	0.42659941816524793	-7.989138640423983e-10	0
6283185.307179586	2255.3553553553556	6	-0.2668753323362578	-1.8130103165316413e-09	0
6283185.307179586	2213.613613613614	3	-1.3074491500220176	-6.965887529562244e-10	1
6283185.307179586	2930.1801801801803	1	-0.8050692747540152	-1.6570472193473665e-09	0
6283185.307179586	1566.6166166166167	7	1.144852779123458	-1.6327212027205264e-09	0
6283185.307179586	1023.973973973974	3	0.5534680506115772	7.764906216585959e-10	0
6283185.307179586	634.3843843843844	1	0.18509552408610652	1.1216038641530246e-09	0
6283185.307179586	1065.7157157157158	4	0.39965032902377295	1.6021578558510872e-09	0
6283185.307179586	1657.0570570570571	5	-0.16804849541066735	-8.919217832133959e-10	0
6283185.307179586	3145.845845845846	1	0.06716511957096971	-4.1031735336846026e-10	1
6283185.307179586	1858.8088088088089	4	0.4031897627551395	-4.3372535177751154e-10	2
6283185.307179586	2130.13013013013	3	1.265943379537962	-1.4354123476594834e-11	2
6283185.307179586	3312.812812812813	1	0.8993055757771247	-6.476757686574685e-11	2
6283185.307179586	1183.983983983984	3	-0.41853760173190513	1.0206122054010764e-09	0
6283185.307179586	1636.1861861861862	3	0.8141206459047337	-8.052524530186598e-10	1
6283185.307179586	1197.897897897898	7	1.3708959764548432	1.7430688860235605e-09	2
6283185.307179586	2164.914914914915	1	0.026071291799404595	5.959695377580274e-11	2
6283185.307179586	3048.4484484484487	2	-0.40999712782027564	-4.047025031716394e-10	1
6283185.307179586	815.2652652652653	4	-0.2876037887682268	-1.0294210326488265e-09	0
6283185.307179586	1357.9079079079079	5	-0.24156310065624198	-4.301842431357436e-10	1
6283185.307179586	905.7057057057058	3	1.541161510415625	-1.8191038910732369e-09	1
6283185.307179586	2373.6236236236236	2	0.5923087044060469	1.6269050468369033e-10	2
6283185.307179586	1594.4444444444446	5	0.8377660715687147	1.6717940220956557e-09	0
6283185.307179586	2617.1171171171172	7	-1.1048909465630083	-6.40802504300467e-10	2
6283185.307179586	3305.855855855856	2	-0.4902433660569909	1.4284711529384682e-09	0
6283185.307179586	1107.4574574574574	3	0.5223270683709109	1.2954916102887299e-09	0
6283185.307179586	2477.977977977978	2	1.51051700136229	-4.951252722728782e-10	2
6283185.307179586	2130.13013013013	5	-0.885363072324606	1.3583929415820216e-09	0
6283185.307179586	2213.613613613614	6	0.9606470357985177	6.275712736610073e-11	1
6283185.307179586	2401.4514514514517	3	-1.4022519836050011	7.119379423772739e-10	2
6283185.307179586	1017.017017017017	4	-0.6001012811947055	8.993751783855758e-10	0
6283185.307179586	843.0930930930931	2	0.5524347128101526	-9.794838753040298e-10	2
6283185.307179586	2596.2462462462463	1	0.853488283649618	1.7856921861664516e-09	0
6283185.307179586	3194.544544544545	6	0.053203059968997435	6.406654396455171e-10	0
6283185.307179586	3618.918918918919	2	0.2888674244845859	-1.8965197803946543e-09	0
6283185.307179586	870.9209209209209	4	0.3238576409409506	4.790486416718863e-10	2
6283185.307179586	4370.27027027027	7	-0.884846221131074	8.985225057175107e-10	0
6283185.307179586	3166.7167167167167	2	0.8843908156992004	-3.974964349987347e-10	1
6283185.307179586	2978.878878878879	3	-1.3054045704035815	-3.756331157574772e-11	1
6283185.307179586	1065.7157157157158	4	1.4798161451781553	-2.374289106050673e-10	2
6283185.307179586	2846.6966966966966	6	-1.1894508643135788	1.100585063245299e-09	1
6283185.307179586	1100.5005005005005	1	0.2646758539661418	1.5600392843838091e-09	0
6283185.307179586	1371.821821821822	7	-1.0726367781297201	-1.703030318175451e-09	0
6283185.307179586	1114.4144144144145	7	-0.9401893039043796	1.6703408115812107e-10	2
6283185.307179586	2304.054054054054	6	-0.5369784607486967	1.0441793063237137e-09	0
6283185.307179586	3904.154154154154	7	0.9837498844371213	2.4221821867775794e-10	2
6283185.307179586	1782.2822822822823	3	0.9956078108104109	-1.4014546861571633e-09	0
6283185.307179586	1768.3683683683685	2	0.23821102100581593	1.9596018618886367e-09	0
6283185.307179586	1350.950950950951	7	1.5497759152359531	1.607972656905335e-09	2
6283185.307179586	1281.3813813813815	1	0.21623256770117627	-1.2491787212587572e-09	0
6283185.307179586	1030.930930930931	1	1.5261963758735027	-8.84746394903552e-11	2
6283185.307179586	1670.970970970971	2	0.28973281812781804	-6.127410260829866e-10	1
6283185.307179586	1218.7687687687687	4	-0.3698966867515274	1.921114407100439e-09	0
6283185.307179586	1253.5535535535537	3	0.11023646515306473	-1.02736251929796e-09	0
6283185.307179586	1698.7987987987988	2	-1.5482157033407724	-4.8162560004733744e-11	1
6283185.307179586	1399.6496496496497	2	0.9479789052134642	-3.8828364014973593e-10	1
6283185.307179586	3584.1341341341345	7	-1.3064644583140774	8.450929475802648e-10	1
6283185.307179586	1156.1561561561562	7	0.4559180306992894	-1.5089847625108637e-10	2
6283185.307179586	2123.1731731731734	5	-0.9070600973787962	-8.310162941904239e-11	2
6283185.307179586	1392.6926926926926	5	0.0148431405344569	8.50302703334539e-10	0
6283185.307179586	3382.3823823823823	6	0.9264217850701608	-3.004532182835202e-10	2
6283185.307179586	1128.3283283283283	3	1.042453801478009	2.2676878137202626e-10	1
6283185.307179586	2088.388388388388	3	-0.3493537183481399	6.126520642846111e-10	0
6283185.307179586	1100.5005005005005	5	0.6023264406344615	-1.8569743868504266e-09	0
6283185.307179586	1190.940940940941	5	0.6386931501706887	-4.910406885417947e-10	2
6283185.307179586	933.5335335335336	4	1.1112687536850991	1.5876617591321807e-09	0
6283185.307179586	2519.7197197197197	7	-1.3545066258011578	1.5567125265961141e-09	1
6283185.307179586	1726.6266266266266	2	-0.18257638250408825	1.1930974114849428e-09	0
6283185.307179586	1128.3283283283283	7	0.9176092636604758	1.488974613867151e-09	0
6283185.307179586	1357.9079079079079	1	-0.640909926275807	1.5646469069132945e-09	0
6283185.307179586	1455.3053053053054	2	-1.4559855043152177	2.5032147604742332e-11	1
6283185.307179586	1079.6296296296296	7	-0.35055195853561627	-1.961722105920126e-09	0
6283185.307179586	2756.256256256256	1	-1.2684336488193608	1.0025950500122587e-10	2
6283185.307179586	2004.904904904905	1	-1.2619173688750545	-9.947825921859345e-10	2
6283185.307179586	1295.2952952952953	3	-1.0416069008537314	6.36045796199357e-10	2
6283185.307179586	1086.5865865865867	1	-1.1221489156244797	-7.323801796526576e-10	1
6283185.307179586	2234.4844844844847	7	-0.666996165415824	8.862386647767123e-10	0
6283185.307179586	710.910910910911	3	-0.6297246230113507	-9.508664926071804e-10	1
6283185.307179586	1810.11011011011	5	-1.1118831597414363	1.6900266930830483e-09	0
6283185.307179586	2018.818818818819	3	0.2222827721068752	1.8060671032692776e-09	0
6283185.307179586	641.3413413413414	3	0.8666536517808159	-2.71526815523961e-10	1
6283185.307179586	3152.802802802803	6	0.6296294037307999	-1.6408436374420668e-10	1
6283185.307179586	2728.4284284284286	1	0.13361931140354066	-1.9256676040468117e-09	0
6283185.307179586	1302.2522522522522	5	0.38963007670166294	1.9838302864618185e-09	0
6283185.307179586	2477.977977977978	5	-1.4018863445818086	-1.8712504543642486e-09	2
6283185.307179586	1510.960960960961	1	0.7589633904075117	1.8675802526459634e-09	0
6283185.307179586	2582.3323323323325	4	-1.1643848769523952	-9.337328571974196e-12	1
6283185.307179586	1761.4114114114116	5	0.8377364844398167	1.5656976664117147e-09	0
6283185.307179586	1531.8318318318318	2	-0.5710802053002484	1.96860067127757e-09	0
6283185.307179586	2331.881881881882	4	0.45533651519334084	-1.154500401526859e-09	0
6283185.307179586	2394.4944944944946	5	-0.598416479196024	1.7323970228747408e-09	0
6283185.307179586	1302.2522522522522	7	-0.692703217003703	-3.954808705666246e-10	1
6283185.307179586	1677.927927927928	7	1.2270969917023993	-5.578710879472301e-10	1
6283185.307179586	1837.937937937938	5	0.43713450448672075	3.7028760920437123e-10	1
6283185.307179586	1712.7127127127128	4	1.5605915259323173	9.823046953248952e-10	1
6283185.307179586	1754.4544544544544	6	0.43051923287016747	-5.571603552957222e-10	0
6283185.307179586	1170.0700700700702	1	0.06575190619868909	1.8970426945379853e-09	0
6283185.307179586	4975.525525525526	1	0.49092188053450103	-1.4462526570743837e-09	0
6283185.307179586	2637.987987987988	6	1.1480764466402467	1.3791987569880247e-09	0
6283185.307179586	1650.1001001001002	5	-0.4782710941286843	7.377371342655519e-11	1
6283185.307179586	2450.1501501501502	3	1.54775357590233	-1.495510155169261e-11	1
6283185.307179586	2116.2162162162163	5	-1.0056466463819496	-3.9088754528611247e-10	1
6283185.307179586	1796.1961961961963	4	1.113822572402186	1.8724377905351863e-09	0
6283185.307179586	2255.3553553553556	2	0.7211148030722057	3.1342694063850427e-10	1
6283185.307179586	2394.4944944944946	4	-0.3496924827453287	-5.63256465161884e-10	0
6283185.307179586	1886.6366366366367	4	-0.6857472401975134	1.7308838316029594e-09	0
6283185.307179586	2422.322322322322	1	0.2937686710960925	-4.130703296867464e-11	2
6283185.307179586	258.70870870870874	2	0.7486303044193083	7.859306956078246e-10	0
6283185.307179586	3013.6636636636636	7	-1.1964017741775597	-1.007458521170837e-09	1
6283185.307179586	592.6426426426426	3	-0.3599572100868671	1.5665895777859008e-09	0
6283185.307179586	2220.5705705705705	3	-1.5668459997432251	1.0900217603577415e-09	1
6283185.307179586	2157.957957957958	2	-0.9630216683680397	-6.892240969171844e-10	1
6283185.307179586	2797.997997997998	5	0.8094385575582086	9.635497930138968e-10	0
6283185.307179586	891.7917917917919	2	-0.7973814241478064	-1.6659926513776765e-09	0
6283185.307179586	1886.6366366366367	2	0.5310693191944909	-7.689695814707603e-10	0
6283185.307179586	2109.259259259259	5	0.47368819664494577	1.874473905543657e-09	0
6283185.307179586	1072.6726726726727	5	1.4149828225491294	-9.616375289898174e-10	2
6283185.307179586	2874.5245245245246	3	0.7053616174093862	2.220068762422867e-10	1
6283185.307179586	1803.1531531531532	6	-1.3178189708603565	3.5410344575730597e-10	2
6283185.307179586	2095.3453453453453	5	0.6874767219908242	-9.436399374776455e-10	0
6283185.307179586	1072.6726726726727	2	-0.3628401844713378	1.3690212426367693e-09	0
6283185.307179586	467.4174174174174	5	-0.2763352083154671	3.98873916359526e-10	2
6283185.307179586	446.54654654654655	6	1.561950758926717	1.459438691732308e-09	1
6283185.307179586	2248.3983983983985	5	-0.44752481737333594	6.033494387503497e-10	1
6283185.307179586	1211.8118118118118	6	-0.9784882488499508	-8.825086844317608e-10	1
6283185.307179586	1309.2092092092093	5	0.17377395894409764	-5.744121260733656e-10	1
6283185.307179586	1566.6166166166167	5	1.0409825895752713	1.0302404960460681e-10	2
6283185.307179586	2575.3753753753754	6	-0.9721987984495735	7.573519582125e-10	1
6283185.307179586	2004.904904904905	4	1.539019419433652	-1.3809334523913365e-09	1
6283185.307179586	2999.7497497497498	6	1.2556202752128778	-8.556170394138892e-10	1
6283185.307179586	1900.5505505505505	7	-1.479101773431955	1.4162974824100946e-09	2
6283185.307179586	1719.6696696696697	5	0.14089388737490594	8.132799955345291e-10	0
6283185.307179586	2700.6006006006005	4	-0.4213198476939526	-1.2136373727646792e-09	0
6283185.307179586	1587.4874874874874	2	-0.8299579497495657	-1.2219029003103544e-09	0
6283185.307179586	808.3083083083084	6	0.9480574680294835	-1.325578506283765e-09	0
6283185.307179586	2909.3093093093094	3	1.519457776150026	-1.7314198839650614e-09	1
6283185.307179586	1824.0240240240241	3	0.16835564874601538	1.5557907331463e-09	0
6283185.307179586	1907.5075075075076	7	0.9124003775316885	-2.680778823646329e-10	2
6283185.307179586	1977.077077077077	6	-1.5290259869483007	9.021689791501145e-10	2
6283185.307179586	2540.5905905905906	4	1.4612224469268855	7.988368313474895e-10	1
6283185.307179586	1768.3683683683685	4	-0.14031107705541546	2.4240713652754115e-10	1
6283185.307179586	1420.5205205205204	2	1.389735214329396	-4.3513022520093706e-10	2
6283185.307179586	1587.4874874874874	1	-1.267578769554902	-6.589006906728594e-10	1
6283185.307179586	2053.603603603604	3	-0.10018122275105834	1.2464480044196307e-09	0
6283185.307179586	1517.917917917918	6	-0.4113858058861284	-1.3441997033553848e-10	1
6283185.307179586	1914.4644644644645	7	-0.8700131481616991	-1.5570293641027987e-09	0
6283185.307179586	1879.6796796796798	5	1.1961949962253464	-1.1222567372660409e-09	1
6283185.307179586	1350.950950950951	5	0.2011657341914741	-5.146252343951369e-10	1
6283185.307179586	1490.0900900900901	6	1.0685327524874757	-9.44708137928585e-10	1
6283185.307179586	1740.5405405405406	1	-1.4006964101398212	-3.436662086044371e-10	2
6283185.307179586	1657.0570570570571	2	-1.4012444814082723	-1.955906987031327e-09	2
6283185.307179586	1455.3053053053054	3	-0.16140328280483884	-1.6028713559864172e-09	0
6283185.307179586	2053.603603603604	7	0.08063160659182045	3.426082605793139e-10	2
6283185.307179586	2317.967967967968	7	0.05892495206089521	9.352483010078107e-10	0
6283185.307179586	1260.5105105105106	3	1.0427146193158388	-1.896746197329802e-09	0
6283185.307179586	1135.2852852852852	3	1.0651152846393144	9.645402427600638e-10	1
6283185.307179586	3438.038038038038	1	-0.4369800374643882	1.1782899245776482e-09	0
6283185.307179586	752.6526526526527	5	1.2150911974729808	3.706424792479805e-10	2
6283185.307179586	2331.881881881882	6	0.32717889267415656	1.3971469476940609e-09	0
6283185.307179586	1698.7987987987988	1	-0.25855253599567085	-1.7813977488749024e-09	0
6283185.307179586	2408.4084084084084	4	1.337098399915464	1.5287134383537292e-09	2
6283185.307179586	2102.3023023023025	2	-1.0140488950057058	2.4780061076615447e-10	1
6283185.307179586	1385.7357357357357	3	-0.3268011008276712	-1.3947872568529666e-09	0
6283185.307179586	1830.980980980981	7	0.03636767723324286	9.607101379728941e-10	0
6283185.307179586	1775.3253253253254	7	1.557168624991705	1.1465322819592844e-09	2
6283185.307179586	1984.034034034034	6	-1.43736839687985	-1.35483725567968e-09	1
6283185.307179586	1448.3483483483483	4	-1.361273551553749	3.4836868684411226e-10	2
6283185.307179586	2290.1401401401404	7	1.1921850229283608	1.7682151904945434e-09	0
6283185.307179586	919.6196196196197	7	1.3806990494597629	1.355888126761363e-09	1
6283185.307179586	1267.4674674674675	7	-0.800428435848807	-1.3816865419219964e-09	0
6283185.307179586	1469.2192192192192	2	0.4125398381291905	-1.3150658630451395e-09	0
6283185.307179586	1566.6166166166167	5	0.779011720554593	-1.4530456869196732e-09	0
6283185.307179586	884.8348348348349	4	0.05572211652585812	4.913336293520939e-10	2
6283185.307179586	1733.5835835835837	1	-0.8660560513498923	1.862445489287545e-09	0
6283185.307179586	989.1891891891892	6	-1.4415935692693571	-1.3211430498120058e-09	1
6283185.307179586	1330.08008008008	3	-0.651067881422324	-1.4717443131277e-09	0
6283185.307179586	1079.6296296296296	2	-1.3876665214376944	6.90101919722733e-10	2
6283185.307179586	1594.4444444444446	4	0.2290915918458647	1.4043875175824758e-09	0
6283185.307179586	2992.792792792793	6	-0.4802681362428267	1.3267235547632125e-09	0
6283185.307179586	2596.2462462462463	4	-1.0705311805669309	7.099166210203221e-10	2
6283185.307179586	1337.0370370370372	6	-1.34959454042302	3.4740417834915333e-10	2
6283185.307179586	1559.6596596596596	7	-1.5637121574599275	-1.4912809558265865e-09	2
6283185.307179586	1357.9079079079079	6	-0.1616944024685245	-7.899642246478553e-10	0
6283185.307179586	2123.1731731731734	7	1.0380492382048456	1.0455005225044001e-10	2
6283185.307179586	1037.887887887888	5	-0.5503767526601397	-1.25791127446143e-09	0
6283185.307179586	627.4274274274275	4	-0.22456945892788016	7.822291794564854e-10	1
6283185.307179586	3201.5015015015015	6	-0.8490945637717855	-1.7422679722037958e-09	0
6283185.307179586	2241.4414414414414	1	-1.3631070290722962	1.093281064010437e-09	2
6283185.307179586	1107.4574574574574	1	-0.8096969480639232	1.7899301541457212e-09	0
6283185.307179586	947.4474474474474	1	-0.6968488684778582	4.3638300632887035e-10	1
6283185.307179586	3097.1471471471473	7	0.07083763157843181	3.502499093656136e-10	2
6283185.307179586	1949.2492492492493	5	-0.17167979880942852	-1.0753235321786376e-09	0
6283185.307179586	2811.911911911912	4	0.5337923324135407	-1.3103984845169734e-09	0
6283185.307179586	1559.6596596596596	1	-0.5518551101626059	-1.5582866187783312e-09	0
6283185.307179586	606.5565565565565	1	-0.16286396032642037	2.161231766526147e-10	0
6283185.307179586	1448.3483483483483	7	1.1537563177851102	-1.0173236486719128e-09	1
6283185.307179586	773.5235235235235	1	-0.36996588590983026	1.8426770140783729e-09	0
6283185.307179586	1399.6496496496497	1	0.30007525576211047	-1.0338093040123756e-09	0
6283185.307179586	376.97697697697697	6	1.49886961777228	1.943192782577254e-09	1
6283185.307179586	1886.6366366366367	6	1.3628273672683244	6.8147705476453e-10	2
6283185.307179586	2777.127127127127	3	-1.032213244482341	1.947178510081647e-09	0
6283185.307179586	2693.643643643644	1	0.48975247918672826	-6.38072462164582e-10	0
6283185.307179586	1664.014014014014	5	-1.3203082616379986	-1.84619893420399e-09	1
6283185.307179586	1469.2192192192192	4	-1.2837348279580958	-1.7744616832183306e-09	1
6283185.307179586	1677.927927927928	6	-0.749961970886375	1.8252416381263983e-09	0
6283185.307179586	2018.818818818819	6	0.8515848148148808	-1.0539514363300292e-09	0
6283185.307179586	474.3743743743744	3	-0.49008970889033066	-1.7467838441456785e-09	0
6283185.307179586	3104.1041041041044	7	1.094699669835245	3.9096986741899754e-10	1
6283185.307179586	975.2752752752752	6	-0.4535249534732353	-7.011153042604956e-10	0
6283185.307179586	1107.4574574574574	7	0.5974131449944338	-9.72641537283875e-10	0
6283185.307179586	815.2652652652653	7	0.29735967332319624	1.3219181178076267e-09	1
6283185.307179586	1267.4674674674675	2	1.0314133189992454	1.4022161977334984e-09	0
6283185.307179586	1705.755755755756	6	-0.8296263944285397	1.7029733061941143e-09	0
6283185.307179586	2234.4844844844847	1	-0.8457259256333556	8.271564992005502e-10	0
6283185.307179586	2067.5175175175173	5	-0.08337306631414743	-1.7713925801645975e-09	0
6283185.307179586	1497.047047047047	5	0.5044330564479873	8.54641725290991e-10	0
6283185.307179586	1378.7787787787788	5	0.1645356867215899	-1.8937530731561083e-09	0
6283185.307179586	1587.4874874874874	7	0.8654462593663022	1.0013064599592532e-09	1
6283185.307179586	3333.6836836836837	6	-1.0275175301013104	7.006054646347018e-11	2
6283185.307179586	2025.7757757757759	3	-1.0534960558274116	-1.8177991996101885e-09	0
6283185.307179586	2102.3023023023025	6	1.2975513870518283	-9.904104166424994e-12	2
6283185.307179586	2575.3753753753754	7	0.20059182482651483	3.9895235794596115e-10	2
6283185.307179586	2839.73973973974	7	0.8767374373900587	-1.639611374751684e-09	0
6283185.307179586	2373.6236236236236	4	-1.0979980569219774	9.304704901993864e-10	1
6283185.307179586	1691.8418418418419	7	-1.357771694804963	6.081481064660423e-11	2
6283185.307179586	905.7057057057058	1	-1.3572918435875205	3.445540169888555e-10	1
6283185.307179586	1872.7227227227227	2	-1.1950395456197378	5.030977973989398e-10	2
6283185.307179586	1984.034034034034	1	-0.27354261224366994	7.751935263824545e-10	0
6283185.307179586	1357.9079079079079	3	-1.1731289932397742	-1.7891148081898322e-09	0
6283185.307179586	1246.5965965965966	2	-0.7502338875411795	-1.5212089566592544e-09	0
6283185.307179586	1851.851851851852	4	-1.0648372317402475	-1.4004018904260681e-09	0
6283185.307179586	1392.6926926926926	3	-0.8772655394345299	1.5444801714990822e-09	0
6283185.307179586	1775.3253253253254	5	-0.17451817684553883	3.472720307046139e-10	2
6283185.307179586	530.03003003003	4	-0.16617051538708782	1.7176706681754027e-09	0
6283185.307179586	1044.8448448448448	1	0.4601950969111237	1.1237717981927e-09	0
6283185.307179586	1803.1531531531532	4	-0.07559396889916492	-6.031857262719705e-10	0
6283185.307179586	4126.776776776776	2	-0.4374139002270596	1.5802823605792626e-09	0
6283185.307179586	1170.0700700700702	2	-0.8555579492798366	1.8035931990391749e-09	0
6283185.307179586	1726.6266266266266	1	0.8099743468228331	-1.1607156277607126e-09	0
6283185.307179586	2130.13013013013	3	0.2972306396355533	5.399506662858907e-10	0
6283185.307179586	2888.4384384384384	4	0.7250758942676829	-7.66734259129044e-10	0
6283185.307179586	2248.3983983983985	5	1.390893455407074	1.8320061802460049e-09	1
6283185.307179586	1914.4644644644645	7	-0.9083661392801846	1.3733789940272412e-09	0
6283185.307179586	1851.851851851852	6	0.8957841381261056	-1.7163202723244587e-09	0
6283185.307179586	2860.610610610611	7	0.1894498277546266	1.97989906802691e-09	0
6283185.307179586	933.5335335335336	4	1.5654819030535227	1.6570301616823633e-09	2
6283185.307179586	1650.1001001001002	6	0.2474085032868938	3.161645335432087e-10	2
6283185.307179586	1420.5205205205204	3	1.2605576478506912	-4.728623384027029e-10	1
6283185.307179586	1650.1001001001002	1	-0.5650941421517124	-1.469058693371257e-09	0
6283185.307179586	1093.5435435435436	1	0.4467664594272578	3.40186248252659e-10	1
6283185.307179586	2067.5175175175173	5	-1.088772790946421	-1.0466535331677207e-09	1
6283185.307179586	3291.941941941942	5	0.22343770460917067	-2.827046754313076e-10	2
6283185.307179586	1350.950950950951	5	1.1613514854769518	-1.3917472177427597e-09	1
6283185.307179586	1420.5205205205204	2	1.0006813993190935	1.0643544427120091e-09	0
6283185.307179586	2561.4614614614616	4	0.28667417044110866	-1.9436506442059565e-09	0
6283185.307179586	2304.054054054054	5	-1.197362654533884	-1.5590246051697867e-09	0
6283185.307179586	1566.6166166166167	5	1.2304390875335338	-1.5484152776861128e-10	1
6283185.307179586	258.70870870870874	4	-0.6211546013713073	5.775122099119137e-10	1
6283185.307179586	1810.11011011011	2	-0.6602581702078456	-1.9891815615692297e-09	0
6283185.307179586	1803.1531531531532	7	-0.9963312008699127	3.9895013109800297e-10	2
6283185.307179586	2408.4084084084084	6	-1.243164865498072	5.147014504087703e-10	1
6283185.307179586	1378.7787787787788	5	0.15996536775181802	9.030553592061217e-10	0
6283185.307179586	2971.921921921922	4	-0.7130127732128867	1.0248721002557231e-09	0
6283185.307179586	759.6096096096096	6	-0.6355237522923789	-8.694195924352323e-10	0
6283185.307179586	1288.3383383383384	4	1.092254245197862	-1.1272460479758326e-09	1
6283185.307179586	2422.322322322322	2	0.026115219196197526	-1.8902934975452427e-09	0
6283185.307179586	2074.474474474475	4	-1.1550257036636948	4.1190028848169266e-10	1
6283185.307179586	1420.5205205205204	2	-1.406059107501707	7.491573130667288e-10	1
6283185.307179586	1594.4444444444446	4	-0.2465404360585295	-1.8380687811214497e-09	0
6283185.307179586	1260.5105105105106	5	1.11113466634256	-1.8235869125319436e-09	0
6283185.307179586	2749.2992992992995	4	1.3892384642246376	-1.708523170038488e-09	1
6283185.307179586	2067.5175175175173	6	1.1185956819274572	4.867834338988431e-10	1
6283185.307179586	2345.795795795796	3	1.0450397121641086	1.8972438042875277e-09	0
6283185.307179586	1851.851851851852	6	1.0715741487970005	1.828873394422197e-09	0
6283185.307179586	2241.4414414414414	7	-1.4010407735441865	-1.3844491354858723e-09	2
6283185.307179586	2032.7327327327328	6	1.4468063485149245	1.1392160632177962e-09	2
6283185.307179586	2985.835835835836	2	-0.7809541186595248	7.36225114388263e-11	1
6283185.307179586	1490.0900900900901	4	0.027044801560944354	-1.6153976576911356e-09	0
6283185.307179586	1657.0570570570571	6	-1.1748339569803974	5.928718353344257e-11	1
6283185.307179586	968.3183183183183	3	-1.5087573023310514	-1.4248401927608533e-09	2
6283185.307179586	3034.5345345345345	4	0.26367719874071294	-9.041872417801203e-10	0
6283185.307179586	4509.40940940941	3	0.8105839557266603	1.9705973948629207e-09	0
6283185.307179586	1497.047047047047	4	1.2376904737123087	1.888528017095508e-09	0
6283185.307179586	933.5335335335336	2	1.3979957471581677	-7.822695096331823e-10	1
6283185.307179586	2060.5605605605606	7	0.5971819812845878	6.032611574962447e-10	1
6283185.307179586	1079.6296296296296	3	0.816629244610263	1.3998486241994863e-09	0
6283185.307179586	557.8578578578579	3	-0.06721288511247092	-1.5391201289954319e-09	0
6283185.307179586	2199.6996996997	1	0.9338992297055433	-1.2394831040011989e-09	0
6283185.307179586	1865.7657657657658	3	-1.061273049468595	7.806782112102111e-10	1
6283185.307179586	954.4044044044044	2	0.030454615447656153	-3.170766994301012e-10	2
6283185.307179586	724.8248248248249	7	1.3390975741700002	1.0379650005220233e-09	2
6283185.307179586	2206.6566566566567	5	-0.9057609839398642	1.0733423732669068e-09	0
6283185.307179586	655.2552552552553	3	-0.43916863531766603	1.1552560488310486e-09	0
6283185.307179586	1190.940940940941	6	-0.2705320453597124	6.241897734938443e-10	1
