axial trapping frequency (MHz) 	 velocity(m/s) 	 ion collided with 	 angle(rads) 	 collision offset(m) 	 reorder? (1 is reorder 2 is ejection) 
6283185.307179586	1378.7787787787788	7	-1.2502504621825552	1.76316473312543e-09	1
6283185.307179586	1559.6596596596596	5	-1.3886779208134692	-9.743293037298648e-10	2
6283185.307179586	1239.6396396396397	7	1.3024380071197155	1.7350113852348387e-09	2
6283185.307179586	2992.792792792793	1	-0.30849098382611384	-1.3408316862487435e-09	0
6283185.307179586	1100.5005005005005	1	-0.06711367882352093	-4.6559433426751173e-10	1
6283185.307179586	1747.4974974974975	2	-0.12688276370530094	-1.103827984506453e-09	0
6283185.307179586	1643.143143143143	3	0.16581001974852128	-8.678081447184641e-10	0
6283185.307179586	2624.0740740740744	7	-0.9263969563965502	1.588987852300257e-09	0
6283185.307179586	2665.8158158158158	4	0.5073546966103866	-9.825191093698784e-10	0
6283185.307179586	1657.0570570570571	5	-1.433846812086613	-1.180224742569107e-09	1
6283185.307179586	3424.124124124124	2	-0.9886922095969833	-1.6528016532188793e-09	0
6283185.307179586	2429.2792792792793	5	-1.0238010368960415	-3.6206839730016735e-11	2
6283185.307179586	2130.13013013013	6	-0.11504180499738959	-7.714216687347623e-10	0
6283185.307179586	2596.2462462462463	5	1.402419518166659	-1.018827629794379e-09	2
6283185.307179586	1490.0900900900901	1	1.475958583044553	-1.9011985693676933e-09	2
6283185.307179586	3479.77977977978	3	-1.4517192113186779	-8.820708547456571e-11	1
6283185.307179586	2568.4184184184187	7	-1.142785327000754	-1.4958991541188672e-09	0
6283185.307179586	439.5895895895896	4	1.4188919110919662	8.492456182960171e-10	1
6283185.307179586	1434.4344344344345	4	-0.9438592258939801	6.177355712044944e-10	1
6283185.307179586	2269.2692692692694	3	-0.38237812195851517	1.5887698264654158e-09	0
6283185.307179586	1337.0370370370372	2	-0.9883512655331399	-1.4619948665332761e-09	0
6283185.307179586	1114.4144144144145	3	-0.7707422405631572	1.8073484193069529e-09	0
6283185.307179586	2902.352352352352	6	-0.5563620778118923	-1.1389158769739472e-09	0
6283185.307179586	1093.5435435435436	4	-0.6932579456615416	-1.0614552507777947e-09	0
6283185.307179586	1684.884884884885	3	0.43633623115074016	8.734469849912718e-11	1
6283185.307179586	1949.2492492492493	2	-0.37181289830127184	-4.441254639096272e-10	2
6283185.307179586	543.943943943944	2	0.33441807699689696	8.688534834435464e-11	0
6283185.307179586	2317.967967967968	3	-1.085475235701052	4.257901517160785e-10	2
6283185.307179586	2095.3453453453453	4	0.27310872129283625	6.374028351750287e-11	1
6283185.307179586	2297.097097097097	1	-0.12712171641281622	8.396023029289752e-10	0
6283185.307179586	2164.914914914915	2	-1.1634889296117596	-2.09026421783212e-10	1
6283185.307179586	2262.3123123123123	1	0.446335764711717	1.743900213842812e-09	0
6283185.307179586	1615.3153153153153	3	-0.4497509448790733	-1.4328319964628778e-10	2
6283185.307179586	2714.5145145145148	6	-0.641973746671818	2.7065940782367378e-11	2
6283185.307179586	1650.1001001001002	5	-0.40805656022141745	-1.4265463301229904e-09	0
6283185.307179586	1684.884884884885	1	-1.2806408843715789	9.84975754497843e-10	2
6283185.307179586	1552.7027027027027	5	-0.708010059389971	-3.712040561325578e-10	2
6283185.307179586	1469.2192192192192	7	1.3714673923029514	-9.401632347113419e-11	1
6283185.307179586	1587.4874874874874	2	1.0997483987489058	-1.072036494279716e-09	2
6283185.307179586	1288.3383383383384	5	0.21499493350872112	1.7459988418059303e-09	0
6283185.307179586	1928.3783783783783	7	0.9640782694741694	-9.364315709596315e-10	0
6283185.307179586	2686.6866866866867	4	1.4946449870616072	1.1174773419546876e-09	1
6283185.307179586	1601.4014014014015	6	0.2848139131620726	1.1802296421241339e-09	0
6283185.307179586	2749.2992992992995	2	0.8538369970632971	-7.851565277613902e-11	2
6283185.307179586	1420.5205205205204	5	-1.1935620479549818	9.096176381945958e-10	1
6283185.307179586	1608.3583583583584	2	0.2666629134758445	-1.8355390140902634e-10	2
6283185.307179586	1643.143143143143	1	0.6692228388613208	-1.812474696805464e-09	0
6283185.307179586	1594.4444444444446	4	0.48974604823244094	-8.381518121235942e-10	0
6283185.307179586	1086.5865865865867	2	1.0190609780411095	1.2958511938711328e-09	0
6283185.307179586	2130.13013013013	4	1.4431971369665906	1.9848467074685397e-09	2
6283185.307179586	870.9209209209209	1	-0.8989402131597274	-7.731500184484212e-10	1
6283185.307179586	223.92392392392392	3	-1.4444481722323324	1.6500623781458464e-09	1
6283185.307179586	3396.2962962962965	3	1.4616569497668102	3.4002331130609946e-10	1
6283185.307179586	1670.970970970971	5	-1.5243376419562635	1.5449770394673174e-09	1
6283185.307179586	2568.4184184184187	2	0.6556849552822079	4.041027738688044e-10	1
6283185.307179586	1371.821821821822	6	0.7290067997959402	1.6673776295463312e-09	0
6283185.307179586	2227.5275275275276	1	-0.8386866622366852	1.7734872416669873e-09	0
6283185.307179586	1928.3783783783783	4	0.7145411675896218	-1.5325293157315284e-09	0
6283185.307179586	1204.854854854855	6	0.08173185233055924	-1.184958726725182e-09	0
6283185.307179586	1434.4344344344345	3	-0.5177961459809237	1.2799379850010779e-10	1
6283185.307179586	1441.3913913913914	5	-1.2451606409773999	-5.038448042611701e-10	1
6283185.307179586	1705.755755755756	3	-1.013987062028718	-1.7987506053377349e-09	0
6283185.307179586	1650.1001001001002	3	-0.3070919039763995	3.2631809108066446e-10	1
6283185.307179586	1963.1631631631633	3	-1.047771305359242	2.525016066456929e-11	1
6283185.307179586	1170.0700700700702	2	1.2639065073979339	-1.9126893819634456e-09	2
6283185.307179586	1267.4674674674675	7	0.23579566568944732	7.527774975844192e-10	2
6283185.307179586	2297.097097097097	4	-1.030978732298528	-6.978617746455914e-10	2
6283185.307179586	2944.094094094094	7	-0.8347587097316139	-5.782310691925311e-10	1
6283185.307179586	1225.7257257257259	5	-0.19763261263095622	1.0283895441274547e-09	0
6283185.307179586	912.6626626626627	5	0.9570357555077598	1.0399204131891773e-09	2
6283185.307179586	2269.2692692692694	2	-0.4844096858414375	-1.107650736235511e-09	0
6283185.307179586	1288.3383383383384	1	1.0519094974192522	-1.6058539834115457e-10	1
6283185.307179586	2839.73973973974	2	-0.23646775698686584	1.1453965116478333e-09	0
6283185.307179586	968.3183183183183	4	-0.8176613247849309	-1.05328803157648e-09	0
6283185.307179586	1163.113113113113	3	0.3451021813343571	-4.995615318484218e-10	1
6283185.307179586	1963.1631631631633	3	1.2515998302415925	9.860732479520388e-10	1
6283185.307179586	1719.6696696696697	5	0.7953830021259471	3.4722427497620417e-10	1
6283185.307179586	1051.801801801802	1	-1.2206474356061363	-7.194670410054191e-10	2
6283185.307179586	2484.934934934935	1	0.7765059725189776	-7.519413433377405e-10	1
6283185.307179586	2429.2792792792793	1	1.2712347652204095	-8.48779852532541e-10	2
6283185.307179586	2707.5575575575576	2	0.7156382874888059	-4.820366331015952e-10	1
6283185.307179586	703.9539539539539	4	-1.4045611669630227	1.8089905000490267e-09	1
6283185.307179586	1204.854854854855	4	-0.9331438066134579	-1.285118835289625e-09	0
6283185.307179586	2422.322322322322	2	-1.467560794408922	-1.8926888143406785e-09	1
6283185.307179586	1650.1001001001002	3	-0.41136023890729123	1.2491412666749384e-09	0
6283185.307179586	870.9209209209209	2	-0.9808641330946152	-2.7666809684892975e-10	2
6283185.307179586	1824.0240240240241	4	-0.27014261559030905	5.21246973555561e-10	1
6283185.307179586	1239.6396396396397	5	-1.0008950769611555	-1.4435792725499016e-09	0
6283185.307179586	1615.3153153153153	3	0.5189259621931326	1.352287165613958e-09	0
6283185.307179586	2867.5675675675675	3	-1.527508425804906	4.020710189531434e-10	1
6283185.307179586	1907.5075075075076	6	-0.9655570764372421	-8.106958949745246e-10	1
6283185.307179586	2978.878878878879	1	-0.12952773346018898	1.5632756365222738e-09	0
6283185.307179586	1274.4244244244244	1	-1.4111489278641294	-1.475565101162319e-09	1
6283185.307179586	1337.0370370370372	6	0.10856837481402293	-1.8416020698391062e-09	0
6283185.307179586	1232.6826826826828	4	-0.46279658140454716	5.997649049846345e-10	1
6283185.307179586	3396.2962962962965	6	1.0886391954582204	1.4163689805850853e-09	0
6283185.307179586	2109.259259259259	5	0.5881363949224081	2.1186939907860003e-10	1
6283185.307179586	1789.2392392392394	2	1.2691451865536871	1.8737142348954134e-09	0
6283185.307179586	1455.3053053053054	1	0.34840710820497534	1.1637909414574974e-09	0
6283185.307179586	1629.2292292292293	2	0.5608634099361018	-1.2505350772357313e-10	1
6283185.307179586	1636.1861861861862	2	1.5661328490297333	1.4764051940428144e-10	1
6283185.307179586	2004.904904904905	1	1.2388534637500892	1.0722499675281196e-09	1
6283185.307179586	1093.5435435435436	4	1.0235928040817406	1.0986185658880146e-09	1
6283185.307179586	3271.071071071071	5	1.5442512559820045	-5.024724066594803e-10	1
6283185.307179586	1531.8318318318318	3	0.7250395671533076	-1.2827582519751163e-09	0
6283185.307179586	3598.0480480480483	7	-1.1064871651708486	-1.9174793544073458e-09	0
6283185.307179586	1858.8088088088089	2	1.4014340489051142	1.4102803392205155e-09	2
6283185.307179586	3472.822822822823	1	0.21738299596442157	9.631884004373066e-10	0
6283185.307179586	836.1361361361362	7	-1.12989066959412	1.228241581943206e-09	2
6283185.307179586	1970.1201201201202	3	0.519376410112808	-2.9808239709482465e-10	1
6283185.307179586	397.84784784784785	3	0.7417521199657995	-1.748408114372326e-09	1
6283185.307179586	1023.973973973974	2	1.110498528862668	1.5808088323848936e-09	0
6283185.307179586	1156.1561561561562	6	1.2139281402701014	5.815124620973605e-10	2
6283185.307179586	1434.4344344344345	5	-0.5669696865285601	-1.3647896732432563e-09	0
6283185.307179586	919.6196196196197	6	0.9725887019377928	-1.2755490864193093e-09	0
6283185.307179586	3354.5545545545547	1	-0.3089575471256547	-1.7638243546966976e-09	0
6283185.307179586	1156.1561561561562	4	-0.14485678347064468	-1.6001908992344167e-09	0
6283185.307179586	2603.2032032032034	4	0.9151854141996765	-6.884514418376424e-11	2
6283185.307179586	265.66566566566564	6	0.6463016661328918	1.270086603075005e-09	0
6283185.307179586	1657.0570570570571	7	-0.8312577871831867	-1.3341919757483231e-09	0
6283185.307179586	1392.6926926926926	7	-0.7380886948282337	1.9720054560973368e-09	0
6283185.307179586	1726.6266266266266	2	-1.0633781149690007	1.429950838592481e-09	0
6283185.307179586	1399.6496496496497	1	0.22014494403797435	-1.3733221491607552e-10	1
6283185.307179586	2074.474474474475	1	-1.4206647092997653	5.240112569211862e-10	2
6283185.307179586	571.7717717717718	6	-0.2662970763247845	1.8214647014775215e-09	0
6283185.307179586	2102.3023023023025	2	-1.5304549074123979	-1.8493884134727982e-09	1
6283185.307179586	982.2322322322323	1	0.7720689508200835	2.2621900309866176e-10	1
6283185.307179586	1775.3253253253254	2	-0.5409894117862355	-1.8732734800386445e-09	0
6283185.307179586	1225.7257257257259	7	1.328061066328694	-6.320067404653554e-11	2
6283185.307179586	1615.3153153153153	2	-1.241148812400797	-4.014224500725696e-10	1
6283185.307179586	836.1361361361362	2	-1.0843949756019795	-1.083324155353663e-09	1
6283185.307179586	2999.7497497497498	6	-0.13073831948782977	-4.544379420273509e-10	1
6283185.307179586	996.1461461461462	4	0.9445559883203694	-8.188182914423332e-10	2
6283185.307179586	1851.851851851852	4	0.5214540965654315	-1.879880921124306e-09	0
6283185.307179586	1643.143143143143	1	0.7936449047180596	-1.3220499976324432e-09	0
6283185.307179586	1392.6926926926926	5	-0.8826632031896108	-1.979198256258787e-09	0
6283185.307179586	2707.5575575575576	5	0.7772738128051992	1.2990061271861292e-09	0
6283185.307179586	1483.1331331331332	7	-0.12925245347273373	-6.351499482075528e-10	0
6283185.307179586	2568.4184184184187	5	0.6603668504065987	-6.976556960798775e-10	0
6283185.307179586	3076.2762762762763	2	-0.1446663306786249	1.1183971512244934e-09	0
6283185.307179586	2457.1071071071074	2	-0.5605086826794055	5.298994387742474e-10	0
6283185.307179586	780.4804804804805	3	0.5003376827379107	1.2850406832592642e-09	0
6283185.307179586	2582.3323323323325	7	0.658183955579243	1.4330386982270813e-09	0
6283185.307179586	2902.352352352352	6	0.20172503823823607	-1.69591334813616e-09	0
6283185.307179586	1740.5405405405406	6	1.2016363845811164	9.77198296302923e-10	2
6283185.307179586	2610.16016016016	7	1.131338078886285	5.5218634887087324e-11	2
6283185.307179586	2004.904904904905	7	-1.1285083853864546	5.868229109758512e-10	2
6283185.307179586	1747.4974974974975	3	-1.4691984682412556	8.402585249117738e-10	1
6283185.307179586	2102.3023023023025	3	-0.16494051932393683	-1.6292559987239686e-09	0
6283185.307179586	2811.911911911912	2	-1.2151631463824613	3.2255374105835816e-10	1
6283185.307179586	1093.5435435435436	3	-0.18163368195634444	6.512776606838337e-10	0
6283185.307179586	1065.7157157157158	2	-0.19191393316956495	-7.615777277590614e-10	1
6283185.307179586	940.4904904904905	6	-0.05559701393850047	1.7933373655189186e-09	0
6283185.307179586	1712.7127127127128	6	-1.5182711701963871	-1.8226742606273307e-09	1
6283185.307179586	1072.6726726726727	2	-1.352429512582692	-1.4916211006224867e-09	1
6283185.307179586	1392.6926926926926	2	-1.275375080880411	-8.122380890729452e-10	1
6283185.307179586	2018.818818818819	3	-1.0486564564606629	1.6241448871741866e-09	0
6283185.307179586	1142.2422422422424	7	-0.4029262451516491	3.784567324249487e-10	2
6283185.307179586	1907.5075075075076	2	0.8322511153530003	-1.7333616876751044e-09	0
6283185.307179586	1003.1031031031031	2	-0.6760500687041843	1.042731803098781e-09	0
6283185.307179586	1817.0670670670672	7	-0.9168278495739399	1.86876782476424e-09	0
6283185.307179586	1907.5075075075076	4	-1.2855459736285952	2.089651101098623e-10	2
6283185.307179586	1316.1661661661662	7	-1.1395063925904956	8.934180660362608e-10	2
6283185.307179586	2624.0740740740744	2	1.4975123230034812	-1.321284960018894e-09	1
6283185.307179586	1316.1661661661662	5	-0.2974257297582683	-3.924374745908539e-10	1
6283185.307179586	1559.6596596596596	1	1.1822638548425397	-6.933134324042723e-10	2
6283185.307179586	2185.7857857857857	2	0.15656499738408258	1.6115381459328346e-09	0
6283185.307179586	2018.818818818819	5	0.05688613850102997	-1.5831864840141254e-09	0
6283185.307179586	1942.2922922922924	3	-1.301936798058973	1.1584870586539711e-09	1
6283185.307179586	3284.984984984985	6	0.17733587099040204	2.510037494187865e-10	2
6283185.307179586	2554.5045045045044	2	0.9135460664521506	-1.844478307928902e-09	0
6283185.307179586	1970.1201201201202	4	0.6161815190527014	1.1776804466409727e-09	0
6283185.307179586	696.996996996997	4	0.736473803717522	6.087530739231665e-10	1
6283185.307179586	1636.1861861861862	2	-0.952751732820691	7.360564850978542e-10	1
6283185.307179586	2039.6896896896897	4	-1.5445011166534843	1.9556921839498942e-10	2
6283185.307179586	2213.613613613614	6	0.5477465749666126	1.3882535031555467e-09	0
6283185.307179586	1817.0670670670672	2	1.1585104327042548	-1.0582961838538588e-09	2
6283185.307179586	2123.1731731731734	5	0.04936716075065739	-1.8031446707112094e-09	0
6283185.307179586	1455.3053053053054	1	-1.4239726710849223	-6.840261511139978e-11	2
6283185.307179586	3006.706706706707	1	0.4748834506112396	-1.1048813110559484e-09	0
6283185.307179586	1601.4014014014015	2	-0.7586990467894458	-9.384844689944378e-10	0
6283185.307179586	3709.3593593593596	4	0.3193763294714691	2.054452127834424e-10	2
6283185.307179586	2464.064064064064	2	1.0660453193968218	-2.698082436163496e-10	2
6283185.307179586	1545.7457457457458	7	-1.0713883913285531	-5.372091641200556e-10	2
6283185.307179586	731.7817817817818	2	-0.10913131714427027	-4.3256156668998174e-10	2
6283185.307179586	1900.5505505505505	6	1.5272974483719546	-1.4224381856504303e-10	1
6283185.307179586	1385.7357357357357	4	1.4704985037750777	-4.5585313944084903e-10	2
6283185.307179586	564.8148148148148	7	0.28235313523672767	-5.609143812536199e-11	0
6283185.307179586	1267.4674674674675	4	-1.5558360164258127	8.352339273693809e-10	1
6283185.307179586	1399.6496496496497	5	1.2748946452125147	1.378010033614983e-09	1
6283185.307179586	3660.6606606606606	1	1.4117145493816077	1.365182325884447e-09	1
6283185.307179586	1817.0670670670672	4	-0.1240410681118076	-1.1676575583798245e-09	0
6283185.307179586	1524.8748748748749	3	-0.25074931664094047	-1.9490595620617514e-09	0
6283185.307179586	1921.4214214214214	7	0.6451458730555188	1.705895357215596e-10	2
6283185.307179586	1211.8118118118118	2	1.3265173438748947	-4.835144518269906e-10	1
6283185.307179586	439.5895895895896	2	0.6412403266994704	1.0897912858380275e-09	0
6283185.307179586	1510.960960960961	5	1.0055498390011546	1.865783015216327e-09	0
6283185.307179586	1851.851851851852	7	1.0112352593504248	5.94546787684112e-11	1
6283185.307179586	1559.6596596596596	6	0.593700577795544	-9.264679398874087e-10	0
6283185.307179586	2728.4284284284286	4	-1.0935095209249794	9.979778589049633e-10	1
6283185.307179586	1545.7457457457458	7	-1.2698585948540206	5.560950371509067e-10	2
6283185.307179586	1504.004004004004	2	-1.3802510569849231	1.7420056834335317e-09	1
6283185.307179586	1650.1001001001002	2	0.8754256063191441	3.9469906039162147e-11	1
6283185.307179586	1664.014014014014	7	0.717541435510348	-1.5145531869909445e-09	0
6283185.307179586	2352.7527527527527	5	-0.965910291005663	-1.752420338568298e-09	0
6283185.307179586	1733.5835835835837	6	-0.9669465212822923	-1.4854841981022328e-09	0
6283185.307179586	2102.3023023023025	7	1.351486339454448	-1.92004173039327e-09	1
6283185.307179586	1935.3353353353355	4	1.233650737139849	-1.8809660364424365e-09	0
6283185.307179586	801.3513513513514	6	0.5629893115840363	8.362576413785192e-10	2
6283185.307179586	1357.9079079079079	3	1.4623669661434286	1.7189263107055266e-09	1
6283185.307179586	3020.6206206206207	6	-0.09625214283404926	-1.89148040189162e-10	2
6283185.307179586	1761.4114114114116	7	0.46670188964199166	1.5408960596761891e-09	0
6283185.307179586	1796.1961961961963	3	0.7185771660785139	1.472384142663951e-09	0
6283185.307179586	1636.1861861861862	6	-0.7601936690803105	-1.2216121624486093e-09	0
6283185.307179586	961.3613613613613	5	-0.06885042288763144	-1.5664118444284606e-09	0
6283185.307179586	1253.5535535535537	4	-1.0965894847709035	1.2140246176774516e-09	1
6283185.307179586	1963.1631631631633	6	-0.1811541206845304	1.7800276205430902e-09	0
6283185.307179586	2171.871871871872	2	-1.1451379355334037	1.0052820499317e-10	1
6283185.307179586	2046.6466466466468	1	0.939660757179575	1.7734810619033435e-09	0
6283185.307179586	1740.5405405405406	1	1.3584943273363796	-1.106846835918086e-09	2
6283185.307179586	1114.4144144144145	4	0.8897490163692274	-8.89980047373324e-10	1
6283185.307179586	947.4474474474474	5	-0.22771042929974317	1.2299880620573903e-10	1
6283185.307179586	1364.864864864865	5	0.7788612397381494	1.9579374759161224e-09	0
6283185.307179586	2735.3853853853852	1	-0.4515432016905583	-2.987393933281882e-10	1
6283185.307179586	3104.1041041041044	1	0.12383668723822971	-2.9818870614214214e-11	2
6283185.307179586	1183.983983983984	6	1.409621418933666	-1.5545835276623055e-09	1
6283185.307179586	2116.2162162162163	1	0.3116696557393659	-1.2249891682444747e-09	0
6283185.307179586	1524.8748748748749	4	0.2715519957295107	-1.2077626709484557e-09	0
6283185.307179586	1664.014014014014	3	-0.5531403591018937	-1.98181418085443e-09	0
6283185.307179586	2137.087087087087	2	0.7276241033012534	-1.021001416667534e-09	0
6283185.307179586	2359.70970970971	7	0.06548722048525035	-1.6751302793974153e-09	0
6283185.307179586	940.4904904904905	6	-1.4152117078426942	-1.4730219141624074e-09	2
6283185.307179586	370.02002002002	5	-1.1469416556665273	8.676640334185069e-10	2
6283185.307179586	2373.6236236236236	6	1.5270329112460819	-1.291759913472462e-09	2
6283185.307179586	2526.676676676677	2	-0.6162391016482394	1.4978032593905507e-09	0
6283185.307179586	1448.3483483483483	6	1.257654345851055	-1.3809702590998364e-09	2
6283185.307179586	2088.388388388388	4	-0.5778173375502756	1.5182520731276213e-09	0
6283185.307179586	495.24524524524526	4	-1.0163291300186592	5.277401389867913e-11	2
6283185.307179586	1072.6726726726727	7	-1.3891645105729074	1.2928406838908467e-09	2
6283185.307179586	1552.7027027027027	5	-1.0084502867104976	3.6134315599358e-10	1
6283185.307179586	1350.950950950951	7	-1.3401391800459566	1.5234951411667927e-09	2
6283185.307179586	1538.788788788789	3	0.712548544060883	-1.916933808041391e-09	0
6283185.307179586	3187.5875875875877	7	-1.505719683928362	4.570129812667819e-10	2
6283185.307179586	2700.6006006006005	2	1.379003043878937	-3.21631664615412e-10	2
6283185.307179586	1378.7787787787788	6	-0.445029336699186	-1.8848510513861153e-09	0
6283185.307179586	1469.2192192192192	6	1.2202551280866558	-1.2050451271977508e-09	1
6283185.307179586	1490.0900900900901	5	-0.7584597654340369	-1.4069039521790644e-09	0
6283185.307179586	1538.788788788789	6	-1.1561834558468624	1.7497006650009287e-09	0
6283185.307179586	822.2222222222223	7	-1.3889094613141841	5.107526333783025e-10	2
6283185.307179586	1232.6826826826828	5	0.8497031169554043	-1.2824447224004861e-09	0
6283185.307179586	1253.5535535535537	3	-1.4881497381793543	1.501414671298545e-09	2
6283185.307179586	1601.4014014014015	2	0.5634269279617459	-1.279976065118492e-09	0
6283185.307179586	2617.1171171171172	2	1.502999862190737	-3.0020364473673494e-10	2
6283185.307179586	1622.2722722722724	6	-1.2457652496212475	1.9875957106650703e-09	0
6283185.307179586	2735.3853853853852	3	-0.93743878194392	-1.6706740862188447e-09	0
6283185.307179586	2637.987987987988	5	0.3727800714863614	-1.181769727164685e-09	0
6283185.307179586	1935.3353353353355	3	0.8467817443311763	-5.831494562650691e-10	2
6283185.307179586	1740.5405405405406	2	0.29348528209388736	1.5339547271600208e-09	0
6283185.307179586	1448.3483483483483	7	-0.616208283175493	1.2851893597660649e-09	0
6283185.307179586	1086.5865865865867	6	-1.5432255835986857	-8.863363751473338e-11	2
6283185.307179586	1545.7457457457458	3	-1.2201275920098722	-1.280034460441679e-09	2
6283185.307179586	1691.8418418418419	4	-0.9935603104015485	1.563635599866774e-09	0
6283185.307179586	1629.2292292292293	3	0.062025100828906776	4.0636927888541405e-10	1
6283185.307179586	3514.5645645645645	7	-1.2695165238263484	5.852974020690501e-10	2
6283185.307179586	1872.7227227227227	2	-0.5374771208453732	-3.235293058051486e-10	1
6283185.307179586	1789.2392392392394	6	0.6073849879645783	-1.1051545275427444e-09	0
6283185.307179586	989.1891891891892	1	0.9196757397983015	-1.5803380459951787e-09	0
6283185.307179586	1197.897897897898	2	0.06788209257971878	-3.07697993380171e-11	2
6283185.307179586	1942.2922922922924	2	-0.47983945527398886	6.124312737006797e-10	0
6283185.307179586	1413.5635635635635	1	-0.23214943205163707	-8.752418612095734e-10	0
6283185.307179586	1559.6596596596596	5	0.6171862696047046	-7.837851137205126e-10	0
6283185.307179586	1434.4344344344345	3	0.17868648797311626	1.555734477493561e-09	0
6283185.307179586	2004.904904904905	4	0.3017672587251874	5.780716958956547e-10	1
6283185.307179586	3284.984984984985	7	0.36651362703592216	8.493726243355531e-10	0
6283185.307179586	1865.7657657657658	5	1.3069845966957416	6.966070259576634e-10	1
6283185.307179586	745.6956956956957	5	-0.07391932622769382	2.6743032408863337e-10	1
6283185.307179586	1719.6696696696697	4	-0.8188539740975543	-2.9993403761842214e-10	1
6283185.307179586	2735.3853853853852	2	1.4236760545360019	-1.448873977443435e-10	1
6283185.307179586	2916.2662662662665	4	0.002333586176269442	7.156211231667916e-11	0
6283185.307179586	2366.6666666666665	6	0.8301136292735563	6.310301683388615e-10	1
6283185.307179586	745.6956956956957	1	-0.7787485803595714	9.637397934052978e-10	0
6283185.307179586	1872.7227227227227	5	-0.08694850761496475	-1.5427094026669686e-10	1
6283185.307179586	2610.16016016016	2	1.3161655474750447	-4.1084768316002194e-10	1
6283185.307179586	1371.821821821822	3	0.14806932476592816	-1.6045436171524528e-09	0
6283185.307179586	4780.730730730731	6	0.9829042858827357	1.5618662120343188e-10	2
6283185.307179586	1267.4674674674675	1	-0.882782608501649	-7.098960244274402e-10	1
6283185.307179586	2053.603603603604	6	-1.0611963461081704	1.912078031328394e-09	0
6283185.307179586	2144.0440440440443	2	-0.936875291683649	-1.0813577051060554e-09	0
6283185.307179586	1128.3283283283283	4	-0.5115553876990728	1.6618233936767657e-09	0
6283185.307179586	1434.4344344344345	7	0.8440595388130334	-1.0549040424013315e-09	0
6283185.307179586	2234.4844844844847	1	-0.47771203332050405	5.797650114414824e-10	0
6283185.307179586	1107.4574574574574	7	0.6319424485245535	3.7630605334282204e-10	2
6283185.307179586	1343.993993993994	5	-1.4905962094399223	3.1492880833702383e-10	1
6283185.307179586	2797.997997997998	3	0.30739411033870034	7.913746097304458e-10	0
6283185.307179586	759.6096096096096	4	1.1989071000094103	-1.5267820790527838e-09	2
6283185.307179586	1531.8318318318318	6	-0.14126057596206198	-1.5859238247406042e-10	2
6283185.307179586	1357.9079079079079	7	-1.325565361118235	-3.3995095415012906e-10	2
6283185.307179586	2046.6466466466468	5	-0.8389280898529132	1.1989026670140155e-09	0
6283185.307179586	3013.6636636636636	4	-0.3791163951493255	-1.9861790278705318e-09	0
6283185.307179586	1239.6396396396397	5	-0.4293558759672289	1.2159874547973763e-09	0
6283185.307179586	1942.2922922922924	6	0.749489119810038	2.395732254808732e-11	2
6283185.307179586	1051.801801801802	5	-0.9427295744580674	-1.455857979665502e-10	2
6283185.307179586	836.1361361361362	7	-1.546817010285889	-5.078510734593889e-10	2
6283185.307179586	2484.934934934935	7	1.2608524106740204	8.828334310020943e-10	2
6283185.307179586	1420.5205205205204	2	-1.4458395508183965	8.2026200723446e-10	1
6283185.307179586	2575.3753753753754	3	-1.5397137869682582	-9.10868897547289e-11	1
6283185.307179586	1670.970970970971	3	0.8155051321042377	1.078237674717232e-09	0
6283185.307179586	3744.1441441441443	2	0.737254246469738	-3.3677621015265703e-10	1
6283185.307179586	1949.2492492492493	5	0.7611483076055117	-1.349567347674921e-10	1
6283185.307179586	2791.041041041041	1	-0.27854562491984436	1.952141027619739e-09	0
6283185.307179586	843.0930930930931	1	-0.48323294403362627	-1.507753043865812e-09	0
6283185.307179586	488.2882882882883	2	-1.2774522432093174	1.7639462379609999e-09	1
6283185.307179586	1956.2062062062062	6	-0.5676836661485753	-1.0098464486414068e-09	0
6283185.307179586	1504.004004004004	1	-1.1838725861510562	-1.5822976388012112e-09	1
6283185.307179586	2074.474474474475	4	0.3972482057704243	-1.40058493299146e-09	0
6283185.307179586	891.7917917917919	5	-1.2666383918107256	-1.47088592251801e-09	2
6283185.307179586	1782.2822822822823	5	0.22101099878631358	7.506561638895759e-10	0
6283185.307179586	2248.3983983983985	6	-1.1317357781851471	1.434700489771517e-09	0
6283185.307179586	1281.3813813813815	7	-0.5916840468555253	1.5905307011156964e-09	0
6283185.307179586	3987.637637637638	7	-0.9307801370320883	-1.5791909668660124e-09	0
6283185.307179586	2060.5605605605606	1	-1.3970795617422689	-1.3767101039872706e-09	1
6283185.307179586	1274.4244244244244	4	1.1289177388526372	-1.1793137688253524e-09	1
6283185.307179586	2387.5375375375374	5	-0.39696616076214175	1.1532631411223994e-09	0
6283185.307179586	1900.5505505505505	2	-1.0164760412462752	-1.3306341482247725e-09	0
6283185.307179586	481.33133133133134	3	-0.5723390153751812	1.5093635902769789e-09	0
6283185.307179586	1086.5865865865867	3	-0.5838145904964661	-1.788459245550989e-09	0
6283185.307179586	843.0930930930931	3	-1.0816321788006922	1.2852447620039428e-09	1
6283185.307179586	2324.924924924925	4	-1.2067706597269767	-1.5663500144599915e-09	0
6283185.307179586	2206.6566566566567	4	-1.4197681651894363	2.240130402644015e-10	1
6283185.307179586	2930.1801801801803	7	0.34515746982001394	1.7826901709160321e-09	0
6283185.307179586	1726.6266266266266	6	1.179571103237265	1.928327807849784e-09	0
6283185.307179586	1587.4874874874874	7	-1.3200459852865944	-9.417317515972386e-10	2
6283185.307179586	1072.6726726726727	3	-1.3561156868688227	-1.257561689038031e-09	2
6283185.307179586	1643.143143143143	4	-0.3891811911572758	1.1525498958305557e-09	0
6283185.307179586	1552.7027027027027	3	-0.9634420351544926	1.7749407428705128e-09	0
6283185.307179586	1573.5735735735736	1	0.8705563164983863	-1.5937111408952307e-09	0
6283185.307179586	2283.1831831831832	5	-0.6241680686651448	1.5282206020446285e-09	0
6283185.307179586	1657.0570570570571	6	-0.017683858669990338	1.5183604596853915e-09	0
6283185.307179586	1497.047047047047	2	-0.5671209531375145	1.0153019665023717e-09	0
6283185.307179586	1239.6396396396397	4	-0.050925528942384224	1.1696196077698157e-09	0
6283185.307179586	2227.5275275275276	5	-0.9329185560044456	-1.625517976072789e-09	0
6283185.307179586	1072.6726726726727	2	0.6089219693473367	-2.140194358959486e-10	1
6283185.307179586	2832.7827827827828	4	1.491045434500455	-7.030421768959273e-10	2
6283185.307179586	3236.286286286286	5	0.46688448322262666	1.962034504778801e-10	1
6283185.307179586	335.2352352352352	1	0.7996727765328933	-7.172219160753647e-11	0
6283185.307179586	1163.113113113113	2	-0.37012083869515755	-1.0975005383301295e-09	0
6283185.307179586	1420.5205205205204	5	0.37878997538938	1.4261597110198398e-09	0
6283185.307179586	3486.736736736737	4	0.5802023235771934	2.4155552787224154e-10	2
6283185.307179586	2784.084084084084	5	1.113754048272697	-1.8665148464398356e-09	0
6283185.307179586	1990.9909909909911	4	0.38780747039284647	-1.6758651516243633e-09	0
6283185.307179586	1844.8948948948948	7	0.14090282880802896	-1.3570408222275705e-09	0
6283185.307179586	613.5135135135135	5	-1.5437533138113906	1.2911828890582453e-09	2
6283185.307179586	2888.4384384384384	2	-0.9849880411867804	-1.9337412598416795e-09	0
6283185.307179586	2088.388388388388	7	0.43013972816326307	1.677834043704106e-09	0
6283185.307179586	1434.4344344344345	2	-1.5446399710278822	-9.447591676097526e-11	1
6283185.307179586	2130.13013013013	7	-0.06282209357372959	-2.749546092682901e-10	1
6283185.307179586	836.1361361361362	4	0.7101212383775946	1.3996998066909825e-09	0
6283185.307179586	1371.821821821822	5	-1.2934586689166472	-4.454378022566008e-10	2
6283185.307179586	1698.7987987987988	5	0.4279339354334568	9.006333840001799e-10	0
6283185.307179586	2665.8158158158158	1	-0.9425051320649479	2.5535877851443964e-10	2
6283185.307179586	954.4044044044044	5	-0.848864871031942	-1.635725497022654e-09	0
6283185.307179586	696.996996996997	4	1.1009392763192563	-1.7272643781005323e-09	0
6283185.307179586	1914.4644644644645	2	-0.7999556634550431	-2.1651762404643618e-12	1
6283185.307179586	1037.887887887888	1	-1.12142611650766	-1.1381476398416967e-09	2
6283185.307179586	2157.957957957958	4	-1.1371338693056297	-2.3776291165093747e-10	1
6283185.307179586	1232.6826826826828	5	0.4091816245560853	-1.6914812126933049e-09	0
6283185.307179586	1204.854854854855	6	-0.11975052473921322	1.970700251258776e-09	0
6283185.307179586	557.8578578578579	3	-0.5457949508941844	-1.830533661114302e-09	0
6283185.307179586	1984.034034034034	5	1.3612413891913286	-7.445067825875983e-10	2
6283185.307179586	724.8248248248249	7	0.11219961802354717	9.765171040293785e-10	1
6283185.307179586	843.0930930930931	1	0.21695843595302367	1.1308560386199274e-09	0
6283185.307179586	3361.511511511512	6	0.033898259961253396	-1.4295137934013477e-09	0
6283185.307179586	1260.5105105105106	4	1.2311378004293845	1.4055554211214436e-09	1
6283185.307179586	1684.884884884885	2	0.7557513775404496	-1.4306914416755833e-09	0
6283185.307179586	1225.7257257257259	2	-0.5021584639196572	-5.055994837224542e-10	2
6283185.307179586	2756.256256256256	5	1.3515261113804806	-1.5292952720445282e-09	1
6283185.307179586	3424.124124124124	1	0.6878664347305241	1.005105075671454e-09	0
6283185.307179586	2679.72972972973	2	1.390765857194102	-9.522471249337193e-10	2
6283185.307179586	1086.5865865865867	4	-1.5002787136558837	-1.9234512372367434e-09	1
6283185.307179586	1712.7127127127128	5	-0.4108521987367526	-1.6776441032196283e-09	0
6283185.307179586	676.1261261261261	2	-1.2115616137553222	2.009508932091707e-10	1
6283185.307179586	1204.854854854855	4	0.25514473156691664	1.6300071837924917e-09	0
6283185.307179586	3472.822822822823	3	0.4055049379352331	-1.984203981095231e-09	0
6283185.307179586	954.4044044044044	2	-1.2156307174178858	5.781039033413004e-10	1
6283185.307179586	1260.5105105105106	4	-0.38542209279949957	-6.258238633688151e-10	1
6283185.307179586	710.910910910911	7	-0.5653129000088395	1.2924050731087613e-09	1
6283185.307179586	1587.4874874874874	5	-0.42765054469073616	3.000693667345309e-10	2
6283185.307179586	1357.9079079079079	5	-0.6684896588808871	-1.5396504335914588e-09	0
6283185.307179586	2046.6466466466468	6	0.2035574796639381	1.898161657222452e-09	0
6283185.307179586	905.7057057057058	2	-1.1957491930716602	-7.947697934601923e-10	1
6283185.307179586	1309.2092092092093	3	-1.1787595223339877	-1.4486938520225193e-09	1
6283185.307179586	1531.8318318318318	2	0.40808430553242747	-2.490434712102748e-10	2
6283185.307179586	2331.881881881882	1	0.2863169331748934	2.1986782400269038e-10	2
6283185.307179586	2373.6236236236236	1	-0.8187076856086886	-2.748467781262813e-10	1
6283185.307179586	3013.6636636636636	5	-0.05060689856958267	-1.943512137129815e-09	0
6283185.307179586	2331.881881881882	6	-0.20698257803609832	-4.569192813037471e-10	1
6283185.307179586	1670.970970970971	4	0.5501397614189627	1.6425011879008925e-09	0
6283185.307179586	3152.802802802803	7	1.3109615768600391	-1.849923125329275e-09	0
6283185.307179586	2171.871871871872	2	0.7254880199268796	9.173126953921218e-10	0
6283185.307179586	2679.72972972973	3	-1.2881468348835872	-1.5857419212150595e-10	1
6283185.307179586	1580.5305305305305	3	-0.4437672701533175	1.981403644662141e-09	0
6283185.307179586	1142.2422422422424	6	-0.8604372133094567	-1.4266559788009682e-09	0
6283185.307179586	1594.4444444444446	2	0.08514985337854442	8.986746306391946e-10	0
6283185.307179586	3152.802802802803	7	1.4898093082215471	-9.577263957689751e-10	2
6283185.307179586	2178.828828828829	3	0.418744222751545	2.501828264549649e-10	1
6283185.307179586	1239.6396396396397	2	1.4604062389229164	1.1020356951569335e-09	1
6283185.307179586	2060.5605605605606	4	0.8621416803571087	1.9065338482819624e-09	0
6283185.307179586	1510.960960960961	5	0.39097496536783427	1.3258827267492256e-09	0
6283185.307179586	1719.6696696696697	6	-0.6804311970139453	-1.102733618623734e-09	0
6283185.307179586	1622.2722722722724	5	0.8561582551981335	7.784017272763219e-10	1
6283185.307179586	829.1791791791792	1	-1.3404086446936179	9.600206257813907e-10	2
6283185.307179586	1350.950950950951	1	-1.5283799666060638	-6.856876711774814e-10	2
6283185.307179586	1545.7457457457458	6	-0.5641310691920185	1.1791695126330125e-09	0
6283185.307179586	1274.4244244244244	3	-0.7331367662223875	1.9427710665786403e-10	1
6283185.307179586	1232.6826826826828	3	1.1613481570092836	5.645136895198012e-10	2
6283185.307179586	2756.256256256256	1	0.8570264528499538	-3.3472577199552806e-10	2
6283185.307179586	877.877877877878	6	-0.0892927937598027	-1.4961045756182667e-09	0
6283185.307179586	752.6526526526527	5	-1.0145032543077113	-1.827054713072696e-10	2
6283185.307179586	1629.2292292292293	5	0.9798644871682205	-1.6315755539169619e-09	0
6283185.307179586	884.8348348348349	1	0.6205715198962802	-1.630263818459549e-09	0
6283185.307179586	1107.4574574574574	6	-1.0251997519992349	-1.6332166925842216e-09	0
6283185.307179586	996.1461461461462	3	1.0473340411452816	1.5449065035671973e-09	0
6283185.307179586	1295.2952952952953	6	0.8714312030827376	2.636046618310287e-10	1
6283185.307179586	2227.5275275275276	5	1.3207465663132996	-9.204102222718392e-10	2
6283185.307179586	1204.854854854855	1	-0.9048654188546283	5.042657003421627e-10	2
6283185.307179586	2561.4614614614616	4	-0.1475868160101126	-1.5567783637575517e-09	0
6283185.307179586	1274.4244244244244	2	-0.6332912633131467	1.6532726986120071e-09	0
6283185.307179586	926.5765765765766	5	-0.15532552319804926	-4.888280234727554e-11	2
6283185.307179586	3020.6206206206207	7	-1.0164496135117473	1.3432273518447994e-09	0
6283185.307179586	884.8348348348349	6	1.4747345425722482	-1.2666136327867019e-09	2
6283185.307179586	2888.4384384384384	4	-1.3194434256751881	1.3422554440144446e-09	1
6283185.307179586	2331.881881881882	5	0.8845344468380065	1.1743349405244847e-09	0
6283185.307179586	1281.3813813813815	2	1.0656995085583194	-5.564874729103418e-10	1
6283185.307179586	1017.017017017017	7	-1.2153102025919988	-8.278311576095901e-10	2
6283185.307179586	947.4474474474474	2	1.557982039470517	-1.971562976869147e-09	2
6283185.307179586	1517.917917917918	3	-0.2690667342161588	-3.156237786904121e-10	2
6283185.307179586	1677.927927927928	6	-0.12820115073782845	-8.667678878979422e-10	0
6283185.307179586	1413.5635635635635	7	1.553678076513294	2.7665756108366992e-11	2
6283185.307179586	1204.854854854855	1	0.7457668423256512	-1.2897226923855762e-09	0
6283185.307179586	2102.3023023023025	6	1.2234688817044685	-4.4900439579843054e-10	1
6283185.307179586	1977.077077077077	6	-0.09514349580691817	4.705642226223022e-10	2
6283185.307179586	1135.2852852852852	3	0.9901267617724168	-4.966127450704279e-10	1
6283185.307179586	1246.5965965965966	5	0.40379367259597476	-1.4816996650752267e-10	2
6283185.307179586	1003.1031031031031	4	0.37434042151324487	-4.407582579116278e-10	1
6283185.307179586	1796.1961961961963	3	-0.032108288567299414	1.1993159351290556e-09	0
6283185.307179586	1886.6366366366367	2	0.38368072813640963	6.59132843080865e-10	0
6283185.307179586	1921.4214214214214	4	-0.888561197616748	1.311897091242465e-10	2
6283185.307179586	815.2652652652653	1	0.22568694174217052	-1.493743984838037e-09	0
6283185.307179586	1469.2192192192192	6	0.5159228032978476	1.3671948875922664e-09	0
6283185.307179586	2763.2132132132133	6	0.5981858065141661	2.804502109153888e-10	1
6283185.307179586	2116.2162162162163	6	0.5159789163478496	1.7580332538482719e-09	0
6283185.307179586	1065.7157157157158	4	-0.4190122838775401	1.25438075533163e-09	0
6283185.307179586	2749.2992992992995	3	-1.122135210596938	-1.9427801843024333e-09	0
6283185.307179586	2693.643643643644	7	0.5336494824423799	-1.6684353756054042e-09	0
6283185.307179586	2749.2992992992995	3	-1.4262407002102082	1.3424844955040615e-09	2
6283185.307179586	2540.5905905905906	7	0.0007199093862184647	2.9711350784157367e-10	0
6283185.307179586	1622.2722722722724	7	-0.1404608075333058	1.9661911034427085e-09	0
6283185.307179586	1566.6166166166167	6	0.020169659455136157	-8.117781416297074e-10	0
6283185.307179586	1434.4344344344345	4	0.9826550438486792	-1.915888358721686e-09	0
6283185.307179586	2290.1401401401404	3	1.1617909946833667	-4.936151467790612e-10	2
6283185.307179586	1726.6266266266266	6	0.5086722088191866	-7.014946558160724e-10	0
6283185.307179586	1740.5405405405406	4	-0.7375874689245145	-1.9731494346778988e-09	0
6283185.307179586	1712.7127127127128	5	0.9268763389055148	5.810582525358143e-10	2
6283185.307179586	2394.4944944944946	3	-0.43792601672615805	-1.4082354045415668e-10	1
6283185.307179586	2178.828828828829	7	-0.4693275730852873	3.1425877705694024e-10	2
6283185.307179586	1719.6696696696697	1	1.2670961720022493	-1.4702028144631556e-10	2
6283185.307179586	1413.5635635635635	3	1.4747032406506997	-6.849445603189232e-10	1
6283185.307179586	905.7057057057058	6	-0.512724126128318	1.2324992104266404e-09	0
6283185.307179586	1371.821821821822	4	-0.16959389309168427	-3.830672282390744e-10	1
6283185.307179586	2804.954954954955	2	-0.5115488134364208	1.9070879783183095e-09	0
6283185.307179586	2700.6006006006005	4	1.2806567102935063	-2.687201284164527e-10	1
6283185.307179586	2477.977977977978	5	1.2153539505335869	-7.287932513029843e-10	1
6283185.307179586	1309.2092092092093	5	-0.7604733159286904	-6.499253350953835e-10	1
6283185.307179586	752.6526526526527	3	-1.4063571780257438	9.511690118266051e-10	1
6283185.307179586	1476.176176176176	6	-1.2119905626399794	-5.344392761800156e-10	2
6283185.307179586	2109.259259259259	4	1.3940903292524163	-9.20239523360332e-10	2
6283185.307179586	2123.1731731731734	4	0.7291493415125379	-2.8979352427173445e-10	1
6283185.307179586	1497.047047047047	1	-0.9143157735456132	9.757711942721657e-10	0
6283185.307179586	815.2652652652653	4	-0.8014136514648864	-1.1564855135964656e-09	0
6283185.307179586	2651.901901901902	4	0.9380003640940999	-8.693123789312899e-10	0
6283185.307179586	2964.964964964965	2	0.8100514044159031	3.7673663591424767e-11	2
6283185.307179586	1997.947947947948	7	-0.5088985132856723	-1.1936514572475666e-09	0
6283185.307179586	1844.8948948948948	5	0.7590493372395581	-3.787968935673946e-10	2
6283185.307179586	1434.4344344344345	5	-1.437115316183168	-1.4676424970148415e-09	1
6283185.307179586	2248.3983983983985	4	-1.5224439054716365	5.223320527755686e-10	2
6283185.307179586	1677.927927927928	3	-1.3408149990819276	7.236865260617266e-10	2
6283185.307179586	1865.7657657657658	3	-1.1792415657727358	2.9112703927697844e-10	1
6283185.307179586	1497.047047047047	6	-1.0508158887107175	-1.5450161580480659e-09	0
6283185.307179586	2123.1731731731734	2	-0.6931656028640444	8.456726357971431e-11	2
6283185.307179586	724.8248248248249	1	0.6780351539680458	-4.4368635470701236e-10	2
6283185.307179586	2130.13013013013	1	1.2188500117136303	8.986851662442263e-10	2
6283185.307179586	1023.973973973974	1	-0.3407440616954769	-8.79762403814739e-10	1
6283185.307179586	815.2652652652653	3	-1.0618964795829142	-1.4212328560663165e-09	1
6283185.307179586	1789.2392392392394	2	-1.2450641419745687	1.0530818820234405e-09	2
6283185.307179586	1782.2822822822823	5	0.2662655663059543	8.635217259788066e-10	0
6283185.307179586	1712.7127127127128	6	1.3789432424866632	1.1220930799408196e-09	2
6283185.307179586	815.2652652652653	2	0.23933992181209462	9.87305832281945e-10	0
6283185.307179586	947.4474474474474	1	-0.24492336194840614	1.6702510323465384e-09	0
6283185.307179586	3083.2332332332335	5	1.1744853945743272	-1.3103079446629124e-09	0
6283185.307179586	863.963963963964	2	-1.1982139215367074	-1.8536642158783453e-10	1
6283185.307179586	599.5995995995996	4	1.2859511642218862	-1.2961205805639022e-09	1
6283185.307179586	1497.047047047047	4	1.0022948929624995	-3.532073599452885e-10	1
6283185.307179586	1608.3583583583584	7	0.31262302331304404	-1.7372602166599e-09	0
6283185.307179586	1615.3153153153153	4	0.4805161999661265	1.5378740398842294e-09	0
6283185.307179586	1065.7157157157158	7	0.8091512760525488	1.3509621744593741e-09	0
6283185.307179586	2178.828828828829	4	0.010059160737381667	1.7949852452528778e-09	0
6283185.307179586	557.8578578578579	7	0.16067605889068015	-3.4910231112424755e-10	0
6283185.307179586	1865.7657657657658	5	-0.19052863316872526	1.658017760223376e-09	0
6283185.307179586	961.3613613613613	7	1.4800736024324959	-1.1356992051784297e-09	1
6283185.307179586	884.8348348348349	2	-0.23401913934326313	-1.5660858978715014e-09	0
6283185.307179586	1726.6266266266266	3	-0.6846254788280798	-1.9538433247847227e-09	0
6283185.307179586	3048.4484484484487	4	-0.38466314571792726	-1.1819107605535379e-09	0
6283185.307179586	2074.474474474475	2	1.179250852573161	5.285657692395732e-10	2
6283185.307179586	1997.947947947948	2	-1.2534584783247804	-1.1985859834031509e-09	2
6283185.307179586	2130.13013013013	5	-1.2564919451820642	1.928556852762133e-09	0
6283185.307179586	1183.983983983984	1	-0.5849726041640136	-1.10720284113837e-11	2
6283185.307179586	1984.034034034034	1	-0.995073253873143	1.4289042278542045e-09	0
6283185.307179586	3236.286286286286	1	-1.145000973515447	-1.7691209365486152e-09	0
6283185.307179586	2053.603603603604	6	0.46100653861862595	1.7439812077338674e-09	0
6283185.307179586	1977.077077077077	5	1.257582236272384	-5.011530611640256e-11	2
6283185.307179586	1747.4974974974975	7	0.8109590457225337	3.567935225158834e-10	2
6283185.307179586	996.1461461461462	1	-1.1877441693529183	1.2374469979595133e-09	1
6283185.307179586	2199.6996996997	2	-0.028457737611376155	1.6934721293339932e-09	0
6283185.307179586	2324.924924924925	2	0.2677044459285174	1.1135772383036857e-09	0
6283185.307179586	954.4044044044044	2	-0.19774878187138434	-1.728248134289883e-09	0
6283185.307179586	1914.4644644644645	6	-1.2667208044866878	-1.8504850987768592e-10	2
6283185.307179586	2547.5475475475478	7	-0.0027852863678083928	-3.336976770720929e-10	0
6283185.307179586	1385.7357357357357	5	-0.6221101110720694	8.054841435039323e-10	1
6283185.307179586	1670.970970970971	3	-0.9193170814671238	-5.104524294812799e-10	1
6283185.307179586	669.1691691691692	7	0.19562513071859744	1.5669577539921215e-09	1
6283185.307179586	3062.3623623623625	7	0.06319423793033963	-1.514926790618775e-09	0
6283185.307179586	1524.8748748748749	7	0.5701030522778932	-1.8038072447178766e-09	0
6283185.307179586	808.3083083083084	6	-0.15117393072803975	-1.4272483742700072e-09	0
6283185.307179586	3264.1141141141143	1	-1.0839944237698922	-1.8162385171809856e-09	0
6283185.307179586	1963.1631631631633	1	0.8197286206703183	-2.2892670034625877e-10	2
6283185.307179586	1490.0900900900901	2	0.4418049547342773	-1.6779645311814858e-09	0
6283185.307179586	2749.2992992992995	7	-0.22682375020293444	-1.1382700501208443e-09	0
6283185.307179586	1051.801801801802	4	-0.14801710779728827	-1.2033291431727866e-09	0
6283185.307179586	843.0930930930931	7	-0.8729926755713058	-1.8459572580240985e-09	0
6283185.307179586	370.02002002002	1	-0.6658989928392258	-1.1710188477034863e-09	0
6283185.307179586	2109.259259259259	6	0.2070535390303363	1.4413302109031951e-09	0
6283185.307179586	2081.4314314314315	3	-1.4151671495015918	1.598935925630823e-09	2
6283185.307179586	1942.2922922922924	3	-0.9997385120507035	-1.7678752899594282e-09	0
6283185.307179586	1524.8748748748749	3	1.3481992674271153	-3.7505961724939813e-10	1
6283185.307179586	2248.3983983983985	6	-0.4643331596896938	-7.455060007359964e-10	0
6283185.307179586	1434.4344344344345	1	-0.4484814521595615	-1.5451069758191546e-09	0
6283185.307179586	898.7487487487488	7	-1.375735860643181	1.2981599325470548e-10	1
6283185.307179586	2053.603603603604	5	-0.834009096528953	-8.633540905117516e-10	0
6283185.307179586	2227.5275275275276	6	-0.41176042759922593	-1.1506267690661028e-09	0
6283185.307179586	2860.610610610611	2	0.31728089759738176	-8.777910021061688e-10	0
6283185.307179586	2338.838838838839	7	-0.29662944207431674	1.8008568078309488e-09	0
6283185.307179586	3646.746746746747	2	-1.0348655657199313	1.3462647722511003e-09	0
6283185.307179586	2123.1731731731734	2	1.2706322195641615	-9.200917940847963e-10	1
6283185.307179586	1608.3583583583584	7	-0.7857913558049469	4.874623349535903e-10	2
6283185.307179586	1044.8448448448448	5	-0.08320428625504861	1.969645043971872e-09	0
6283185.307179586	933.5335335335336	5	-1.543305025413062	-1.184581870154462e-09	2
6283185.307179586	2944.094094094094	3	1.1759167824043248	1.202386549344307e-09	1
6283185.307179586	1483.1331331331332	1	-1.189073234073151	-1.962187639629664e-09	0
6283185.307179586	1149.1991991991993	6	0.009641336644958365	-6.295497770483448e-10	0
6283185.307179586	780.4804804804805	5	-0.8303633116610929	-7.005210687254034e-10	2
6283185.307179586	1698.7987987987988	1	0.12767082949263076	-1.756769990967126e-10	2
6283185.307179586	1629.2292292292293	7	-0.4946920103873209	3.1022401824147844e-10	2
6283185.307179586	1789.2392392392394	2	-1.0106851254840228	1.5384272777768941e-09	0
6283185.307179586	2617.1171171171172	5	0.20663944589549565	1.4560787638143044e-09	0
6283185.307179586	2046.6466466466468	4	-1.3568607471836747	-1.152370040442313e-09	1
6283185.307179586	3625.875875875876	6	-0.7443960074307057	8.642486440480204e-11	1
6283185.307179586	1907.5075075075076	1	-1.477073326619219	-6.636498130428526e-10	2
6283185.307179586	3173.673673673674	7	-0.7206671694114913	8.449109106231435e-10	0
6283185.307179586	1768.3683683683685	5	-1.2549541330061302	1.507146642736922e-10	2
6283185.307179586	1684.884884884885	2	-0.2744207029074408	-1.507173213007067e-09	0
6283185.307179586	1858.8088088088089	7	1.4453976416738143	1.873331019768143e-09	1
6283185.307179586	669.1691691691692	3	0.1521858793249704	-4.521546535736884e-11	2
6283185.307179586	1670.970970970971	5	-0.007999203789965659	1.7491611940853759e-09	0
6283185.307179586	1510.960960960961	3	-0.9596374064545454	1.5614115148548783e-09	0
6283185.307179586	2658.858858858859	6	-0.509051405844082	4.996171756446147e-10	1
6283185.307179586	2853.6536536536537	7	-1.0358888659631518	-7.452535292311074e-10	1
6283185.307179586	2589.289289289289	5	1.128810763778716	-7.233778583477438e-10	1
6283185.307179586	2157.957957957958	4	0.007989958376532602	-1.3733101787906219e-09	0
6283185.307179586	2359.70970970971	6	-0.34394991678081066	1.0651992545369022e-09	0
6283185.307179586	2832.7827827827828	3	-0.9736358296804043	1.523672535809547e-09	0
6283185.307179586	1142.2422422422424	2	-0.04560749534478736	1.9180873713180536e-09	0
6283185.307179586	1183.983983983984	2	1.5094352661942865	-4.606718922139863e-10	1
6283185.307179586	1796.1961961961963	5	1.1200241939637214	1.1690560827160186e-09	1
6283185.307179586	1330.08008008008	1	-1.280979101941781	1.9630762146452566e-09	1
6283185.307179586	1810.11011011011	4	1.1833651749325313	-1.7982603387779573e-09	0
6283185.307179586	1114.4144144144145	4	0.7643045765583238	1.3486529069990109e-09	0
6283185.307179586	1058.7587587587586	3	1.1162010283646855	7.137023374476414e-10	1
6283185.307179586	1886.6366366366367	5	0.1463992380821355	1.1134392927688893e-09	0
6283185.307179586	1608.3583583583584	2	0.7574297245743349	-2.124859887754353e-10	1
6283185.307179586	1357.9079079079079	2	-0.22220265723905186	1.0025555887204785e-09	0
6283185.307179586	1684.884884884885	3	1.3666276528440306	8.901573463270428e-10	1
6283185.307179586	1733.5835835835837	5	-1.4590448806716347	5.663588381097011e-10	1
6283185.307179586	1726.6266266266266	5	0.28636094489153785	-1.3462605808790386e-09	0
6283185.307179586	1928.3783783783783	6	-0.7759944884579902	6.334224476641702e-10	1
6283185.307179586	2151.001001001001	5	-0.856950325031054	-6.659013823128976e-10	1
6283185.307179586	2373.6236236236236	6	-1.3507000943827143	1.0646583132022507e-09	1
6283185.307179586	1177.027027027027	6	-0.48522399096952595	9.867529298624574e-10	0
6283185.307179586	1733.5835835835837	6	-0.7648414169835731	8.901782028963181e-10	0
6283185.307179586	1810.11011011011	5	0.4474225067304465	5.742061208123421e-10	1
6283185.307179586	1914.4644644644645	2	0.6026783399087248	1.7718725580832582e-09	0
6283185.307179586	1413.5635635635635	5	-0.7278107390246199	1.1270917649816523e-09	0
6283185.307179586	2401.4514514514517	6	0.9049475920559358	-1.7864084055798682e-10	1
6283185.307179586	2436.2362362362364	4	-1.3605688547489856	-1.5352111526598411e-09	1
6283185.307179586	1580.5305305305305	6	0.7402912542248923	9.937330263792527e-10	0
6283185.307179586	2255.3553553553556	3	0.15080665917498348	-9.288139854924399e-10	0
6283185.307179586	2004.904904904905	3	0.7277795271998766	-3.509576207121894e-10	1
6283185.307179586	1232.6826826826828	7	-1.4609546261051147	-2.0674435239446887e-10	2
6283185.307179586	1754.4544544544544	1	1.4363275290928712	1.0751756260022338e-09	2
6283185.307179586	1017.017017017017	6	-1.1202750173692215	3.385495762350308e-10	1
6283185.307179586	2825.825825825826	5	0.250017766257812	4.038944341069952e-10	1
6283185.307179586	1636.1861861861862	2	-0.41350863873341015	-1.6960025079842015e-09	0
6283185.307179586	2039.6896896896897	2	0.6910918883820885	-3.574074582701341e-10	2
6283185.307179586	2276.226226226226	3	0.7739400366347993	1.0270020445450256e-09	0
6283185.307179586	1844.8948948948948	2	-1.095318037180065	-7.14438455659285e-10	2
6283185.307179586	787.4374374374374	4	-0.538753990203154	1.60466817099776e-09	0
6283185.307179586	2944.094094094094	4	-1.5017168313275817	9.54993657685982e-10	2
6283185.307179586	1963.1631631631633	6	0.11569051084940263	1.083897451075087e-09	0
6283185.307179586	1636.1861861861862	5	1.3326764159491091	1.5403388137012754e-10	2
6283185.307179586	2324.924924924925	7	0.9106843181608792	6.024124302916102e-10	2
6283185.307179586	1399.6496496496497	4	-1.1936945253304405	-2.674978592236444e-10	1
6283185.307179586	968.3183183183183	1	0.2557224842366177	1.51721094431037e-09	0
6283185.307179586	4224.174174174174	1	1.3695080388801455	5.432490601732018e-11	2
6283185.307179586	1149.1991991991993	6	-1.157658254523152	1.0173985504494963e-09	1
6283185.307179586	2923.223223223223	2	-0.747705053688712	-3.425038166098146e-10	1
6283185.307179586	1065.7157157157158	6	-0.8215621457402995	-3.985467078878531e-11	2
6283185.307179586	1851.851851851852	2	-0.9539883555364338	-9.815515671618248e-10	1
6283185.307179586	3138.888888888889	5	1.299136337528899	-1.331160329335213e-09	1
6283185.307179586	3841.541541541542	3	0.5105376380848381	1.9723755015854484e-09	0
6283185.307179586	2241.4414414414414	2	-0.6244019900255864	-1.8360520328193616e-09	0
6283185.307179586	2060.5605605605606	4	-0.17755835853058444	-1.723759385958492e-10	2
6283185.307179586	954.4044044044044	1	-1.52145446230972	1.0975130824854887e-09	1
6283185.307179586	738.7387387387388	3	1.5248608329151585	-7.025445722685695e-10	2
6283185.307179586	2290.1401401401404	5	0.3108846299492227	-8.367545268873623e-10	0
6283185.307179586	641.3413413413414	7	-1.0583123561667194	-4.665121596487799e-10	1
6283185.307179586	1740.5405405405406	1	-1.5265772384140406	1.263940455834189e-10	1
6283185.307179586	2707.5575575575576	2	-1.308776649295115	1.3279236325659026e-09	1
6283185.307179586	1580.5305305305305	7	0.9917840329014194	6.195679396207729e-10	2
6283185.307179586	2192.742742742743	3	0.5901288592177014	-1.0050561227998719e-09	0
6283185.307179586	2227.5275275275276	6	-0.9109355920434189	-2.154982069573671e-10	1
6283185.307179586	745.6956956956957	1	-0.3136591000925153	1.1099702519452861e-09	0
6283185.307179586	2665.8158158158158	7	0.8708951462744543	-2.650411109431552e-10	2
6283185.307179586	1330.08008008008	5	1.2493218543290432	-1.4441930752078985e-09	2
6283185.307179586	787.4374374374374	3	1.130925274322761	1.507931429937034e-09	0
6283185.307179586	1524.8748748748749	4	-1.2711861576138892	-7.592059468543217e-10	1
6283185.307179586	1510.960960960961	6	1.3129971689534434	-2.3468335299546077e-10	1
6283185.307179586	1476.176176176176	2	-1.354736858169629	-3.048561141462068e-10	1
6283185.307179586	1163.113113113113	5	-0.7273701960797333	1.5698470997826891e-09	0
6283185.307179586	2686.6866866866867	2	-1.5080156782080636	5.042695760032045e-10	2
6283185.307179586	2429.2792792792793	3	-0.7327970048634471	1.6850164267383363e-09	0
6283185.307179586	2415.3653653653655	3	-1.5039943872583055	-1.9749596767454155e-09	1
6283185.307179586	975.2752752752752	1	0.7165672718174996	9.987147918155483e-10	0
6283185.307179586	1288.3383383383384	1	-1.1683580278967884	1.810614072126769e-09	0
6283185.307179586	1441.3913913913914	6	-1.2414602239444803	-1.9671657833027334e-09	0
6283185.307179586	2171.871871871872	2	-0.5170663430578397	-1.7411429496567111e-09	0
6283185.307179586	2317.967967967968	7	0.09012245148453002	-4.31888323274186e-10	1
6283185.307179586	1893.5935935935936	5	-1.30155604808578	1.4374070215912658e-09	2
6283185.307179586	1865.7657657657658	2	-0.524882157854961	2.0366909483128843e-10	1
6283185.307179586	933.5335335335336	4	-0.5384041146165952	-1.844670078118858e-09	0
6283185.307179586	3312.812812812813	3	-1.3131717163483547	-1.0713066693402858e-09	2
6283185.307179586	2241.4414414414414	2	-1.1463345285830047	1.236098465507281e-10	2
6283185.307179586	1580.5305305305305	2	-0.31479013042239745	6.017056519030661e-10	0
6283185.307179586	2721.4714714714714	7	0.4131169574329676	-1.103018150395157e-09	0
6283185.307179586	2818.868868868869	5	0.3868933043303526	-2.6313048124916884e-10	1
6283185.307179586	2429.2792792792793	6	-1.2951033848890834	8.6179136910286e-10	2
6283185.307179586	2714.5145145145148	3	0.06281291998106053	-9.472717515280192e-10	0
6283185.307179586	3681.5315315315315	7	-0.752668617761406	7.948837946208205e-10	0
6283185.307179586	2053.603603603604	3	-0.04486249520778407	7.667230431564053e-11	1
6283185.307179586	2304.054054054054	6	0.0015861716882934473	-1.980801702742889e-09	0
6283185.307179586	2477.977977977978	7	-1.1789815690153147	-2.1271323819310082e-10	2
6283185.307179586	1260.5105105105106	6	-1.3314800976983894	1.7408596631360657e-09	2
6283185.307179586	3465.865865865866	6	0.3267318682535649	-6.07919777571195e-11	1
6283185.307179586	3041.4914914914916	2	0.8820679419834594	-4.4191859911807143e-10	2
6283185.307179586	1413.5635635635635	5	-1.5463868600423023	-5.34633072365979e-10	1
6283185.307179586	1392.6926926926926	3	-0.051013174326931976	1.4996071530773285e-09	0
6283185.307179586	2853.6536536536537	6	0.5793284834660226	-1.5862477246727389e-09	0
6283185.307179586	1664.014014014014	5	0.24218520018311485	-1.183504876456676e-09	0
6283185.307179586	536.986986986987	2	0.3262099334014932	1.6821324133870309e-09	0
6283185.307179586	1309.2092092092093	4	1.1490625773813226	-7.068310358275581e-10	1
6283185.307179586	1733.5835835835837	7	-1.4098476551363581	1.5013897296550894e-09	2
6283185.307179586	2533.6336336336335	7	0.039185365088844515	-1.5737986126504297e-09	0
6283185.307179586	982.2322322322323	3	0.13828610713244016	-6.179819011703325e-10	2
6283185.307179586	1323.1231231231232	3	-1.2270987471268888	1.5530589073475146e-09	1
6283185.307179586	1698.7987987987988	1	0.7271545790641674	1.3819983951835745e-10	2
6283185.307179586	1476.176176176176	1	-1.028657879218681	1.0413708400783647e-09	0
6283185.307179586	1782.2822822822823	2	0.4945120518461974	-1.1231980811121966e-09	0
6283185.307179586	1504.004004004004	7	0.819248689465041	1.7825069575445942e-09	0
6283185.307179586	2860.610610610611	6	0.22151727626651985	-6.351846358389604e-10	0
6283185.307179586	1288.3383383383384	5	-1.4830139479474032	3.6715844271543034e-10	2
6283185.307179586	1357.9079079079079	2	0.3744030742873592	1.7214201501513634e-10	1
6283185.307179586	2971.921921921922	4	1.1164127327717632	-1.9832237393576788e-09	0
6283185.307179586	2053.603603603604	7	-0.005197240133948844	-7.609294295026383e-10	0
6283185.307179586	738.7387387387388	6	1.4286675066639574	-9.76636040934619e-10	2
6283185.307179586	2394.4944944944946	7	0.9885729513127912	-1.3353560501041702e-09	0
6283185.307179586	2102.3023023023025	1	-0.5100032674439341	6.882152741206521e-10	0
6283185.307179586	3243.2432432432433	5	-1.435385445319293	3.8172826236993427e-10	2
6283185.307179586	2860.610610610611	1	-0.6188538495749972	-9.833925461961473e-10	0
6283185.307179586	1163.113113113113	7	0.332426049827091	4.3814463875572834e-10	2
6283185.307179586	2102.3023023023025	5	0.9285543338007454	1.5518465987387803e-09	0
6283185.307179586	1170.0700700700702	6	-0.9488230832741071	6.41543436495332e-10	2
6283185.307179586	1844.8948948948948	1	-0.19235002914520782	1.3722101056817752e-09	0
6283185.307179586	1455.3053053053054	2	-0.9389212970998307	-1.2172732417956435e-09	0
6283185.307179586	2144.0440440440443	7	-0.032059386154752456	1.6153802893989976e-10	2
6283185.307179586	2443.193193193193	5	-0.7927158368328858	1.8916439019120775e-09	0
6283185.307179586	2394.4944944944946	5	-0.10107803551387562	4.0124408623274856e-10	1
6283185.307179586	1246.5965965965966	3	0.791466820684934	-1.8439235263031392e-09	0
6283185.307179586	669.1691691691692	5	0.7978571128523249	-2.625029921474514e-10	2
6283185.307179586	2213.613613613614	3	-0.24544691608693503	-8.203770119312681e-10	0
6283185.307179586	2081.4314314314315	5	-0.25025411461319536	-1.898535587673838e-09	0
6283185.307179586	989.1891891891892	2	-0.8481625328021946	-7.417901906659732e-10	1
6283185.307179586	1037.887887887888	6	1.219297237125295	7.256011397144549e-10	2
6283185.307179586	857.007007007007	7	-1.4215308366226225	-4.034760842016309e-10	2
6283185.307179586	1789.2392392392394	6	-0.7485303492941099	-3.803345753077822e-10	2
6283185.307179586	1225.7257257257259	2	-0.39369966207528506	-4.337254034970118e-10	1
6283185.307179586	1211.8118118118118	4	-1.1760405990665486	1.1799315466963975e-09	1
6283185.307179586	481.33133133133134	2	1.252874574814944	1.5074292860068943e-10	1
6283185.307179586	1657.0570570570571	6	-0.8648280597870583	1.4182674500996545e-09	0
6283185.307179586	1559.6596596596596	5	-0.19680065982946782	-4.0477028630378033e-10	1
6283185.307179586	2853.6536536536537	4	-0.3260253919414684	1.820231750567377e-09	0
6283185.307179586	1810.11011011011	3	0.5880356105712887	2.6357555510805066e-10	2
6283185.307179586	2686.6866866866867	4	0.5456397253475833	1.4649549264990948e-09	0
6283185.307179586	1830.980980980981	2	-0.9280493456567844	4.099245041867763e-10	1
6283185.307179586	1949.2492492492493	1	0.8971918718378666	4.0303183597960726e-10	2
6283185.307179586	1643.143143143143	1	-0.7566257678069526	1.4048924808962005e-09	0
6283185.307179586	1330.08008008008	5	-1.4256788970545364	5.591316601956736e-10	2
6283185.307179586	2992.792792792793	2	0.36047372434720426	9.845624114195353e-10	0
6283185.307179586	1017.017017017017	4	0.03848592756209479	1.1430930866498932e-09	0
6283185.307179586	1003.1031031031031	2	0.19657780291915028	-1.8771126311095895e-09	0
6283185.307179586	2199.6996996997	2	-1.1738414740924106	-1.0515025339733702e-09	1
6283185.307179586	1483.1331331331332	3	1.3944411653724047	-1.1943633220112259e-09	1
6283185.307179586	1406.6066066066066	6	-0.22821211953334686	-1.9778391487821023e-09	0
6283185.307179586	870.9209209209209	4	0.3422505978156354	4.894281532162319e-10	2
6283185.307179586	2554.5045045045044	3	-0.1986527449006219	-1.2683791552859952e-09	0
6283185.307179586	2276.226226226226	3	-0.28273723123391603	-4.882128068155356e-10	1
6283185.307179586	1768.3683683683685	5	-0.9246856458758329	-3.896999990595184e-10	1
6283185.307179586	1295.2952952952953	4	-0.1714874188719615	-1.4067830953793421e-09	0
6283185.307179586	1566.6166166166167	2	0.35742142480724226	1.356770917242938e-09	0
6283185.307179586	1719.6696696696697	7	1.07399408871862	-9.977540933351873e-10	1
6283185.307179586	3194.544544544545	5	0.41254012836263265	1.7515641497589639e-09	0
6283185.307179586	1803.1531531531532	2	0.03873462428236363	-1.4340918976057126e-09	0
6283185.307179586	2304.054054054054	5	0.7208790873660869	1.2026183155268667e-09	0
6283185.307179586	1163.113113113113	3	-1.5166678556632014	1.5905160008508284e-10	1
6283185.307179586	1246.5965965965966	6	-0.4771436728717926	-1.4979805144803971e-09	0
6283185.307179586	947.4474474474474	7	-0.42280951372030384	-1.971414919534003e-09	0
6283185.307179586	1789.2392392392394	2	1.3490300612360366	1.5624105272193698e-09	1
6283185.307179586	1761.4114114114116	6	1.2246288698893917	-9.59118925198427e-10	1
6283185.307179586	1107.4574574574574	6	0.07994610306003813	-1.4288727425646305e-09	0
6283185.307179586	2081.4314314314315	5	0.2578386481755286	-2.756912001234727e-10	2
6283185.307179586	683.0830830830831	4	-0.09128201843728467	1.7508159144504448e-09	0
6283185.307179586	1747.4974974974975	5	-1.0651261887319636	5.974048566787641e-10	1
6283185.307179586	1135.2852852852852	1	-0.6013933180862918	5.651754805333371e-10	0
6283185.307179586	2192.742742742743	4	-1.061591252743609	-2.167820200922615e-10	1
6283185.307179586	1357.9079079079079	7	-0.4955487638210141	1.6302139358481014e-09	0
6283185.307179586	1044.8448448448448	4	1.2849415030575546	-5.652032744204339e-10	2
6283185.307179586	1183.983983983984	1	0.5766267664843183	5.971151880855678e-10	0
6283185.307179586	1385.7357357357357	3	1.4966017423259292	7.091182670563753e-10	1
6283185.307179586	1232.6826826826828	1	-0.16070154950221638	-1.7746624858650477e-09	0
6283185.307179586	1288.3383383383384	1	-1.3322404472456457	2.2195733839660268e-10	1
6283185.307179586	1650.1001001001002	7	1.3824641058717186	-1.1640058774802631e-09	2
6283185.307179586	1664.014014014014	4	1.3423377911165293	6.628640605738766e-11	1
6283185.307179586	2818.868868868869	4	-0.4625037371756737	1.687129015806056e-09	0
6283185.307179586	3090.19019019019	1	0.31087159109157136	9.534082405844063e-10	0
6283185.307179586	2074.474474474475	6	1.3980482849676679	1.5100890109983913e-09	2
6283185.307179586	2505.805805805806	1	-1.208514079889819	-1.2219796672841189e-09	1
6283185.307179586	822.2222222222223	3	-0.7555115019537902	6.75653709408333e-10	1
6283185.307179586	829.1791791791792	4	-1.4838372008960254	-1.1513272978564987e-09	2
6283185.307179586	1914.4644644644645	2	-1.3479578316558332	-7.792111488487476e-10	1
6283185.307179586	1114.4144144144145	2	-0.5515983433929654	-1.50241329719541e-09	0
6283185.307179586	530.03003003003	3	1.438076783266578	1.3225748125702272e-09	1
6283185.307179586	1462.2622622622623	3	0.7877319988103535	1.032680997085797e-09	0
6283185.307179586	1803.1531531531532	6	-1.488959998202369	-5.289461302918949e-10	1
6283185.307179586	3424.124124124124	4	0.9587854829628366	-1.5414063966758073e-10	2
6283185.307179586	2735.3853853853852	5	1.305223421582756	-1.9005365669880104e-09	0
6283185.307179586	1726.6266266266266	1	-0.8818270313442518	1.1079159382442121e-10	1
6283185.307179586	1705.755755755756	5	0.5883163677998362	-1.418472978443309e-09	0
6283185.307179586	543.943943943944	2	-0.04423946186994265	4.4399342337873436e-10	0
6283185.307179586	599.5995995995996	6	-0.697913164454291	-9.698784696593422e-10	0
6283185.307179586	933.5335335335336	3	0.7177138127025486	3.1263378384912396e-11	1
6283185.307179586	3605.005005005005	2	-0.968462703810663	-8.763804763327246e-10	0
6283185.307179586	2067.5175175175173	2	-0.7035810872759217	-1.3690261903964804e-09	0
6283185.307179586	1246.5965965965966	2	0.5562697164428223	1.9985587026920235e-09	0
6283185.307179586	3187.5875875875877	6	1.4907932131096375	-2.703074345520626e-11	1
6283185.307179586	1295.2952952952953	7	-0.6218545789941039	-1.0050025550797574e-09	0
6283185.307179586	1851.851851851852	2	0.9889876916632785	-7.411230925284795e-10	2
6283185.307179586	2164.914914914915	2	-0.6541990016750976	-3.567845924403121e-10	2
6283185.307179586	2060.5605605605606	6	1.0716351989978476	6.412554560974561e-11	2
6283185.307179586	2380.5805805805808	6	0.7584974363309676	-2.5150009377152607e-10	1
6283185.307179586	1879.6796796796798	7	1.5335476930389604	1.5838984044629738e-09	1
6283185.307179586	2234.4844844844847	5	0.6938950535685087	-1.3118800413332327e-09	0
6283185.307179586	1573.5735735735736	2	-0.541896988991118	5.428571909943075e-10	0
6283185.307179586	1754.4544544544544	1	-0.7692754894191832	-4.439554750604429e-10	2
6283185.307179586	780.4804804804805	3	-1.513682494915146	1.4715213152922326e-09	2
6283185.307179586	1789.2392392392394	5	1.5110241726007945	-1.4645501346097496e-09	1
6283185.307179586	1476.176176176176	2	-0.6447507783631203	5.488008717259235e-10	1
6283185.307179586	2262.3123123123123	6	0.11987397530501642	1.2071643196192364e-09	0
6283185.307179586	989.1891891891892	3	0.4590258497381954	9.019043887542142e-10	0
6283185.307179586	1900.5505505505505	7	-1.1426565031103473	5.538892078656011e-10	2
6283185.307179586	1051.801801801802	2	0.35309056059372645	6.311772045649168e-10	0
6283185.307179586	1545.7457457457458	4	-0.06687787601235695	1.7370092950546132e-09	0
6283185.307179586	1900.5505505505505	1	1.1677741269127684	1.1305891586348715e-09	1
6283185.307179586	1239.6396396396397	3	1.2298200172052476	-7.931148808290068e-10	1
6283185.307179586	1844.8948948948948	4	-0.5589486423846026	1.2193869395531677e-09	0
6283185.307179586	1650.1001001001002	3	1.4947770794666102	-1.670407914100887e-09	2
6283185.307179586	655.2552552552553	6	-0.5229445354393412	7.936266622081958e-10	1
6283185.307179586	2380.5805805805808	2	-1.4064103403883887	1.4351539139495453e-09	1
6283185.307179586	1170.0700700700702	5	-0.6494689923980111	1.4438313892821604e-09	0
6283185.307179586	2394.4944944944946	5	0.6282646673410017	1.245162337446747e-09	0
6283185.307179586	2185.7857857857857	1	0.9401009761935337	7.67587987079285e-10	1
6283185.307179586	1747.4974974974975	1	1.5447511461872798	1.4682030175487613e-09	2
6283185.307179586	1399.6496496496497	5	0.41971457853725114	-1.5980849136710514e-09	0
6283185.307179586	808.3083083083084	7	-0.8455339887018146	1.2675295454487674e-09	1
6283185.307179586	2498.848848848849	7	0.7847938630075926	-3.388198353469103e-10	2
6283185.307179586	1225.7257257257259	1	1.5629065653874905	-1.7208871450925837e-09	2
6283185.307179586	2373.6236236236236	2	0.3940050536356048	-1.0707118816830061e-11	1
6283185.307179586	1775.3253253253254	5	0.8462483173923183	3.201995566374371e-10	2
6283185.307179586	1267.4674674674675	6	-1.2669589454111019	1.2657194207560749e-09	1
6283185.307179586	2220.5705705705705	1	0.5021832846223315	-1.0990797235030866e-09	0
6283185.307179586	940.4904904904905	3	1.2763364081181066	-1.1759607304078235e-09	1
6283185.307179586	2011.8618618618618	1	0.8033096690004164	-1.2928957164046503e-10	2
6283185.307179586	3020.6206206206207	1	-1.334324925209322	-1.8368639618652384e-09	1
6283185.307179586	2484.934934934935	5	-0.4605370450415198	-1.8422318206608247e-09	0
6283185.307179586	829.1791791791792	2	-0.19433123578863176	-4.168876121537379e-10	2
6283185.307179586	648.2982982982983	3	-1.2332427950172709	1.001453150762081e-09	2
6283185.307179586	2512.762762762763	6	1.133634022207815	2.807993333152355e-10	1
6283185.307179586	3187.5875875875877	4	0.2627834142370409	1.981530198576587e-09	0
6283185.307179586	1970.1201201201202	6	-0.4983067928971263	-1.397836710510406e-09	0
6283185.307179586	912.6626626626627	6	-0.8087106519277898	1.4160729567920534e-09	0
6283185.307179586	1622.2722722722724	6	0.6434887980666231	-4.841428969238338e-10	1
6283185.307179586	3138.888888888889	7	1.0870823973339547	-1.488233686275891e-09	0
6283185.307179586	1017.017017017017	1	-0.20982344717661605	1.7267866841048773e-09	0
6283185.307179586	870.9209209209209	1	0.617165922364098	-1.6224454503285705e-09	0
6283185.307179586	2317.967967967968	2	0.6540971793094781	-4.010117924597859e-10	1
6283185.307179586	1149.1991991991993	6	-0.4287440223543306	-1.029489730725676e-09	0
6283185.307179586	1371.821821821822	5	-0.05412013580106945	1.1520401821937976e-09	0
6283185.307179586	2860.610610610611	5	0.258681792625149	1.899548343745427e-09	0
6283185.307179586	1107.4574574574574	4	-0.49292198798114906	-1.8066925675124726e-09	0
6283185.307179586	3319.76976976977	3	1.1093699526067664	-1.5390309475854986e-09	0
6283185.307179586	1330.08008008008	6	1.4048654160249114	1.1940019410954714e-09	2
6283185.307179586	1170.0700700700702	5	1.2462492703207202	3.4965728950175844e-10	1
6283185.307179586	2895.3953953953956	4	-0.16660773672351437	1.73243768356838e-09	0
6283185.307179586	947.4474474474474	6	1.2315066066774616	1.3975137130453306e-09	2
6283185.307179586	1371.821821821822	6	1.023677873737272	-3.1720192084082844e-10	2
6283185.307179586	1643.143143143143	5	1.562254308047442	1.5715983348394698e-09	1
6283185.307179586	1664.014014014014	1	0.7592176062026934	1.2342954090777406e-09	0
6283185.307179586	1399.6496496496497	4	0.1612093209244987	-1.6697473803220554e-09	0
6283185.307179586	1072.6726726726727	5	1.2279246591517072	1.2229956498511735e-09	2
6283185.307179586	1343.993993993994	4	-1.2360274199416044	2.127650580619702e-10	2
6283185.307179586	2575.3753753753754	2	0.65760310352952	-1.2911641185373983e-09	0
6283185.307179586	2366.6666666666665	6	-1.1606460491881863	-1.1367493749286406e-09	1
6283185.307179586	1030.930930930931	6	-0.41439917825672534	2.050668055846969e-10	1
6283185.307179586	1782.2822822822823	2	0.06785621622114513	7.078606710997519e-10	0
6283185.307179586	425.6756756756757	1	1.2662221815443448	-1.8526061403315822e-09	1
6283185.307179586	1858.8088088088089	1	-0.7906671211066542	-9.996885850043281e-10	0
6283185.307179586	2164.914914914915	6	0.7206362620335556	1.4214966549409139e-09	0
6283185.307179586	794.3943943943945	4	1.0974409978470767	8.755283864392913e-10	2
6283185.307179586	1483.1331331331332	3	-0.6452488058484971	-7.495794175500814e-10	1
6283185.307179586	1274.4244244244244	5	0.6119642514183217	-5.543180117375086e-10	1
6283185.307179586	1664.014014014014	7	-0.08507823795874536	-1.5311871382219919e-09	0
6283185.307179586	1406.6066066066066	3	1.4394500765522213	9.142395790276808e-10	1
6283185.307179586	2756.256256256256	6	0.36361416821278425	2.4924397390333375e-11	2
6283185.307179586	1524.8748748748749	4	0.467737951321749	1.239738659818107e-09	0
6283185.307179586	1956.2062062062062	4	0.43289887418095807	-1.5867666504030566e-09	0
6283185.307179586	2004.904904904905	7	0.54354411155655	-7.344565046586077e-10	0
6283185.307179586	696.996996996997	2	-1.1814691279191294	-5.777042175207821e-10	2
6283185.307179586	2018.818818818819	1	-0.7231174600600082	4.87947116202653e-10	1
6283185.307179586	1086.5865865865867	4	0.23177348241309614	-1.7172428375510412e-09	0
6283185.307179586	3375.4254254254256	1	0.007133243386345578	-1.8153308657950126e-10	2
6283185.307179586	2568.4184184184187	6	-1.3657643574938971	5.564110508205827e-11	2
6283185.307179586	2464.064064064064	3	-1.5362281157683861	-1.287239159012124e-09	2
6283185.307179586	1072.6726726726727	3	0.996177638539002	-2.1222774324755272e-10	1
6283185.307179586	2554.5045045045044	5	0.943922826164246	4.5790368449415674e-10	2
6283185.307179586	794.3943943943945	2	-0.6131163170997808	1.9564785991280592e-09	0
6283185.307179586	1225.7257257257259	4	-1.0192586059857747	9.139368398726835e-10	2
6283185.307179586	1893.5935935935936	3	0.9893339222619058	2.7451204441835723e-10	2
6283185.307179586	1580.5305305305305	7	-1.3979853337897326	-1.898687894505782e-09	1
6283185.307179586	919.6196196196197	4	-0.5295122473991858	3.3980888771260294e-10	2
6283185.307179586	1337.0370370370372	6	-1.071161079773939	-8.338488409349988e-10	2
6283185.307179586	655.2552552552553	5	0.5624384127762418	1.0971443057402624e-09	1
6283185.307179586	1942.2922922922924	7	0.3137465103284478	-1.6983064502605607e-09	0
6283185.307179586	2491.891891891892	2	0.4843991979596973	-1.0072760267632083e-09	0
6283185.307179586	2213.613613613614	2	-0.7207076865314134	7.498922202895307e-11	2
6283185.307179586	1295.2952952952953	7	0.9013906558044611	9.74329687809627e-10	2
6283185.307179586	1121.3713713713714	1	0.704782975961912	1.5623029413477656e-09	0
6283185.307179586	877.877877877878	4	1.3436115048009536	4.3301246373162654e-10	1
6283185.307179586	954.4044044044044	3	1.356753189539635	9.6675891934423e-10	2
6283185.307179586	460.46046046046047	5	0.14194881937429238	-3.601830999442704e-10	0
6283185.307179586	703.9539539539539	5	0.2835702971309937	1.8227009299067417e-09	0
6283185.307179586	1455.3053053053054	7	0.821478024012845	-1.2068770787506292e-09	0
6283185.307179586	1385.7357357357357	3	-1.5291314521431634	1.1890668784569273e-09	2
6283185.307179586	1010.0600600600601	7	0.5452948517149543	1.88861267015249e-09	0
6283185.307179586	349.14914914914914	1	-0.8419109425231988	-9.581582084613084e-10	0
6283185.307179586	919.6196196196197	3	-0.4251327998558738	1.7528127285712476e-10	1
6283185.307179586	1990.9909909909911	3	1.3431678278353418	-1.5902776565428527e-11	2
6283185.307179586	390.8908908908909	3	-0.5700762950645353	2.55277921742232e-10	0
6283185.307179586	2631.031031031031	1	-1.4932620622035282	1.5437166364844398e-10	2
6283185.307179586	1531.8318318318318	1	-0.6260328180448597	-5.792291629596558e-10	1
6283185.307179586	1733.5835835835837	5	0.40096600280446837	6.088305939637372e-10	1
6283185.307179586	1323.1231231231232	4	1.19364425438688	-5.997167933862117e-10	1
6283185.307179586	898.7487487487488	6	0.9618213953336676	2.6145985820035178e-11	1
6283185.307179586	877.877877877878	5	0.1924875368369332	-9.813172134406067e-10	0
6283185.307179586	1782.2822822822823	1	-1.19121865248341	-5.161547783327177e-10	2
6283185.307179586	2359.70970970971	4	-1.5573082127803175	9.915592899564785e-10	1
6283185.307179586	1747.4974974974975	3	0.11961631857107058	3.401980501049373e-10	2
6283185.307179586	898.7487487487488	2	1.526753073375677	-6.570201163293602e-10	1
6283185.307179586	1956.2062062062062	5	-1.4520892118570066	-2.0108767293069175e-11	2
6283185.307179586	2985.835835835836	4	-0.7256776015993431	4.830037013886299e-10	1
6283185.307179586	1037.887887887888	6	0.3858553343930866	1.5996508025568076e-09	0
6283185.307179586	1504.004004004004	6	0.9296450481559604	7.301982070952253e-10	2
6283185.307179586	1010.0600600600601	4	-1.5062400538170762	-6.840897502940323e-11	1
6283185.307179586	703.9539539539539	2	-1.4788453122253964	1.9916663208275985e-09	1
6283185.307179586	884.8348348348349	6	-0.33987769537255774	1.9895723128919338e-09	0
6283185.307179586	1698.7987987987988	5	-0.6485920182971131	-1.1156065136620394e-11	2
6283185.307179586	1483.1331331331332	1	-0.11253657440721021	6.423669987889542e-10	0
6283185.307179586	1650.1001001001002	7	-1.483533731544009	1.8889802920647533e-09	2
6283185.307179586	1559.6596596596596	5	0.9365534140687055	4.984700642904358e-10	2
6283185.307179586	3472.822822822823	3	-1.257742445090386	1.4134872461274388e-09	1
6283185.307179586	2853.6536536536537	3	1.4121458536794136	1.1948143190797398e-09	2
6283185.307179586	1323.1231231231232	4	0.6086512894670051	1.4370677928820939e-09	0
6283185.307179586	1302.2522522522522	4	0.44623504885205456	-1.1159277010340514e-09	0
6283185.307179586	1225.7257257257259	4	0.3812393244292296	-7.834869779317974e-10	0
6283185.307179586	1886.6366366366367	5	0.02888756523065572	1.418296598116591e-10	1
6283185.307179586	2589.289289289289	3	-0.6896775402745052	9.114056167393171e-10	0
6283185.307179586	578.7287287287287	7	0.4364614251875243	1.7008915525138676e-09	1
6283185.307179586	3111.061061061061	2	-1.350052102784631	-1.172867547666722e-09	2
6283185.307179586	1225.7257257257259	2	-0.6546240383220769	-2.652473524113428e-10	1
6283185.307179586	1837.937937937938	6	-0.22835336110115678	-1.7284453972291351e-09	0
6283185.307179586	912.6626626626627	4	0.2744363831438763	1.1304621539314328e-09	0
6283185.307179586	2471.021021021021	3	-0.4462668408300643	-5.613681038955462e-10	1
6283185.307179586	1615.3153153153153	2	0.24880320559969382	1.98838304146918e-09	0
6283185.307179586	1510.960960960961	1	-0.8217902231916728	-1.1853170558709856e-09	0
6283185.307179586	752.6526526526527	5	0.7429416170243583	1.9216012749995935e-11	1
6283185.307179586	1399.6496496496497	7	-0.07003367531535809	-1.63105218207134e-09	0
6283185.307179586	2352.7527527527527	2	-0.6065512354345705	1.618620124496742e-09	0
6283185.307179586	1121.3713713713714	6	0.9378567568465477	1.801623422706163e-09	0
6283185.307179586	3083.2332332332335	7	1.0096264995465285	-1.2073468662200728e-09	0
6283185.307179586	1817.0670670670672	6	-0.2093131633418146	1.3116401845311434e-09	0
6283185.307179586	1399.6496496496497	5	-0.9418132578499059	-1.6206448420195008e-09	0
6283185.307179586	1476.176176176176	4	0.6282555471949722	-2.8502760766603163e-10	1
6283185.307179586	286.5365365365366	4	1.2111976081453197	4.4374059937468676e-10	2
6283185.307179586	1754.4544544544544	7	0.03770999466866387	-4.094155748317391e-10	1
6283185.307179586	1830.980980980981	1	1.3059724260952965	-1.93593802964279e-09	1
6283185.307179586	1510.960960960961	6	-0.6123078117857093	-7.06094710286101e-10	0
6283185.307179586	2596.2462462462463	2	-1.556739253064621	3.5032311427114387e-10	1
6283185.307179586	759.6096096096096	2	0.39990967599905813	-8.129798622088812e-11	1
6283185.307179586	2561.4614614614616	2	1.2267529378468618	1.3174116655535308e-09	1
6283185.307179586	1441.3913913913914	7	-0.6623099157201552	-7.34883738112751e-11	2
6283185.307179586	1844.8948948948948	6	-0.8290328551848202	8.927361322408541e-10	0
6283185.307179586	2157.957957957958	4	0.015564898328977117	3.881224612453621e-10	1
6283185.307179586	1559.6596596596596	4	1.4249667170860594	-1.381905196199203e-09	1
6283185.307179586	2338.838838838839	6	0.24372131940101305	7.638258612753243e-10	0
6283185.307179586	996.1461461461462	5	0.15270660517470036	-8.793387985909167e-10	0
6283185.307179586	1128.3283283283283	2	-1.5263327085004896	-7.473800130375445e-10	2
6283185.307179586	1830.980980980981	3	-1.025720081855661	1.0663694287080775e-09	0
6283185.307179586	1552.7027027027027	5	-0.8355403830195078	1.062677268781921e-09	0
6283185.307179586	787.4374374374374	6	-1.498788412663957	1.2950247507523264e-09	2
6283185.307179586	2679.72972972973	6	-0.2023356127247471	-1.5306647103267188e-09	0
6283185.307179586	857.007007007007	1	0.45951602807198144	1.7040738419490733e-09	0
6283185.307179586	1705.755755755756	4	0.03179785189088902	-1.1422048654438646e-09	0
6283185.307179586	1490.0900900900901	2	0.7244470829048022	1.5730512942006947e-09	0
6283185.307179586	1079.6296296296296	2	0.902618323615076	-4.6086195828895006e-10	2
6283185.307179586	2512.762762762763	3	-1.3340738021294267	1.7503330696001892e-09	1
6283185.307179586	1817.0670670670672	2	-1.1736111183431974	-4.232917422681069e-10	1
6283185.307179586	592.6426426426426	6	0.8350199881699467	7.142686335071148e-10	2
6283185.307179586	585.6856856856857	4	0.061825507545683944	-1.932280570593808e-09	0
6283185.307179586	1705.755755755756	5	-0.5258416015188545	1.8293749483772795e-09	0
6283185.307179586	1469.2192192192192	7	-0.7947595564905919	-6.451449245051523e-10	0
6283185.307179586	2157.957957957958	5	0.7772761008559068	1.3769864177932252e-09	0
6283185.307179586	2018.818818818819	6	1.0600120010727858	-1.8921671169353302e-09	0
6283185.307179586	126.52652652652652	1	0.6910717544581875	-7.305939882768652e-11	0
6283185.307179586	3187.5875875875877	7	1.045080223363081	-3.311009599094005e-10	2
6283185.307179586	2297.097097097097	6	-0.8819921884623031	1.097601800670839e-09	0
6283185.307179586	2930.1801801801803	7	-0.7320850017094992	2.2635052309446818e-10	2
6283185.307179586	1121.3713713713714	6	0.2957691302060974	1.7876793914487524e-09	0
6283185.307179586	1441.3913913913914	6	-0.23871315682140137	-1.8444651040741766e-09	0
6283185.307179586	1629.2292292292293	7	0.42235610448211314	-1.4372526400922256e-09	0
6283185.307179586	1643.143143143143	5	0.8136029514054934	-5.678011257914313e-10	2
6283185.307179586	4126.776776776776	2	-0.9003486136810724	-1.4530330813601858e-09	0
6283185.307179586	2331.881881881882	6	-1.0912404545887715	-2.936995340892504e-10	1
6283185.307179586	2206.6566566566567	6	0.605804620080757	6.244251434675444e-10	1
6283185.307179586	996.1461461461462	5	1.2026415787183327	-1.3321400142907237e-09	2
6283185.307179586	1316.1661661661662	4	0.26285976464790095	1.8970523196138495e-09	0
6283185.307179586	2338.838838838839	5	1.3364787754591307	6.198282363378232e-10	2
6283185.307179586	2164.914914914915	2	-1.0702044931644372	-3.659996955573468e-10	1
6283185.307179586	1573.5735735735736	5	0.47387472972623845	6.269279691260422e-10	1
6283185.307179586	1740.5405405405406	5	0.007512026066154975	-2.556751394771664e-10	0
6283185.307179586	1093.5435435435436	2	0.9036785033274324	1.2005596436697379e-09	0
6283185.307179586	2860.610610610611	5	0.621418086251071	-4.83822726053103e-10	1
6283185.307179586	1670.970970970971	1	0.663738738916511	-1.7440445623365877e-09	0
6283185.307179586	2192.742742742743	5	0.5076201096467918	9.329864528561982e-10	0
6283185.307179586	1086.5865865865867	3	0.4697753817650634	5.302958863562059e-10	1
6283185.307179586	2060.5605605605606	6	1.5680044313871138	-1.277261958256105e-09	1
6283185.307179586	3048.4484484484487	4	0.9361103449341632	3.035871475310616e-10	2
6283185.307179586	1267.4674674674675	5	0.24389374868458735	1.9706367161809427e-09	0
6283185.307179586	1664.014014014014	5	1.031336289748125	-1.2919850337149163e-09	0
6283185.307179586	2067.5175175175173	6	1.5491781852245472	4.470781836744449e-10	2
6283185.307179586	1865.7657657657658	4	0.9748164101412451	-1.4175757789579987e-10	2
6283185.307179586	1524.8748748748749	4	1.4541962875740317	1.1341838452337637e-09	1
6283185.307179586	2596.2462462462463	2	0.7854694489409848	-1.6145291157096636e-10	1
6283185.307179586	1608.3583583583584	6	-1.2363086221272863	7.326301344469914e-11	2
6283185.307179586	2554.5045045045044	5	0.1149453773650786	4.0684636855958517e-10	1
6283185.307179586	3111.061061061061	2	-0.4957176680259725	1.5237131877794062e-09	0
