axial trapping frequency (MHz) 	 velocity(m/s) 	 ion collided with 	 angle(rads) 	 collision offset(m) 	 reorder? (1 is reorder 2 is ejection) 
6283185.307179586	933.5335335335336	3	1.1513052227289777	-1.7049648892360914e-09	1
6283185.307179586	954.4044044044044	8	0.3477163763224631	-1.3028628319665861e-09	1
6283185.307179586	2269.2692692692694	6	-1.3126631887241562	-1.5567397118553805e-09	1
6283185.307179586	1156.1561561561562	3	0.3971687505738062	-1.5616709519096907e-09	1
6283185.307179586	474.3743743743744	5	-1.08688009535076	-1.4420435478119526e-09	1
6283185.307179586	1524.8748748748749	3	-1.248395381624255	8.826169210294994e-10	2
6283185.307179586	794.3943943943945	8	-1.547832605140039	-2.8440463378127803e-10	2
6283185.307179586	669.1691691691692	1	1.5556188092827639	-1.8092357699546838e-09	2
6283185.307179586	2999.7497497497498	3	1.5201454627294537	5.62468654622526e-11	2
6283185.307179586	1545.7457457457458	5	0.3352820614096932	-3.816447947380204e-10	1
6283185.307179586	3347.5975975975975	3	-1.3538269304372819	1.4824405309629513e-09	1
6283185.307179586	2199.6996996997	6	-0.3117648936175308	-1.765464691195979e-09	1
6283185.307179586	683.0830830830831	4	-0.12776361487014376	2.475405821045996e-10	2
6283185.307179586	1288.3383383383384	2	1.1982585066499172	-2.4362912816167274e-10	2
6283185.307179586	1664.014014014014	3	0.5662826291102219	-6.041150631670981e-10	1
6283185.307179586	2596.2462462462463	6	0.01895370193398427	-1.2034248273851342e-09	1
6283185.307179586	1510.960960960961	7	-0.5709658554460894	-6.412176192198791e-10	0
6283185.307179586	947.4474474474474	3	1.484930304797099	1.3196523242613145e-10	2
6283185.307179586	2241.4414414414414	3	-1.5229194540857096	-1.3906189277285144e-09	2
6283185.307179586	1587.4874874874874	5	0.3353516449365652	-8.787194494950739e-10	1
6283185.307179586	1357.9079079079079	4	-1.1025789189507478	1.399816629389096e-09	1
6283185.307179586	1970.1201201201202	5	-0.46922949189569474	-1.178162338176368e-09	1
6283185.307179586	2206.6566566566567	7	0.540471580231912	-1.4988917003115728e-09	1
6283185.307179586	2770.1701701701704	7	-0.26329042561299043	-3.111786409160189e-10	2
6283185.307179586	655.2552552552553	2	0.6094534194042454	-1.237177364121219e-09	1
6283185.307179586	2742.3423423423424	8	-1.5185243154720354	1.3032269837277614e-10	2
6283185.307179586	940.4904904904905	2	-0.5060722823031196	-1.1839161754945198e-09	1
6283185.307179586	836.1361361361362	1	-1.1749836129182167	-9.160218336957048e-10	1
6283185.307179586	1121.3713713713714	2	0.12695944737563658	-1.1503199938623027e-09	1
6283185.307179586	2151.001001001001	8	-0.7181952091741487	1.7804683378754679e-09	1
6283185.307179586	1817.0670670670672	2	-0.569273577598965	1.7746557107657706e-09	1
6283185.307179586	2011.8618618618618	7	-0.688320240953944	9.854218130331833e-11	2
6283185.307179586	1664.014014014014	2	-1.1798091639324413	-1.8545043843523062e-10	2
6283185.307179586	2992.792792792793	6	-1.0580861226406961	-4.923719953931159e-10	2
6283185.307179586	1316.1661661661662	1	-1.0395294666730477	-2.623352117104351e-11	2
6283185.307179586	2366.6666666666665	1	-1.1880415279319383	2.3716005556156627e-10	1
6283185.307179586	1664.014014014014	7	1.4979605161191234	-1.2904188041265007e-09	2
6283185.307179586	571.7717717717718	1	-0.40472216648061177	-9.200690990293627e-10	2
6283185.307179586	1462.2622622622623	4	-0.7853347223793224	6.047997283313886e-10	2
6283185.307179586	1789.2392392392394	1	1.5650210992089417	-1.3653071490235656e-09	2
6283185.307179586	1274.4244244244244	1	-1.5528511477867308	-1.7749134666722147e-10	1
6283185.307179586	2610.16016016016	4	1.0298322728001574	-1.9752403274786144e-10	2
6283185.307179586	1218.7687687687687	7	-0.007649648725131186	1.537664199257516e-09	1
6283185.307179586	975.2752752752752	6	0.22828432181163305	-9.132784122044809e-10	1
6283185.307179586	2283.1831831831832	5	0.651939163780686	-1.9631981573004457e-09	1
6283185.307179586	1900.5505505505505	7	0.20097160109944756	-7.400064371018386e-10	1
6283185.307179586	3284.984984984985	7	-1.3254741286608203	1.3464185251433115e-09	1
6283185.307179586	1914.4644644644645	7	-1.3008161870199522	-6.750985618331585e-10	1
6283185.307179586	3319.76976976977	5	1.419476206911586	-5.471331563305176e-10	1
6283185.307179586	3215.4154154154153	4	1.14406940638758	1.806941695151212e-09	1
6283185.307179586	2067.5175175175173	8	0.2704313189113621	-1.0059234466920835e-09	1
6283185.307179586	2185.7857857857857	2	0.15469544054413387	-7.62603769146256e-10	1
6283185.307179586	3257.157157157157	6	-1.5236389576770746	-6.397563012690966e-10	1
6283185.307179586	912.6626626626627	3	0.5974226903822641	1.6432299403687175e-11	1
6283185.307179586	1566.6166166166167	1	-0.9618799618986587	-1.4263967576807698e-09	1
6283185.307179586	996.1461461461462	8	-1.137891095137345	-5.191774297604193e-10	2
6283185.307179586	2116.2162162162163	1	-1.1410066233876797	-1.3914428901359012e-09	1
6283185.307179586	2881.4814814814818	2	1.1654087962902269	4.485548884395901e-10	1
6283185.307179586	1065.7157157157158	4	-1.4866961156716088	4.365146218132267e-11	1
6283185.307179586	1149.1991991991993	3	0.6887320387738516	-1.6190812160501975e-09	1
6283185.307179586	1490.0900900900901	1	-1.3101068810374266	9.678895665320287e-10	2
6283185.307179586	2018.818818818819	6	-0.38350686073410656	1.8408113033168445e-10	2
6283185.307179586	1343.993993993994	5	-0.28960963291119324	1.730830674477109e-09	1
6283185.307179586	2345.795795795796	1	-0.5992955420810565	1.1006846626082784e-09	1
6283185.307179586	2568.4184184184187	4	-0.31422442588250066	-1.9286802683784015e-09	1
6283185.307179586	1037.887887887888	8	0.29952528945968737	-1.9821088448824213e-09	1
6283185.307179586	1399.6496496496497	3	1.4803930709876427	-2.5896351494029674e-10	1
6283185.307179586	1323.1231231231232	6	-0.9465292468891113	-1.0060494967547964e-09	1
6283185.307179586	1183.983983983984	1	1.066085708701566	-2.6040664664632556e-10	2
6283185.307179586	1483.1331331331332	8	0.2905249786143633	-1.1823284718439874e-09	1
6283185.307179586	961.3613613613613	6	0.9321530087093635	-1.0086722455236955e-09	1
6283185.307179586	2039.6896896896897	2	-0.755626386386168	-6.098186244082929e-10	1
6283185.307179586	1580.5305305305305	5	1.372601582306293	-7.795947145065946e-10	1
6283185.307179586	1956.2062062062062	3	-0.5495929889765636	1.2675576808175064e-09	1
6283185.307179586	2964.964964964965	3	0.892106859754116	-1.9055544835500404e-09	1
6283185.307179586	1851.851851851852	2	-0.25993181676347965	1.5829523723728712e-10	2
6283185.307179586	1698.7987987987988	5	-0.07751104687482435	1.3505804850506533e-09	1
6283185.307179586	2839.73973973974	3	1.5561554626414469	8.71502313297177e-11	1
6283185.307179586	3639.7897897897897	7	-0.1132420030502177	-7.681860610712659e-10	1
6283185.307179586	1385.7357357357357	5	0.35054635842291315	-1.598229775752981e-09	1
6283185.307179586	1218.7687687687687	3	0.3528197163241815	-1.5137826553961455e-10	2
6283185.307179586	683.0830830830831	4	-1.4260058275898335	1.1080647324662053e-09	1
6283185.307179586	3305.855855855856	2	0.27832136774432903	-1.0963890383973835e-09	1
6283185.307179586	2352.7527527527527	4	-1.025042840057151	-5.045532214267242e-10	2
6283185.307179586	1204.854854854855	7	-0.971275546888915	1.3743769241021341e-09	1
6283185.307179586	1761.4114114114116	3	0.22249534244023517	1.520901151898719e-09	1
6283185.307179586	1977.077077077077	6	0.8181033677141687	-1.1320974397701559e-09	1
6283185.307179586	2248.3983983983985	3	0.5387837410126699	-1.8479555438612746e-09	1
6283185.307179586	1399.6496496496497	1	-0.7152977018884583	1.6402847811446226e-09	1
6283185.307179586	1803.1531531531532	6	-1.1057309118130014	-6.173432188024037e-10	2
6283185.307179586	2408.4084084084084	6	-1.410145620264811	1.9808582582989587e-09	1
6283185.307179586	3257.157157157157	1	1.3487585745577126	-7.675441451796804e-11	2
6283185.307179586	676.1261261261261	3	-0.8166200641269785	1.5612530630078414e-10	1
6283185.307179586	1879.6796796796798	3	-1.3497251352339563	1.1941755841668564e-09	1
6283185.307179586	2394.4944944944946	2	1.1555248894188006	1.0071457476409951e-09	1
6283185.307179586	1323.1231231231232	4	1.1551938280899052	-1.7716671677456658e-09	1
6283185.307179586	3257.157157157157	8	1.316675902505629	6.72898122592609e-11	1
6283185.307179586	2366.6666666666665	6	-0.0016265616629616009	-1.8552491496468653e-09	1
6283185.307179586	2665.8158158158158	2	0.2697535547227863	6.700812408900484e-10	1
6283185.307179586	877.877877877878	2	-1.055903567554314	1.6599622340221603e-09	1
6283185.307179586	1455.3053053053054	3	0.35361858787232103	1.5361332623103272e-09	1
6283185.307179586	2178.828828828829	6	1.3103133317819968	1.6591223174469835e-09	1
6283185.307179586	1691.8418418418419	7	-0.29320868128950583	4.5694114257285016e-10	1
6283185.307179586	1260.5105105105106	2	0.01987084324805366	1.1574480530441133e-09	1
6283185.307179586	1434.4344344344345	3	-1.2206654773375925	-1.7533368809892603e-09	1
6283185.307179586	550.900900900901	4	0.75532032420915	-1.304058994972203e-09	1
6283185.307179586	1622.2722722722724	5	1.563322656273924	5.472074363447207e-10	2
6283185.307179586	696.996996996997	2	-0.7814000999623621	-1.734943966381577e-09	1
6283185.307179586	1260.5105105105106	1	1.1474977679354712	-2.1750020698884898e-10	2
6283185.307179586	2151.001001001001	6	0.5500983305329536	6.382511768442615e-10	1
6283185.307179586	2679.72972972973	5	-1.3423404314693343	1.1912800183832967e-09	2
6283185.307179586	2324.924924924925	7	1.0248507472367967	-1.1355279918039246e-09	1
6283185.307179586	2192.742742742743	8	0.9734950797465975	-7.165644907890658e-10	1
6283185.307179586	2137.087087087087	5	-0.8362405483633413	-1.9004971918306974e-09	1
6283185.307179586	961.3613613613613	4	-1.3734822489523335	1.4172194067837512e-10	2
6283185.307179586	307.4074074074074	2	-1.524174644796304	-1.5816140389899702e-09	1
6283185.307179586	1218.7687687687687	8	0.5271332913312445	1.196639369100583e-09	1
6283185.307179586	2039.6896896896897	1	-0.4471177443314034	3.934829562095041e-10	1
6283185.307179586	1135.2852852852852	3	1.4975602550496263	-3.604516823458478e-10	1
6283185.307179586	1121.3713713713714	3	-0.6636141321655736	1.1207389121599736e-09	1
6283185.307179586	1517.917917917918	3	0.9645497457363841	2.7428228948861386e-10	1
6283185.307179586	1183.983983983984	4	-1.543516259959983	-1.7875049796980408e-09	2
6283185.307179586	2394.4944944944946	5	-0.5359122286153155	9.307745839330707e-10	1
6283185.307179586	1538.788788788789	3	-1.1591008652904526	-3.797918187565385e-10	1
6283185.307179586	2088.388388388388	4	-0.4574834237916918	-8.494784170772758e-10	1
6283185.307179586	1872.7227227227227	5	0.5499466857262596	1.302604395889229e-10	2
6283185.307179586	2930.1801801801803	8	0.11357826410066374	1.3470306170126892e-09	1
6283185.307179586	836.1361361361362	5	-1.0623772001650602	1.2537264174035836e-09	2
6283185.307179586	4078.0780780780783	6	0.0659054039109579	-1.5320107060107515e-09	1
6283185.307179586	1824.0240240240241	4	-0.6759844314434628	1.0027766032381402e-09	1
6283185.307179586	1747.4974974974975	1	1.2306571002601188	5.977691093670501e-10	2
6283185.307179586	1253.5535535535537	7	0.9167110909446672	4.908427750124453e-10	1
6283185.307179586	1469.2192192192192	3	-0.877931498993857	1.1349775178830437e-09	1
6283185.307179586	2053.603603603604	7	1.2677449655883248	2.6904266978172713e-10	1
6283185.307179586	1267.4674674674675	5	0.14024024974467952	1.7142977085979695e-09	1
6283185.307179586	1044.8448448448448	5	1.1838325215979753	4.497972986789543e-10	1
6283185.307179586	2262.3123123123123	8	-1.5422618271560808	2.3595903526717316e-10	2
6283185.307179586	1037.887887887888	6	0.07668828125899041	5.70861119449428e-10	1
6283185.307179586	1218.7687687687687	1	-1.2380528650203746	-1.9084022423362217e-09	1
6283185.307179586	2756.256256256256	4	-0.04232266978732091	-1.6798572531672865e-09	1
6283185.307179586	1643.143143143143	2	0.27078414749772795	-1.3577367157381285e-09	1
6283185.307179586	1385.7357357357357	8	-0.21195310620597074	-1.0679417878707619e-09	1
6283185.307179586	1100.5005005005005	4	-0.7000275393106128	6.524397760010186e-10	1
6283185.307179586	1037.887887887888	2	-0.00020717133583714187	1.131964099818411e-09	1
6283185.307179586	2561.4614614614616	2	0.3038108806971491	-1.6545376860996296e-09	1
6283185.307179586	1705.755755755756	5	-1.1113898355037495	-7.675756672637607e-10	2
6283185.307179586	808.3083083083084	3	-0.8309537808028682	1.5556458073980404e-09	1
6283185.307179586	1135.2852852852852	4	1.3327431712559066	1.710795381705096e-09	2
6283185.307179586	1490.0900900900901	3	1.1086531900660095	-1.5823305467274942e-09	1
6283185.307179586	1232.6826826826828	5	0.5534147641503422	-1.497064143673467e-09	1
6283185.307179586	1705.755755755756	1	0.7919704114410742	-1.045971549855755e-09	1
6283185.307179586	836.1361361361362	1	-0.9624132494830938	-3.714298142175129e-10	2
6283185.307179586	1497.047047047047	8	-0.3514986881188227	-1.8992275118860104e-09	1
6283185.307179586	2359.70970970971	5	-0.991702310436755	-7.840728811639366e-10	1
6283185.307179586	1573.5735735735736	3	0.6306466168337068	-1.8917663129449494e-09	1
6283185.307179586	1837.937937937938	2	-1.1935580834565922	-2.623277436763969e-10	2
6283185.307179586	1615.3153153153153	5	-0.9104639086767449	-9.590493958763755e-10	1
6283185.307179586	1260.5105105105106	3	0.6338205690568484	-3.241502776646528e-12	1
6283185.307179586	1837.937937937938	7	1.013910230727951	1.640004627425933e-09	1
6283185.307179586	1288.3383383383384	8	-0.5690379676209076	-9.934831077872716e-10	1
6283185.307179586	1295.2952952952953	6	-1.2669730310114107	-6.186156169180231e-10	2
6283185.307179586	1817.0670670670672	2	-1.2438090721121788	2.429457449303814e-10	2
6283185.307179586	1768.3683683683685	1	-0.2257434263077287	-1.7610975092059303e-09	1
6283185.307179586	1573.5735735735736	4	1.0232834949457867	-1.4326164769334603e-09	1
6283185.307179586	1211.8118118118118	5	0.8879508210913611	-9.194570128592769e-11	1
6283185.307179586	4648.548548548549	4	1.1586916809690258	-9.508622558653422e-10	1
6283185.307179586	2693.643643643644	5	-0.22931307899958853	1.1984536570183194e-09	1
6283185.307179586	1017.017017017017	2	-0.598625915321285	1.5986631530876792e-09	1
6283185.307179586	1531.8318318318318	8	-0.1692730514784111	1.5848939458732645e-09	1
6283185.307179586	1726.6266266266266	5	-0.10618919211116506	-1.9614520071663035e-09	1
6283185.307179586	2123.1731731731734	2	-0.9610814014372764	4.180136054673369e-10	1
6283185.307179586	606.5565565565565	3	0.32169264507103623	1.3959690400015422e-09	1
6283185.307179586	1990.9909909909911	6	1.3870513073908852	6.04036206221318e-10	1
6283185.307179586	1580.5305305305305	1	0.13971720355682127	-1.4256240878911581e-09	1
6283185.307179586	1170.0700700700702	7	-0.690752650897208	1.509012940194106e-09	1
6283185.307179586	2046.6466466466468	3	0.8122589850739561	-2.4156272541215926e-10	1
6283185.307179586	1490.0900900900901	4	0.3952789442170159	-1.1967619931640017e-09	1
6283185.307179586	1858.8088088088089	4	0.3698442912547517	-1.8156351549893254e-09	1
6283185.307179586	1608.3583583583584	7	-1.2075882000797515	-1.4545965477861405e-09	1
6283185.307179586	1350.950950950951	8	-0.2883628844194017	7.434784753094403e-10	1
6283185.307179586	1100.5005005005005	1	-0.9733362481854171	-5.081418396176178e-10	1
6283185.307179586	1622.2722722722724	8	-0.434988063497328	-1.068957564492671e-09	1
6283185.307179586	1330.08008008008	8	0.5754288365983764	1.6463239034222809e-09	1
6283185.307179586	2338.838838838839	1	0.7198888194479447	-1.932547961926089e-09	1
6283185.307179586	1441.3913913913914	3	0.28652654978683434	1.0786764493877734e-09	1
6283185.307179586	2937.1371371371374	7	-1.125920895165756	3.248419322624982e-10	1
6283185.307179586	2554.5045045045044	6	0.20902128893633765	9.78373080095646e-10	1
6283185.307179586	1378.7787787787788	1	-1.0509306361997384	1.262646512699398e-09	1
6283185.307179586	2151.001001001001	6	-1.1493280226283327	-8.627332133833168e-10	1
6283185.307179586	495.24524524524526	5	-0.6159566860969868	-3.867715187856557e-10	2
6283185.307179586	3027.577577577578	2	-0.863539384928184	-1.02196516760222e-09	1
6283185.307179586	2888.4384384384384	2	-1.3518567490041435	3.807283495391484e-10	1
6283185.307179586	3124.974974974975	2	-1.3997329154061666	-2.60302962577307e-10	1
6283185.307179586	397.84784784784785	7	1.080196462177288	-1.7743311045811981e-09	1
6283185.307179586	1170.0700700700702	2	1.0825918773296306	-2.375300500804211e-10	2
6283185.307179586	1128.3283283283283	2	0.39006220245213985	3.8188892270068386e-10	1
6283185.307179586	627.4274274274275	5	-1.0742891865663111	4.88007990733503e-10	1
6283185.307179586	2526.676676676677	7	0.33722285579528677	-6.987874254311369e-10	1
6283185.307179586	2032.7327327327328	3	-1.3835860849369392	-5.531597385356273e-10	1
6283185.307179586	2644.944944944945	6	0.7439982290285791	1.5172467574436185e-10	2
6283185.307179586	773.5235235235235	2	-1.4934964448580468	-5.517236045799172e-10	2
6283185.307179586	1636.1861861861862	1	0.38437106640734986	-1.0771115501666168e-09	1
6283185.307179586	2930.1801801801803	1	-0.8388445960621582	1.7543159117904428e-09	1
6283185.307179586	1399.6496496496497	8	-0.5906578163597339	1.0357993662288993e-09	1
6283185.307179586	989.1891891891892	1	0.034924443524606996	-1.6642896707081498e-09	1
6283185.307179586	2262.3123123123123	1	-0.9916752398833675	-1.2260240690784402e-09	1
6283185.307179586	1510.960960960961	7	-1.3394523408221823	5.094445486513751e-10	2
6283185.307179586	676.1261261261261	2	0.7633861155002992	-1.7767186827264925e-09	1
6283185.307179586	968.3183183183183	4	-1.211646596447042	1.1868383329697354e-09	2
6283185.307179586	1914.4644644644645	8	0.6870226571875526	-1.0681981355203224e-09	1
6283185.307179586	2102.3023023023025	7	-0.21898121958201422	-1.2687793960886707e-09	1
6283185.307179586	1504.004004004004	6	0.4860790051162782	3.051612913764037e-10	1
6283185.307179586	1824.0240240240241	3	0.7328664258586186	1.2063003918800142e-09	1
6283185.307179586	2095.3453453453453	1	0.07068049990244063	4.720697125089907e-10	1
6283185.307179586	1462.2622622622623	8	-0.952733475926458	-2.72945511900268e-10	2
6283185.307179586	3723.2732732732734	8	-0.07895778148524979	-7.128044582438679e-10	1
6283185.307179586	1657.0570570570571	4	-0.6909021163098491	-1.6837995574148687e-09	1
6283185.307179586	1990.9909909909911	4	0.06088327420800854	4.421641333536376e-10	1
6283185.307179586	1114.4144144144145	7	-0.4754297372986207	-7.360028898512239e-10	1
6283185.307179586	877.877877877878	1	1.3820089246885545	-1.5775010125575719e-10	2
6283185.307179586	2366.6666666666665	2	-0.29135743042361595	-1.5381818166233702e-09	1
6283185.307179586	1399.6496496496497	8	-1.5706158887840784	-2.4954569923352794e-10	1
6283185.307179586	1754.4544544544544	7	0.6783391720232843	9.25108959333765e-10	1
6283185.307179586	1517.917917917918	8	-1.4893055345460025	-1.670913330018498e-09	2
6283185.307179586	3876.3263263263266	3	0.0022405234740336955	1.363422578652343e-09	1
6283185.307179586	2540.5905905905906	7	-1.1722945853792899	8.287909724957842e-10	1
6283185.307179586	2311.011011011011	2	0.8766903447869661	1.5977177236589817e-09	1
6283185.307179586	940.4904904904905	3	-1.253149753189923	1.112975181414818e-09	2
6283185.307179586	2498.848848848849	1	-0.9374179518677802	6.383011349534504e-10	1
6283185.307179586	2429.2792792792793	1	1.2397028837862085	3.9883867155310554e-10	2
6283185.307179586	1956.2062062062062	5	0.2032857107607653	3.677535164625291e-10	1
6283185.307179586	4078.0780780780783	1	-0.147992406949359	1.3845150769440082e-09	1
6283185.307179586	1789.2392392392394	2	-0.781576546040833	1.2297596810856592e-09	1
6283185.307179586	460.46046046046047	8	0.9420043341911359	4.740884121413069e-10	1
6283185.307179586	1886.6366366366367	5	-1.1790093009499114	9.522994855081037e-10	2
6283185.307179586	1051.801801801802	3	-0.9169341729741028	-8.19352681364039e-11	2
6283185.307179586	1524.8748748748749	4	-0.6717524089790126	1.3600996770521873e-09	1
6283185.307179586	3438.038038038038	5	-0.9518149778135198	9.961778657458961e-10	1
6283185.307179586	1622.2722722722724	3	0.7043111637279198	5.616691974839415e-11	2
6283185.307179586	2825.825825825826	5	-0.06374424253934818	1.6471127163102193e-10	1
6283185.307179586	2185.7857857857857	7	0.2350142300088256	1.922961370138935e-09	1
6283185.307179586	1330.08008008008	5	-0.1449756145037573	4.948786029911428e-11	1
6283185.307179586	731.7817817817818	3	0.7247178845858482	1.1311573009043351e-10	2
6283185.307179586	2380.5805805805808	5	0.5335150143566776	1.9871970667481924e-09	1
6283185.307179586	1531.8318318318318	2	-1.4366194835335668	9.202793506633218e-11	1
6283185.307179586	2255.3553553553556	5	-0.20557119264138946	-1.6611469415404076e-09	1
6283185.307179586	982.2322322322323	5	0.2237331967645173	-1.8199920697819878e-09	1
6283185.307179586	1907.5075075075076	5	0.5433773838679898	3.7772832178372613e-10	2
6283185.307179586	2109.259259259259	1	-0.8673672295054244	-4.0323523139409194e-10	2
6283185.307179586	1587.4874874874874	4	0.6290237920471768	1.5063998249987899e-09	1
6283185.307179586	3660.6606606606606	5	-1.5156468361225321	-1.9595148410793115e-09	2
6283185.307179586	2422.322322322322	1	-0.7931407472677363	-1.99180399327544e-09	1
6283185.307179586	3187.5875875875877	7	-0.8091852842851812	1.5779280197549792e-09	1
6283185.307179586	2547.5475475475478	3	1.3113287458074643	1.169172128327333e-09	2
6283185.307179586	2540.5905905905906	2	1.294090454393598	5.633338510861013e-10	1
6283185.307179586	1253.5535535535537	4	-0.8721333172608444	-8.985180216337075e-10	1
6283185.307179586	1135.2852852852852	2	0.09764417114741408	1.717489206150694e-09	1
6283185.307179586	2324.924924924925	8	-0.9333261843665082	-3.160155526821283e-10	2
6283185.307179586	3361.511511511512	6	-0.5828003635463873	-1.986513661996149e-09	1
6283185.307179586	2109.259259259259	5	-0.43844914521916123	1.2854300942374217e-09	1
6283185.307179586	1622.2722722722724	4	1.1934517493520422	6.258657081805035e-10	2
6283185.307179586	3131.931931931932	5	0.9778764347300175	1.1521298186498198e-09	1
6283185.307179586	2004.904904904905	3	0.3458083653941373	-1.3665376501059542e-10	2
6283185.307179586	620.4704704704704	4	-0.6906611410589722	-5.67242461347076e-10	1
6283185.307179586	2658.858858858859	4	-0.779130777790971	8.199248146596047e-10	1
6283185.307179586	2088.388388388388	6	-0.49373246254328373	-1.7296347250092419e-09	1
6283185.307179586	1462.2622622622623	2	-0.4705068711089344	8.309728706981254e-10	1
6283185.307179586	376.97697697697697	3	0.8549141562934905	-1.0910235731731486e-10	2
6283185.307179586	2032.7327327327328	5	-0.7604308585996602	-9.959650644159758e-10	1
6283185.307179586	1636.1861861861862	6	1.484793110321525	-1.6898604583208674e-09	2
6283185.307179586	1775.3253253253254	8	-0.9263106198360515	1.5250645060567218e-09	1
6283185.307179586	2227.5275275275276	8	1.1173384006828155	-1.6985613114963207e-09	1
6283185.307179586	2714.5145145145148	4	0.1738118704284486	-1.37662513086923e-10	1
6283185.307179586	1337.0370370370372	5	-0.1800228268657953	9.690998099335576e-10	1
6283185.307179586	1086.5865865865867	6	0.7919346237501212	2.0223896756956022e-10	1
6283185.307179586	1281.3813813813815	1	0.7626295307877009	3.6731095219717776e-10	1
6283185.307179586	822.2222222222223	8	1.031812059052497	1.1178630680899204e-09	1
6283185.307179586	2811.911911911912	5	0.3714257110996453	3.923120688567729e-10	1
6283185.307179586	2241.4414414414414	5	0.5927970544383125	1.63023235421978e-09	1
6283185.307179586	627.4274274274275	2	0.901837217316753	4.748200042695604e-11	1
6283185.307179586	2123.1731731731734	6	1.2490977506311696	6.215435987725945e-10	1
6283185.307179586	2589.289289289289	6	-1.3088722197226244	-4.337811455443942e-10	1
6283185.307179586	1768.3683683683685	8	-1.1969032032917153	5.639859480730838e-10	2
6283185.307179586	509.1591591591592	2	-0.2529577249070831	-1.0811044773322755e-09	2
6283185.307179586	1378.7787787787788	1	1.1554388825170063	1.1867006993533977e-09	1
6283185.307179586	641.3413413413414	7	-1.009517517165567	-6.033336285600544e-10	1
6283185.307179586	2958.008008008008	2	1.471301588270853	-1.0897763504791098e-09	2
6283185.307179586	1128.3283283283283	6	-0.16635191772901026	1.7676169578000282e-09	1
6283185.307179586	1350.950950950951	5	1.0819256059671911	3.108514179327488e-10	1
6283185.307179586	1469.2192192192192	6	0.758376583978384	1.4671456409566938e-09	0
6283185.307179586	1636.1861861861862	4	0.46605448962961926	-1.7222641801393297e-09	1
6283185.307179586	2067.5175175175173	7	0.6215283622200882	-1.6466794276485175e-10	1
6283185.307179586	3013.6636636636636	8	-0.5502650496546342	-3.623028787223177e-10	1
6283185.307179586	1510.960960960961	3	-1.0192266865530122	8.759532650529458e-10	1
6283185.307179586	940.4904904904905	6	1.3827184647788906	-5.217430357486244e-10	2
6283185.307179586	690.04004004004	4	1.0886546740898222	7.522549887430786e-11	1
6283185.307179586	467.4174174174174	6	1.547945888478476	1.3880213713220812e-09	1
6283185.307179586	2533.6336336336335	7	1.0187795779968005	5.855615424075568e-10	2
6283185.307179586	2846.6966966966966	4	1.3968015770386253	-1.148964161954764e-09	2
6283185.307179586	1517.917917917918	5	-0.4567323442002167	-7.841205472738296e-10	1
6283185.307179586	2860.610610610611	6	1.3719715022328693	1.9335798617578552e-09	1
6283185.307179586	3431.0810810810813	8	-0.05434232308847009	1.6945984203081243e-10	1
6283185.307179586	286.5365365365366	6	0.6199133835078774	4.548651517648248e-10	1
6283185.307179586	1121.3713713713714	8	-0.9548125405381138	-1.6162423360024244e-09	1
6283185.307179586	975.2752752752752	6	1.511836128763885	-7.347658447294908e-10	1
6283185.307179586	1343.993993993994	4	0.13020420756727402	1.87768130739887e-09	1
6283185.307179586	4140.690690690691	3	0.24714915023747253	5.47944283517e-11	2
6283185.307179586	1740.5405405405406	6	0.8928660052095965	-9.157516344072891e-10	1
6283185.307179586	1629.2292292292293	1	-1.0854338477767986	1.5666404746399812e-09	1
6283185.307179586	1517.917917917918	4	0.2031510321042187	-1.3155089603906787e-10	1
6283185.307179586	2784.084084084084	6	-0.9819785159380171	1.4389960355845891e-09	0
6283185.307179586	168.2682682682683	6	0.049751386181227764	-1.5198127733996218e-09	1
6283185.307179586	3271.071071071071	3	0.9349086239498341	-1.7143638402694378e-09	1
6283185.307179586	1371.821821821822	5	0.27162579315309365	-1.5195218103530532e-09	1
6283185.307179586	1740.5405405405406	4	0.4578229246854808	1.8198292913650538e-09	1
6283185.307179586	912.6626626626627	8	0.5786199910178897	1.2222572279164108e-09	2
6283185.307179586	1274.4244244244244	4	-0.4390805696818598	2.812011392824468e-10	2
6283185.307179586	641.3413413413414	5	0.45000320439289654	1.6746449413802369e-09	1
6283185.307179586	940.4904904904905	6	-0.9496517640076804	1.0739532284007734e-09	2
6283185.307179586	2665.8158158158158	2	-0.004251859450015827	7.189674839289512e-10	1
6283185.307179586	641.3413413413414	3	1.1392476388012889	1.2267406766888316e-09	2
6283185.307179586	2818.868868868869	6	1.1008505470734367	1.5944485963913232e-09	1
6283185.307179586	2505.805805805806	4	1.4353337877335082	-5.866915063558853e-11	1
6283185.307179586	1935.3353353353355	8	0.3974934565106518	1.4954233260988718e-09	1
6283185.307179586	279.57957957957956	6	1.092887275525365	-1.7778841334832332e-09	1
6283185.307179586	2777.127127127127	1	0.33427940980670123	1.7641847170796425e-09	1
6283185.307179586	1789.2392392392394	4	-0.4664426865756768	-3.4741868575260207e-10	1
6283185.307179586	175.22522522522524	8	0.10387259968877416	-5.160657181739837e-10	1
6283185.307179586	425.6756756756757	6	-1.2783685154828401	1.3962701749585308e-09	2
6283185.307179586	1288.3383383383384	1	-0.7131973765273526	-3.5874959173654644e-10	2
6283185.307179586	1900.5505505505505	5	-0.00710337373879022	-1.7700521379811277e-09	1
6283185.307179586	1017.017017017017	2	-1.0562290042141145	-1.0149863517578197e-09	1
6283185.307179586	2185.7857857857857	4	-1.435309372196226	1.6408456515294855e-09	2
6283185.307179586	1309.2092092092093	4	-1.1515648472041493	-4.693116047410965e-10	2
6283185.307179586	884.8348348348349	1	0.9345498043082197	5.99357605472612e-10	1
6283185.307179586	1183.983983983984	4	0.40331857554356976	-3.5963175233416376e-10	2
6283185.307179586	1629.2292292292293	1	-1.449082431173322	1.219684282282811e-09	1
6283185.307179586	1232.6826826826828	6	0.4924706813158748	9.791437415600408e-10	1
6283185.307179586	3250.2002002002005	1	0.4704289347862596	-5.498270310533175e-11	2
6283185.307179586	2874.5245245245246	4	1.0647617518324064	-4.805199814170411e-10	1
6283185.307179586	2317.967967967968	6	1.126464997957573	-3.4372830816120555e-10	1
6283185.307179586	1183.983983983984	8	0.2019179603973862	-1.1278114635911396e-09	1
6283185.307179586	2471.021021021021	6	0.7705910539426255	4.2634208706696644e-10	2
6283185.307179586	2756.256256256256	7	0.6334322437938127	-3.7984081997410567e-10	1
6283185.307179586	1183.983983983984	4	-0.5891996836747083	-1.3164389533424343e-09	1
6283185.307179586	1497.047047047047	8	-0.15500888010667535	-1.2542941899031687e-09	1
6283185.307179586	1239.6396396396397	6	0.4567261511303462	2.0867607572923264e-10	1
6283185.307179586	1851.851851851852	6	1.5159166757303009	-1.3558233916260495e-09	1
6283185.307179586	363.06306306306305	4	0.42602465811446066	-1.2864836679500172e-09	2
6283185.307179586	1844.8948948948948	2	-0.4956489964415751	1.1872287404866692e-09	1
6283185.307179586	1183.983983983984	3	-1.272039682494917	1.8615980189914755e-09	1
6283185.307179586	1984.034034034034	3	0.8812873981265121	1.14677183580706e-09	1
6283185.307179586	1747.4974974974975	8	1.3678063122307824	-7.120113205242538e-10	2
6283185.307179586	1392.6926926926926	8	0.12968881604010885	1.5812240386139553e-10	2
6283185.307179586	1197.897897897898	8	-0.47867458252459416	-3.4696184484849407e-10	1
6283185.307179586	1768.3683683683685	3	-0.9913943591428	6.361146400298593e-10	1
6283185.307179586	2853.6536536536537	7	0.9741766723484453	1.8906879927258618e-09	1
6283185.307179586	1622.2722722722724	6	-0.4642642276077533	-1.0405532165617216e-09	1
6283185.307179586	1928.3783783783783	4	-0.6495450117795654	1.5558921927367272e-09	1
6283185.307179586	2888.4384384384384	2	0.7015566163629527	-1.7825704670024085e-09	1
6283185.307179586	1190.940940940941	5	1.4939067248486109	-1.9238148591208534e-09	2
6283185.307179586	1003.1031031031031	2	-0.4842219442042419	-1.8475294665759595e-09	1
6283185.307179586	2060.5605605605606	5	-0.5098595940510264	3.893326180800551e-10	2
6283185.307179586	1086.5865865865867	8	0.40629905402108646	1.6053948179137487e-09	1
6283185.307179586	1281.3813813813815	3	0.9006427761369786	-1.9814896182356377e-09	1
6283185.307179586	1350.950950950951	7	0.1747462860329585	-9.266668553994509e-10	1
6283185.307179586	1865.7657657657658	4	-0.4290083616184508	1.211521767847771e-09	1
6283185.307179586	2178.828828828829	6	0.5077573766318397	9.462008321624098e-10	0
6283185.307179586	2408.4084084084084	6	0.03889266258981805	1.0186947446384272e-09	1
6283185.307179586	1830.980980980981	3	0.4991302869053471	-2.4718092449087783e-10	1
6283185.307179586	2060.5605605605606	1	0.08308849307962984	-8.501514449717811e-10	1
6283185.307179586	1977.077077077077	7	-0.7020388642221146	4.454856658679961e-10	2
6283185.307179586	1065.7157157157158	7	-0.5030136345643903	-1.9699973526574794e-09	1
6283185.307179586	2756.256256256256	6	1.2721992632445511	-1.0741298455957701e-09	2
6283185.307179586	2130.13013013013	6	-0.06398892042227833	8.699332781424855e-10	1
6283185.307179586	3264.1141141141143	3	-0.9001906700947304	1.0325704845951363e-11	1
6283185.307179586	1573.5735735735736	4	-0.8420652359258746	1.3048299373852747e-09	1
6283185.307179586	2728.4284284284286	6	-0.07096485434386457	-1.7895392989009969e-09	1
6283185.307179586	1504.004004004004	5	0.9800130665588767	-1.2124251257793822e-09	1
6283185.307179586	1559.6596596596596	1	-0.3740249752851108	-1.1429399527997766e-09	1
6283185.307179586	1580.5305305305305	6	-0.8451414203133306	-1.7743780634182024e-09	1
6283185.307179586	1712.7127127127128	7	0.7375923013208476	-8.271270367279513e-10	1
6283185.307179586	1149.1991991991993	2	-0.6151067327251849	-9.749850713715663e-10	1
6283185.307179586	1657.0570570570571	4	-0.5587576405138841	1.4100398200187524e-09	1
6283185.307179586	2540.5905905905906	7	-0.541129313815337	-1.3043380147024483e-09	1
6283185.307179586	3069.319319319319	2	-0.39980026821736003	-8.22847091417449e-10	1
6283185.307179586	1997.947947947948	7	-0.20355771592229255	-3.680863416039081e-10	1
6283185.307179586	2547.5475475475478	2	0.32176868203435216	-4.73061897365521e-10	1
6283185.307179586	1559.6596596596596	4	-0.30611351742147597	1.9410513151236683e-09	1
6283185.307179586	1970.1201201201202	6	-1.0470811613365911	-1.518252598584499e-09	1
6283185.307179586	3104.1041041041044	4	-0.7100627458763813	3.569565001705941e-10	1
6283185.307179586	1260.5105105105106	8	-0.0407977962570909	-2.7901358663201494e-10	1
6283185.307179586	1288.3383383383384	3	-0.5070279417958752	-5.470004057276734e-10	2
6283185.307179586	1643.143143143143	1	0.5476400692059191	3.370216143557289e-11	2
6283185.307179586	1691.8418418418419	7	-0.49407799233319927	-1.628587986863648e-09	1
6283185.307179586	1921.4214214214214	7	-0.9099821071236506	-1.1833776051207048e-09	1
6283185.307179586	2415.3653653653655	5	1.361800597709331	3.0809127614697847e-10	2
6283185.307179586	2624.0740740740744	8	1.0219422380937218	3.9644945175244007e-10	2
6283185.307179586	2477.977977977978	1	-0.5644570061754455	-6.451412339902417e-10	1
6283185.307179586	2888.4384384384384	2	0.8058518082263699	-3.720559281528967e-10	2
6283185.307179586	1956.2062062062062	1	-0.21433340031852088	-1.3827162319791815e-09	1
6283185.307179586	2665.8158158158158	1	1.2964507440381494	1.696665629899074e-09	1
6283185.307179586	1225.7257257257259	6	0.209757610415916	7.274686167234568e-10	1
6283185.307179586	2575.3753753753754	2	0.4060466128870015	-6.204018585288531e-10	1
6283185.307179586	2137.087087087087	5	0.9865661414656501	4.3295889183622096e-10	1
6283185.307179586	2505.805805805806	6	-1.2610484990455295	-9.195103880186482e-11	2
6283185.307179586	2241.4414414414414	4	1.2830758459027258	-9.209450792233876e-10	1
6283185.307179586	3744.1441441441443	1	0.5594111978697716	1.0245191242897875e-09	1
6283185.307179586	1197.897897897898	4	0.7810427607465495	1.9142708507995955e-09	1
6283185.307179586	1705.755755755756	6	-0.038094988908445426	8.663045603753359e-10	1
6283185.307179586	1371.821821821822	2	0.36550994235071244	-3.0589400849699995e-11	2
6283185.307179586	1267.4674674674675	8	-1.1910718107794267	2.1068227805726765e-10	2
6283185.307179586	1267.4674674674675	3	0.34294096867492185	1.3275488710030898e-09	1
6283185.307179586	1204.854854854855	3	0.11730447340809858	-1.783514390081772e-09	1
6283185.307179586	1183.983983983984	6	0.533466562503611	7.633819219020395e-10	1
6283185.307179586	1935.3353353353355	8	0.012537766270070971	4.816360964771908e-10	2
6283185.307179586	2624.0740740740744	1	0.6978184567076053	4.2543551134782896e-10	1
6283185.307179586	2867.5675675675675	5	-1.3378946877123883	1.263156250119813e-09	1
6283185.307179586	2679.72972972973	6	-0.8137543384892244	-1.0002718600879859e-09	1
6283185.307179586	1879.6796796796798	8	0.33871919689619223	2.934875029819642e-10	2
6283185.307179586	2311.011011011011	7	1.507285317138968	1.347716271481088e-09	2
6283185.307179586	1893.5935935935936	8	-0.8291992367010643	1.0629278942611308e-09	1
6283185.307179586	703.9539539539539	7	-0.4495140916197824	-6.519726903474315e-10	1
6283185.307179586	1135.2852852852852	7	-0.6437918739199683	-1.5059494798612706e-09	1
6283185.307179586	1337.0370370370372	6	0.10884901039036587	6.217473611615515e-10	1
6283185.307179586	2373.6236236236236	7	-0.0748148669743125	1.4685480561988196e-09	1
6283185.307179586	877.877877877878	5	0.20717339459024275	-3.168818254369677e-10	1
6283185.307179586	1190.940940940941	8	0.8034636100993224	-7.985729207695607e-10	1
6283185.307179586	2171.871871871872	3	0.5876466866073375	1.6565229444680333e-09	1
6283185.307179586	2777.127127127127	3	-0.2424607000179022	1.085515304728778e-09	1
6283185.307179586	1197.897897897898	7	-1.373803484204262	-1.3869178809846054e-09	1
6283185.307179586	3326.7267267267266	1	0.49260282383424503	1.0908700972619681e-10	2
6283185.307179586	2665.8158158158158	6	0.46846866366203477	4.6478946228232457e-10	1
6283185.307179586	2262.3123123123123	4	-0.7410645007576456	9.106676657713881e-10	1
6283185.307179586	1392.6926926926926	2	1.2953851489413468	8.294693733415221e-10	2
6283185.307179586	2060.5605605605606	5	-0.9083978722976106	-5.211700640293655e-10	1
6283185.307179586	863.963963963964	8	-0.4405122300644775	1.3554883072366608e-09	1
6283185.307179586	1163.113113113113	6	-0.406013972892995	-3.0024817186070286e-10	1
6283185.307179586	1893.5935935935936	5	0.9681241875825317	-6.052450002629239e-10	1
6283185.307179586	982.2322322322323	6	-0.3422504507578179	-1.7738825726519143e-10	2
6283185.307179586	1003.1031031031031	3	0.3084616814299135	-2.963261490042503e-10	2
6283185.307179586	2770.1701701701704	6	-0.45255799707768407	1.1046473946199767e-10	2
6283185.307179586	2484.934934934935	5	-0.27239599099491163	7.0223432001224e-10	1
6283185.307179586	1476.176176176176	3	-0.9955551594366355	-6.928996653119369e-10	1
6283185.307179586	2088.388388388388	1	0.205042111062965	-3.066422823135823e-10	1
6283185.307179586	1357.9079079079079	3	-1.470667176079835	1.2543542027018382e-09	1
6283185.307179586	328.27827827827826	4	-1.4873722995763152	8.455974048971421e-10	1
6283185.307179586	2011.8618618618618	5	1.17184822661322	1.3679302813082327e-09	1
6283185.307179586	648.2982982982983	6	0.43763696752135006	-6.198929109565899e-10	1
6283185.307179586	1907.5075075075076	5	0.43319652823855437	-4.4179868678046625e-10	1
6283185.307179586	2401.4514514514517	4	-0.26066186441142825	1.3456182986918685e-10	1
6283185.307179586	2512.762762762763	5	-0.7799922626369331	-1.8100661779742602e-09	1
6283185.307179586	1684.884884884885	3	-1.0307975853099762	1.7427182877894223e-09	1
6283185.307179586	2464.064064064064	2	-1.402179144701931	2.133391239621689e-10	1
6283185.307179586	829.1791791791792	8	-1.2487755373795038	-3.6906496102176196e-10	2
6283185.307179586	3646.746746746747	1	0.6278942711850295	-1.7881430855087235e-09	1
6283185.307179586	2811.911911911912	5	1.3819940419857057	2.571778871774249e-10	2
6283185.307179586	2241.4414414414414	4	-0.11867283298246534	-8.383933826562707e-10	1
6283185.307179586	1935.3353353353355	6	-0.7977164633842372	3.8614760398124677e-10	1
6283185.307179586	1288.3383383383384	7	0.26075223234451994	1.6008531142903628e-09	1
6283185.307179586	1288.3383383383384	4	1.1941844583173653	-8.581061178453694e-10	1
6283185.307179586	1670.970970970971	8	1.2882948144417363	7.14015814443937e-10	1
6283185.307179586	1552.7027027027027	2	0.1714913935807536	-8.323051618938994e-10	1
6283185.307179586	1830.980980980981	1	-1.2610996495865854	-1.165474140306774e-09	2
6283185.307179586	2860.610610610611	8	1.1083667180212107	6.604670628442246e-10	2
6283185.307179586	2992.792792792793	7	-0.19297421996438047	1.2306523579822892e-10	1
6283185.307179586	2018.818818818819	1	0.49994772926313136	1.2250183970598881e-09	1
6283185.307179586	968.3183183183183	4	1.125202414884459	-1.5521809537415852e-09	1
6283185.307179586	1531.8318318318318	3	1.062445041317091	-1.9708208191523483e-09	1
6283185.307179586	724.8248248248249	5	0.585607000898122	5.153703847976381e-10	1
6283185.307179586	2269.2692692692694	4	-1.0756008445463467	-4.141170934830713e-11	1
6283185.307179586	1357.9079079079079	8	0.5222740450134595	2.0748288532662604e-10	2
6283185.307179586	2540.5905905905906	1	0.4441760557957659	1.664448300583479e-09	1
6283185.307179586	1740.5405405405406	2	-0.17181250257993286	8.378131979150923e-10	1
6283185.307179586	2276.226226226226	7	-1.4519946339043868	-1.1180506029344634e-09	2
6283185.307179586	1093.5435435435436	7	-0.3894676721595929	1.6000623363517104e-10	2
6283185.307179586	1545.7457457457458	1	1.312217056762862	-5.463849372401377e-10	2
6283185.307179586	2672.772772772773	5	-1.5356557593076756	1.0485729806430054e-09	1
6283185.307179586	2206.6566566566567	6	-0.7626017592351295	9.878630517278307e-10	1
6283185.307179586	1657.0570570570571	4	0.9278194037604486	-1.391941224293186e-09	1
6283185.307179586	1225.7257257257259	5	-0.23869570769274362	1.1344955472115613e-09	1
6283185.307179586	557.8578578578579	2	1.2141657337217922	-1.5572411615325242e-09	1
6283185.307179586	2436.2362362362364	4	0.36210968636930096	-6.339953405496344e-10	1
6283185.307179586	2324.924924924925	5	0.39144236643662644	-1.7825419505982507e-09	1
6283185.307179586	1545.7457457457458	2	0.5773838655367034	5.000140798679119e-10	1
6283185.307179586	1413.5635635635635	6	-0.6138704046591054	1.931151334837082e-09	1
6283185.307179586	1114.4144144144145	2	0.4591481154111152	8.430356627180681e-10	1
6283185.307179586	2276.226226226226	5	-0.7301413760990882	-1.2940748855943026e-09	1
6283185.307179586	2846.6966966966966	2	1.2141476316454516	1.9674940463200214e-10	2
6283185.307179586	2311.011011011011	2	1.1021145790257285	-8.252160648559369e-10	1
6283185.307179586	2032.7327327327328	5	1.0231542856681202	-9.812810817089527e-10	1
6283185.307179586	2317.967967967968	2	0.2922582433812768	-8.631127701745656e-10	1
6283185.307179586	933.5335335335336	6	1.1859834349151832	-2.8803192935509794e-10	2
6283185.307179586	1796.1961961961963	4	-0.5409379368883733	-1.3740601162128768e-09	1
6283185.307179586	884.8348348348349	1	-0.6331581739593513	1.775928233300343e-09	1
6283185.307179586	947.4474474474474	7	-0.29987573894662223	1.185182509605648e-09	1
6283185.307179586	1796.1961961961963	6	-1.0032140215257257	6.731595963343194e-11	1
6283185.307179586	2338.838838838839	8	0.48445050549096225	-7.299722193946257e-10	1
6283185.307179586	1107.4574574574574	6	0.83140637193587	-1.2271859323568932e-11	2
6283185.307179586	2436.2362362362364	3	-0.805961098666549	1.3336481605409128e-09	1
