axial trapping frequency (MHz) 	 velocity(m/s) 	 ion collided with 	 angle(rads) 	 collision offset(m) 	 reorder? (1 is reorder 2 is ejection) 
6283185.307179586	1580.5305305305305	3	0.48426136952781373	1.5382659122120134e-09	1
6283185.307179586	2617.1171171171172	3	0.7346982929222272	-1.3537202044511178e-09	1
6283185.307179586	1858.8088088088089	7	1.3851371551181217	-1.709504577527274e-09	1
6283185.307179586	1107.4574574574574	7	0.6196200681727966	7.948801984272233e-11	2
6283185.307179586	1023.973973973974	7	0.015278910594359152	1.05952067051626e-09	1
6283185.307179586	1928.3783783783783	3	-1.4886554715642968	1.4132565854348213e-09	1
6283185.307179586	1295.2952952952953	4	-1.3382740975826986	1.7952696587423305e-09	1
6283185.307179586	1664.014014014014	4	-0.8208625786259897	7.402110842979442e-10	1
6283185.307179586	2672.772772772773	8	-0.4017275403207903	-1.4112797507191447e-09	1
6283185.307179586	717.8678678678679	3	-1.479664137253797	-1.3764778997982311e-13	1
6283185.307179586	1135.2852852852852	4	-1.1975818609770108	1.9668912293368736e-09	1
6283185.307179586	829.1791791791792	5	-0.24732859073399327	-7.537042517288808e-10	1
6283185.307179586	2665.8158158158158	6	-1.2878349301271228	7.142339229271755e-10	2
6283185.307179586	2046.6466466466468	7	-0.6364899081416313	-1.2812254139888243e-09	1
6283185.307179586	2568.4184184184187	8	-0.0058151207898640145	-3.9342488045162893e-10	1
6283185.307179586	1483.1331331331332	1	1.3475021686830488	1.5776963864248926e-09	2
6283185.307179586	1796.1961961961963	7	0.023879234745227018	3.389371690784824e-10	1
6283185.307179586	2575.3753753753754	1	-0.8329948480726266	5.285044537741999e-10	1
6283185.307179586	2477.977977977978	2	-0.12716006902272525	7.557733243357748e-10	1
6283185.307179586	836.1361361361362	5	1.440489821738724	-1.2807462766644818e-09	1
6283185.307179586	1900.5505505505505	5	0.597261444634698	7.350111874778155e-11	1
6283185.307179586	3062.3623623623625	4	-1.4349045706412507	4.197345015535866e-10	1
6283185.307179586	690.04004004004	2	0.4475683776385275	4.38923838883449e-10	1
6283185.307179586	1608.3583583583584	7	-0.4616880165239021	1.8717020798618156e-09	1
6283185.307179586	2081.4314314314315	5	-1.4210467768348987	-1.6750295506235544e-09	2
6283185.307179586	2923.223223223223	3	-0.9060134862684504	1.960695776462295e-09	1
6283185.307179586	1490.0900900900901	4	1.4576662811566812	1.7139511523846457e-09	2
6283185.307179586	1559.6596596596596	1	-1.2353554725795837	-1.62045574315915e-09	1
6283185.307179586	1427.4774774774776	5	-0.08772094221581206	-1.307857032333988e-09	1
6283185.307179586	1337.0370370370372	7	-0.17199714805858157	5.054676581074143e-10	1
6283185.307179586	1177.027027027027	1	0.9457590026936717	9.970240494392245e-10	1
6283185.307179586	1636.1861861861862	6	-0.7101374193153175	9.944816362445243e-10	1
6283185.307179586	1844.8948948948948	7	0.8775781014433535	-6.961356913728612e-10	1
6283185.307179586	3820.670670670671	6	-0.04423822635537511	1.1445033199739933e-09	1
6283185.307179586	599.5995995995996	4	1.0533407599530284	-9.904139761299913e-10	2
6283185.307179586	1517.917917917918	2	-0.1622641203283992	1.0458364367195002e-10	1
6283185.307179586	1253.5535535535537	4	0.15244444650845002	-1.7549337059095214e-09	1
6283185.307179586	1670.970970970971	5	-0.1074728209891258	1.2382978015221305e-09	1
6283185.307179586	1218.7687687687687	1	-1.170594705389612	-9.366691497550974e-10	2
6283185.307179586	1371.821821821822	4	0.32344768222355236	-1.0878136623492872e-09	1
6283185.307179586	3222.3723723723724	6	-0.6590917388963636	-1.954525989587943e-09	1
6283185.307179586	1378.7787787787788	6	-1.1129194117074976	-1.6983480498563144e-09	1
6283185.307179586	2714.5145145145148	2	-1.3186693309144535	-1.963406653552509e-09	1
6283185.307179586	1928.3783783783783	6	0.6730350212774496	-2.2769485019558785e-10	2
6283185.307179586	1399.6496496496497	7	0.3080664386222436	1.3392349674146641e-09	1
6283185.307179586	1594.4444444444446	2	0.3147313947403605	8.808468065141922e-10	1
6283185.307179586	1330.08008008008	8	0.040622043923982165	-9.256646996436224e-10	1
6283185.307179586	1824.0240240240241	6	-0.06372877801754773	-1.86402438250258e-09	1
6283185.307179586	696.996996996997	5	0.4206167213794314	7.317772364531602e-11	1
6283185.307179586	1942.2922922922924	8	-1.4098260983067168	1.8364398726368876e-09	1
6283185.307179586	1211.8118118118118	1	-0.13991623637400474	-1.961828594699904e-09	1
6283185.307179586	1023.973973973974	5	1.1022264646509492	-1.0249305192228162e-09	1
6283185.307179586	1622.2722722722724	6	0.9431577552815424	-1.4535698330300578e-09	1
6283185.307179586	1636.1861861861862	1	0.9244765780063964	-2.0343433796914533e-10	2
6283185.307179586	1810.11011011011	5	1.1692837012001451	6.958700344767717e-10	1
6283185.307179586	1664.014014014014	2	1.2795869321109654	-1.5686274188817832e-10	1
6283185.307179586	1510.960960960961	4	-0.6532452884321539	-7.594206237832095e-10	1
6283185.307179586	1114.4144144144145	3	-0.5760598342799085	-1.7193107198982376e-10	1
6283185.307179586	2644.944944944945	8	-0.5820216979862256	-1.2969317453136506e-09	1
6283185.307179586	3250.2002002002005	8	0.7112318722938946	-1.0917695687646254e-10	2
6283185.307179586	2770.1701701701704	7	-0.6573716471213534	-6.479944898906386e-10	1
6283185.307179586	1997.947947947948	8	-0.45756306836414806	2.710169827387325e-10	2
6283185.307179586	933.5335335335336	2	-0.13759640972658005	7.278499848041488e-10	1
6283185.307179586	1921.4214214214214	3	-1.3140207363794958	-6.749617347424165e-10	1
6283185.307179586	2387.5375375375374	7	1.2266299963583247	-1.2959241602883044e-09	1
6283185.307179586	3514.5645645645645	6	-1.4342405772685547	1.1568559961757985e-09	2
6283185.307179586	3138.888888888889	5	-1.5233064513484524	-5.906731569961852e-10	1
6283185.307179586	1803.1531531531532	7	1.1450413459868147	1.3891412671339748e-09	1
6283185.307179586	1316.1661661661662	4	0.38860909395411025	5.42986993880978e-11	2
6283185.307179586	2060.5605605605606	8	0.4363865485639753	-1.219701159685571e-09	1
6283185.307179586	1684.884884884885	3	-0.422123851660579	4.0944790163811976e-10	1
6283185.307179586	1364.864864864865	4	0.01821590222646341	-9.44037079685149e-10	1
6283185.307179586	1017.017017017017	7	0.99126745881326	1.892582719425883e-09	1
6283185.307179586	1928.3783783783783	7	-1.1529849115650048	2.912534221456955e-10	2
6283185.307179586	1267.4674674674675	8	-0.15837380367458365	4.26924900771192e-10	2
6283185.307179586	3347.5975975975975	4	0.7206027151460224	3.202275334300692e-10	2
6283185.307179586	1302.2522522522522	2	-1.128485855054592	7.981540097114166e-10	1
6283185.307179586	1288.3383383383384	5	-0.9769811376228142	-1.6528176565944124e-09	1
6283185.307179586	2151.001001001001	4	-1.2051795792480593	1.3756441492698668e-09	1
6283185.307179586	1309.2092092092093	6	1.0167836260168674	6.329786183832921e-10	1
6283185.307179586	745.6956956956957	6	-1.4454914047114744	1.0806401228927439e-09	1
6283185.307179586	1093.5435435435436	1	-0.8995859417037491	-1.8716496462555392e-09	1
6283185.307179586	1615.3153153153153	1	-1.0159905118272299	1.1673903136803577e-09	1
6283185.307179586	1629.2292292292293	2	1.0900181339383708	1.5502421144608447e-09	1
6283185.307179586	669.1691691691692	2	-0.2983466645719708	-8.798527095718227e-10	2
6283185.307179586	1914.4644644644645	6	-1.2305994824694015	-1.5040069781690263e-09	1
6283185.307179586	1448.3483483483483	7	-1.2475000291341605	1.7589517632501874e-10	2
6283185.307179586	1643.143143143143	1	-0.12680538177996836	-6.728760189406096e-10	1
6283185.307179586	1984.034034034034	5	0.8162384123294038	1.1647238429819843e-09	1
6283185.307179586	1538.788788788789	4	-1.4958615918281146	1.029497320495093e-09	1
6283185.307179586	1837.937937937938	1	1.4714922192592153	-1.0862814578726652e-09	2
6283185.307179586	1670.970970970971	6	-0.8862483105187904	-1.9497220801741996e-09	1
6283185.307179586	905.7057057057058	5	0.7200686605485851	-5.199485990489508e-10	1
6283185.307179586	3152.802802802803	3	1.1833884068311296	-1.155502431708177e-09	1
6283185.307179586	1156.1561561561562	8	0.6316001436467742	-3.728817069294595e-10	1
6283185.307179586	1817.0670670670672	3	-1.3087630468913538	4.948264468044575e-10	1
6283185.307179586	2109.259259259259	3	0.20108316221907185	2.79214163541074e-10	1
6283185.307179586	1886.6366366366367	5	-1.2628392145715237	8.01201710123135e-10	2
6283185.307179586	1684.884884884885	2	1.3871591412551836	-3.583118951144386e-10	1
6283185.307179586	1128.3283283283283	2	-1.228078821168233	-1.3979685258727442e-09	2
6283185.307179586	1524.8748748748749	3	0.33852270219847846	5.027870941165083e-10	1
6283185.307179586	578.7287287287287	8	-0.9511199139587041	-2.8822383489788237e-10	1
6283185.307179586	516.1161161161161	6	0.3234502637099057	1.3587114673300259e-09	1
6283185.307179586	1385.7357357357357	7	-0.508208599413291	-1.3667115539124187e-09	1
6283185.307179586	1023.973973973974	3	-0.5701205179176987	-1.7668194444391726e-09	1
6283185.307179586	1170.0700700700702	2	1.4969232971025361	-1.990815741214684e-09	1
6283185.307179586	1684.884884884885	2	-0.28178075520370904	1.3428320433783e-09	1
6283185.307179586	1573.5735735735736	8	1.3584631347868275	-1.170428448114362e-09	2
6283185.307179586	4238.088088088089	8	1.014023729851552	1.8161975247963143e-10	2
6283185.307179586	2804.954954954955	8	0.9053920639663033	-1.7069163378661153e-09	1
6283185.307179586	989.1891891891892	7	-0.053579304514643544	-1.088459318623527e-09	1
6283185.307179586	460.46046046046047	7	1.076459900558706	-1.9051846583616785e-09	1
6283185.307179586	2714.5145145145148	2	0.2558933816991753	3.923473909162278e-10	1
6283185.307179586	2693.643643643644	4	-0.8737584927771093	-1.286315567914033e-09	1
6283185.307179586	1225.7257257257259	1	-1.0716893907033538	4.725205373834216e-10	2
6283185.307179586	2394.4944944944946	6	0.6438045005878466	-1.6058741721134454e-09	1
6283185.307179586	1580.5305305305305	7	1.476657603808711	-1.861532782526203e-09	1
6283185.307179586	2380.5805805805808	4	-0.8935613090028423	1.4128896582345457e-09	1
6283185.307179586	912.6626626626627	7	1.140636430336524	1.6637923247904177e-09	1
6283185.307179586	1121.3713713713714	3	-0.0552255225630891	1.8105762702659827e-09	1
6283185.307179586	1970.1201201201202	3	1.5228076441711158	1.2673114780298868e-09	2
6283185.307179586	933.5335335335336	7	-0.21431094111086813	8.191449263943602e-10	1
6283185.307179586	1580.5305305305305	3	-1.458617448680196	-1.295713203201074e-09	2
6283185.307179586	2464.064064064064	1	-0.9250234859931907	2.1773184881062388e-10	2
6283185.307179586	2401.4514514514517	7	1.1148710707680123	1.1333222676667604e-09	1
6283185.307179586	3076.2762762762763	4	-0.30033283333454364	1.3013137796716658e-09	1
6283185.307179586	2561.4614614614616	5	0.06607610616134973	-4.797214682318067e-10	1
6283185.307179586	488.2882882882883	8	-0.6947919660004731	-1.81797922845647e-09	1
6283185.307179586	2547.5475475475478	2	0.23425873867226077	1.6589872570858614e-09	1
6283185.307179586	1817.0670670670672	5	0.9517671351152219	-3.2213980545653126e-10	2
6283185.307179586	2171.871871871872	8	1.2252580601256788	1.993650844779096e-09	1
6283185.307179586	1239.6396396396397	7	0.35984691086904186	2.251000569048339e-10	1
6283185.307179586	1990.9909909909911	8	-0.6711499378047511	1.9278822665367674e-09	1
6283185.307179586	2422.322322322322	1	0.6622983474347759	-1.850311213292434e-09	1
6283185.307179586	1761.4114114114116	7	1.2033030773293696	-5.336104870250446e-10	2
6283185.307179586	1281.3813813813815	4	1.3495232903650107	1.89200188694481e-09	1
6283185.307179586	2018.818818818819	7	-0.42894828111502337	1.1917054747964619e-09	1
6283185.307179586	1594.4444444444446	5	0.0201053893109977	9.419770010968377e-10	1
6283185.307179586	2624.0740740740744	1	-0.4997444780413214	7.039561273918313e-11	2
6283185.307179586	272.62262262262266	3	-0.7092754579028759	-1.056451168012587e-09	1
6283185.307179586	1970.1201201201202	7	1.1523838058897078	1.962059712267559e-09	1
6283185.307179586	836.1361361361362	4	-0.5304621789436068	1.8727993655207833e-09	1
6283185.307179586	1364.864864864865	3	0.22876197029202294	-1.2851041445355978e-09	1
6283185.307179586	3403.253253253253	1	-1.0811489463051966	1.3620261328245108e-09	1
6283185.307179586	2498.848848848849	6	-1.0841502021263774	-1.3613410769061934e-09	0
6283185.307179586	1893.5935935935936	8	-1.2086770549613757	-3.9742633391604335e-11	2
6283185.307179586	1156.1561561561562	5	0.5371067588738319	-1.9414942622609456e-09	1
6283185.307179586	1246.5965965965966	1	-0.1980386163973089	9.043659988170046e-12	2
6283185.307179586	1858.8088088088089	8	-0.14321306723201466	3.932282240216626e-10	2
6283185.307179586	1789.2392392392394	4	-0.13277683157972242	-1.995572421988147e-09	1
6283185.307179586	1761.4114114114116	1	-0.6936017728600604	-7.407411116820693e-10	1
6283185.307179586	2011.8618618618618	6	0.04324414390809217	3.3645662571487725e-10	1
6283185.307179586	1900.5505505505505	5	-0.5462808926014964	-8.481039151557845e-10	1
6283185.307179586	1309.2092092092093	3	-0.6359307513237343	-1.8422335666544028e-09	1
6283185.307179586	1990.9909909909911	3	-0.960639108420272	1.258345545625611e-09	1
6283185.307179586	1587.4874874874874	4	0.7055869114734925	1.7875514500616297e-09	1
6283185.307179586	1462.2622622622623	4	-1.1408003865488667	-1.758303538373789e-09	1
6283185.307179586	1629.2292292292293	3	-0.0313035745434973	4.222954758622662e-11	2
6283185.307179586	1302.2522522522522	3	-0.2795297383931261	3.826062091278626e-10	2
6283185.307179586	1601.4014014014015	5	0.3270906248368457	-7.696338123753664e-10	1
6283185.307179586	1761.4114114114116	1	0.5847436386787073	3.1581229782593927e-10	1
6283185.307179586	3041.4914914914916	5	-0.12328615027743495	1.9045776290909356e-09	1
6283185.307179586	1531.8318318318318	2	0.209038698551391	-2.816641490037953e-10	1
6283185.307179586	3486.736736736737	2	-0.9969393986858723	1.513048103548415e-09	1
6283185.307179586	1580.5305305305305	8	-0.4406695960237401	9.348709365417193e-10	1
6283185.307179586	2923.223223223223	6	-0.29331374673972666	6.122440205772824e-10	1
6283185.307179586	1865.7657657657658	4	-1.353466323848946	-1.3698958569461093e-09	2
6283185.307179586	1949.2492492492493	8	0.9850558103710516	-4.2737694875150744e-10	2
6283185.307179586	585.6856856856857	7	-0.1854714779816451	-1.840758593916141e-09	1
6283185.307179586	2269.2692692692694	6	-0.7131126045624507	-7.904314157937523e-10	1
6283185.307179586	1448.3483483483483	4	1.0471956253022632	-1.7172123946160762e-09	1
6283185.307179586	1510.960960960961	1	0.23939100761424958	5.645009608456731e-10	1
6283185.307179586	1587.4874874874874	1	0.9647660094327208	9.569157076248197e-10	0
6283185.307179586	1170.0700700700702	2	-0.009629011613597749	-5.061317156747944e-10	1
6283185.307179586	1204.854854854855	7	1.4134990507992375	1.830825615654433e-09	2
6283185.307179586	2394.4944944944946	3	1.2122271542175316	-2.6016942493906653e-10	1
6283185.307179586	293.4934934934935	8	0.061496261592458135	-2.731580808134383e-11	1
6283185.307179586	2797.997997997998	2	0.529353350304858	8.001909772317587e-10	1
6283185.307179586	3765.0150150150153	7	-0.7612813317327097	9.874150492089754e-11	2
6283185.307179586	1288.3383383383384	5	-0.12364377526875026	-7.49513436607801e-10	1
6283185.307179586	1837.937937937938	3	-0.5775572158648669	-1.7722387553182478e-09	1
6283185.307179586	1343.993993993994	6	1.1979318235029508	-1.2255840468618243e-09	1
6283185.307179586	2081.4314314314315	5	-0.7055618999922392	-8.02269875867251e-10	0
6283185.307179586	1337.0370370370372	3	0.5086948258302799	-1.3427168150470768e-09	1
6283185.307179586	2568.4184184184187	1	-1.421948646665487	1.0443808171166643e-09	2
6283185.307179586	1239.6396396396397	1	0.43004894317951026	8.954347545573106e-10	1
6283185.307179586	2603.2032032032034	7	-0.4751000730236985	-1.4107705272674363e-09	1
6283185.307179586	2116.2162162162163	3	-0.6427778212314755	1.318389949120432e-09	1
6283185.307179586	1343.993993993994	7	-0.49510769555065126	1.597611849308683e-09	1
6283185.307179586	2345.795795795796	6	-0.6567285507348721	-1.2265403908599325e-09	1
6283185.307179586	1017.017017017017	2	-1.0049388911132353	-1.297141795172443e-09	2
6283185.307179586	2380.5805805805808	4	-0.9120265780038344	5.919758303931925e-10	1
6283185.307179586	884.8348348348349	1	0.8935316011877101	8.907900609761387e-10	1
6283185.307179586	3243.2432432432433	3	-1.2847903411959263	-9.44257141169668e-10	1
6283185.307179586	2227.5275275275276	4	0.03548534575321449	-6.529730379895944e-10	1
6283185.307179586	1949.2492492492493	7	0.6818646207060701	-1.929358824996783e-09	1
6283185.307179586	2011.8618618618618	2	-0.24683542139382286	-1.233285255065971e-09	1
6283185.307179586	2060.5605605605606	5	-0.026996188974121482	-7.584417085874039e-10	1
6283185.307179586	1664.014014014014	2	0.26682212823993434	-2.1892666310465885e-10	1
6283185.307179586	1274.4244244244244	2	0.47696159799641746	-1.6273121776162173e-09	1
6283185.307179586	2791.041041041041	6	0.11191233944372247	-9.439341683150989e-10	1
6283185.307179586	2575.3753753753754	1	-1.3648970052393121	1.0303865478869058e-09	2
6283185.307179586	2714.5145145145148	8	1.1511962800243785	1.481871198536241e-09	1
6283185.307179586	1538.788788788789	2	-0.7893651079568834	-2.86791028310057e-10	1
6283185.307179586	1879.6796796796798	2	-0.31338359925946513	1.9463512833956185e-09	1
6283185.307179586	2185.7857857857857	2	1.174967167985995	-9.011676473759142e-10	1
6283185.307179586	2178.828828828829	1	-1.0745182431427907	-6.070551927919881e-10	1
6283185.307179586	1420.5205205205204	5	-0.9540514508002169	-1.3804910645953351e-09	1
6283185.307179586	926.5765765765766	8	1.0521593478222289	1.201187928311562e-09	1
6283185.307179586	3173.673673673674	7	-1.3938498642001231	1.1867733223048643e-09	2
6283185.307179586	2283.1831831831832	8	1.227951191155793	1.279516179478418e-09	1
6283185.307179586	1977.077077077077	6	1.48726863392055	4.785686319194596e-10	1
6283185.307179586	1545.7457457457458	6	0.1664796484171498	-7.512272176131618e-10	1
6283185.307179586	1740.5405405405406	2	0.25991523465831645	1.959306026769554e-09	1
6283185.307179586	710.910910910911	4	0.31542980007935495	-1.9733276782140317e-09	1
6283185.307179586	1573.5735735735736	8	-0.4203288759143802	-2.673642882060784e-10	1
6283185.307179586	2582.3323323323325	6	0.8812364796740848	-3.1889018607638864e-10	2
6283185.307179586	2895.3953953953956	4	-0.3916387781082229	1.5210366864841278e-09	1
6283185.307179586	1497.047047047047	5	0.7872964043850592	-6.124310133645841e-10	1
6283185.307179586	2422.322322322322	6	0.436090324537298	-6.980814814750147e-10	1
6283185.307179586	1719.6696696696697	4	0.434680996500191	-1.062274341717329e-09	1
6283185.307179586	1664.014014014014	6	-0.1182516999637524	-5.878324433193831e-10	1
6283185.307179586	2818.868868868869	2	-0.17761657686507504	6.700118343023007e-11	2
6283185.307179586	2804.954954954955	7	0.7796242702404288	-1.101457066740054e-09	1
6283185.307179586	1608.3583583583584	6	-0.5748228328726129	-2.8746142845385067e-10	2
6283185.307179586	947.4474474474474	6	0.13509637933140395	7.264285682592703e-10	2
6283185.307179586	3611.961961961962	8	-1.4730120852699495	-1.0441739325078748e-09	2
6283185.307179586	2032.7327327327328	3	-0.3779122518833451	6.785898726414444e-11	2
6283185.307179586	1970.1201201201202	2	-1.373656274579384	-1.2083795401120688e-09	2
6283185.307179586	1935.3353353353355	4	-1.1902686454273301	1.214156622414393e-09	1
6283185.307179586	2297.097097097097	3	0.9433161613507388	-1.3354553109469275e-09	1
6283185.307179586	2436.2362362362364	7	-0.04360979932024023	-1.7001047609322316e-09	1
6283185.307179586	780.4804804804805	5	1.0669229411970118	-6.507970066863101e-10	1
6283185.307179586	1003.1031031031031	2	-0.011943158431606982	-1.1861125733711045e-09	1
6283185.307179586	2450.1501501501502	6	0.750046822734503	6.989028781043346e-10	1
6283185.307179586	2401.4514514514517	1	0.1769948229468825	1.1117199644272474e-09	1
6283185.307179586	780.4804804804805	8	-0.6792907441321188	1.6004769672935004e-09	1
6283185.307179586	1177.027027027027	2	-1.3999061171503897	-1.887762512171657e-09	1
6283185.307179586	1858.8088088088089	3	-0.610327447075485	-8.021885017686942e-12	1
6283185.307179586	272.62262262262266	2	0.17703612333932628	1.6518653200761451e-09	1
6283185.307179586	1274.4244244244244	7	-0.3484474132053903	1.3818454833842443e-09	1
6283185.307179586	2130.13013013013	5	0.49229613315148946	9.213797389207246e-10	1
6283185.307179586	1497.047047047047	8	-1.090907162493766	3.229639609210633e-10	2
6283185.307179586	2742.3423423423424	4	-1.053705261289706	1.8314217513205111e-09	1
6283185.307179586	3243.2432432432433	7	-1.5076152929866449	-1.3650992837927553e-10	2
6283185.307179586	3271.071071071071	7	-0.7193980657548901	-9.779139123509909e-10	1
6283185.307179586	1044.8448448448448	4	1.3058164822299139	6.958951701800717e-10	1
6283185.307179586	1796.1961961961963	4	0.999119963969564	-9.070516960592152e-10	1
6283185.307179586	2324.924924924925	5	-1.400785317976474	-1.3375012444843187e-09	2
6283185.307179586	2262.3123123123123	5	1.081230129358334	5.878101786066157e-10	2
6283185.307179586	1601.4014014014015	1	-1.3090951347961692	-1.0694737400562104e-09	2
6283185.307179586	1879.6796796796798	2	-1.4765076528470122	1.969135835323811e-09	1
6283185.307179586	1218.7687687687687	4	1.2742481231259162	-9.629912480737743e-10	2
6283185.307179586	1427.4774774774776	1	-1.503156962968112	-1.5804892428797502e-09	1
6283185.307179586	1830.980980980981	2	1.5576066726900057	4.515077915521189e-10	2
6283185.307179586	1580.5305305305305	8	-0.6100149292350392	-1.1989309675772334e-09	1
6283185.307179586	662.2122122122122	7	1.0484137302874967	-9.74165403142711e-10	1
6283185.307179586	634.3843843843844	8	-0.36858649578953817	9.159629323485997e-10	2
6283185.307179586	1796.1961961961963	3	-0.9647007178717433	3.833646906303462e-10	1
6283185.307179586	3389.3393393393394	5	0.35445507243254215	1.6910281971091675e-09	1
6283185.307179586	1392.6926926926926	4	-1.0094307888561496	-4.346860024782369e-10	1
6283185.307179586	2519.7197197197197	6	0.9653822073653786	5.14427078280797e-10	2
6283185.307179586	1517.917917917918	6	-1.4685121640028393	-4.3866315029270756e-10	1
6283185.307179586	2888.4384384384384	8	1.5482964074550924	1.0235934863659013e-09	1
6283185.307179586	2526.676676676677	4	1.0006696677420752	-4.6204800814301395e-12	1
6283185.307179586	1664.014014014014	8	-1.1675140567242304	-1.788254283489198e-11	1
6283185.307179586	1260.5105105105106	1	0.9074889039922427	6.180615229389756e-10	1
6283185.307179586	1636.1861861861862	6	-1.5662595659508254	-1.9587425907487415e-09	1
6283185.307179586	2025.7757757757759	4	0.1048126299807457	-7.146205700539187e-10	1
6283185.307179586	1253.5535535535537	4	-0.8254434511038075	1.4301316124876661e-09	1
6283185.307179586	1114.4144144144145	8	-1.5277196221258544	-1.1648707886752408e-09	2
6283185.307179586	1218.7687687687687	1	-0.9445026813404463	-4.518899820230961e-10	2
6283185.307179586	2457.1071071071074	7	-0.6117035292032115	-1.648904446477028e-10	1
6283185.307179586	1622.2722722722724	5	-1.2863249924939195	1.3349838509093493e-09	1
6283185.307179586	2213.613613613614	7	-0.31913322215605944	1.480709047242314e-09	1
6283185.307179586	1434.4344344344345	8	0.4006764423370357	-9.529917115707192e-11	2
6283185.307179586	2338.838838838839	1	1.2016414545095553	-3.526989994811815e-10	2
6283185.307179586	3124.974974974975	6	0.17917885339434436	1.7098541304632115e-09	1
6283185.307179586	2290.1401401401404	6	-0.9732840780444791	-6.473131415331737e-10	1
6283185.307179586	1865.7657657657658	4	1.4641445527776704	-7.143459675464054e-10	1
6283185.307179586	1218.7687687687687	6	1.413031731361492	8.711701410910523e-10	2
6283185.307179586	2874.5245245245246	5	-1.42917794570768	1.0872680075444826e-09	1
6283185.307179586	2164.914914914915	3	-1.454616853916607	1.8015215301350287e-09	1
6283185.307179586	2255.3553553553556	4	-1.3227034205714856	-4.107803431085726e-10	1
6283185.307179586	926.5765765765766	8	-0.2875095818284983	1.2803356788270897e-09	1
6283185.307179586	996.1461461461462	1	-0.20883081400771397	-1.1719063484005346e-09	1
6283185.307179586	1712.7127127127128	2	-1.167229266344957	-1.9956381588407225e-10	1
6283185.307179586	356.1061061061061	1	1.0732886522315717	-1.008435571708633e-09	1
6283185.307179586	662.2122122122122	5	-0.685637966320446	-1.1590076611682725e-09	1
6283185.307179586	2297.097097097097	5	-1.5095048119697903	1.1850860417988302e-09	2
6283185.307179586	2317.967967967968	8	-0.6998485692542741	-5.8019460895868e-10	1
6283185.307179586	2046.6466466466468	6	-0.24620239507842623	1.698042092142424e-09	1
6283185.307179586	2227.5275275275276	5	-0.05389465839587415	-1.441949992632859e-09	1
6283185.307179586	1622.2722722722724	5	-1.0316105337548658	-1.4588529868849123e-09	1
6283185.307179586	1810.11011011011	6	-1.2343360671639647	4.3980956854638424e-10	2
6283185.307179586	3152.802802802803	7	-0.1791314272108615	1.4215802083972762e-09	1
6283185.307179586	488.2882882882883	4	1.4657728143016961	-1.2898173395669961e-09	1
6283185.307179586	1107.4574574574574	4	-1.0142477003521	-1.603582962445894e-10	1
6283185.307179586	766.5665665665666	1	1.0352697860417521	-1.7541080730422617e-09	1
6283185.307179586	1733.5835835835837	5	-1.1779256607289572	-1.1647878267283362e-09	1
6283185.307179586	2032.7327327327328	7	0.07152371366520072	-1.0499677677646786e-09	1
6283185.307179586	1754.4544544544544	3	1.3973626894509916	3.996560805231245e-10	1
6283185.307179586	1323.1231231231232	5	0.911691995675092	1.5718639120620337e-09	1
6283185.307179586	2658.858858858859	7	-0.7399397738868475	1.2125018053402936e-09	1
6283185.307179586	592.6426426426426	4	0.4733103526738933	2.2756262509342053e-11	2
6283185.307179586	2178.828828828829	7	-0.6049085120562657	-1.761008468970077e-09	1
6283185.307179586	1552.7027027027027	5	0.27578667173546334	-5.895972334261784e-10	1
6283185.307179586	2457.1071071071074	7	0.3725979382753273	-4.1489834357439294e-10	1
6283185.307179586	891.7917917917919	3	0.39228099283970885	-9.518247414292574e-10	1
6283185.307179586	1093.5435435435436	4	-1.1423669759283346	1.8565467467729016e-09	1
6283185.307179586	857.007007007007	2	-1.065954044852234	-2.5158110779672736e-11	1
6283185.307179586	1441.3913913913914	6	0.19512146325181612	2.2013944760099782e-10	1
6283185.307179586	3215.4154154154153	5	-0.4842715066262593	1.1012719734704492e-09	1
6283185.307179586	1420.5205205205204	7	-0.9011334820626722	1.7963857737427522e-09	1
6283185.307179586	1538.788788788789	5	0.3537239332782598	1.9269071686295767e-09	1
6283185.307179586	961.3613613613613	3	-1.105077728700779	-1.6557315168647567e-09	1
6283185.307179586	2401.4514514514517	2	-0.7743522960729251	8.308666937581317e-10	1
6283185.307179586	780.4804804804805	6	-0.9452309571957604	8.893871885710795e-10	1
6283185.307179586	2199.6996996997	7	-1.512574159782861	1.462143452061559e-09	2
6283185.307179586	2157.957957957958	2	1.5588409474883806	-1.2767047956099277e-09	1
6283185.307179586	2338.838838838839	8	-1.4061283188102176	-1.473936695243984e-09	2
6283185.307179586	1970.1201201201202	2	-0.9875037093863196	1.3032302343989166e-09	1
6283185.307179586	2164.914914914915	3	0.6666742045863892	1.7429087860436496e-09	1
6283185.307179586	1740.5405405405406	6	-0.9807000063247497	-1.3409226793119424e-09	1
6283185.307179586	1337.0370370370372	5	0.5661137288343849	1.0688840965993093e-09	1
6283185.307179586	2032.7327327327328	6	-0.39697053536624005	1.8924750672258834e-09	1
6283185.307179586	829.1791791791792	2	-1.285678736441661	-2.1900337911488876e-10	2
6283185.307179586	2457.1071071071074	8	-0.02246928278652538	7.0565408691302e-10	1
6283185.307179586	2088.388388388388	8	-0.33935431367283164	8.663749305315206e-10	1
6283185.307179586	1629.2292292292293	4	0.7637900619728679	1.3344145489435915e-09	1
6283185.307179586	1796.1961961961963	8	0.3937552621586895	1.0117480695852684e-09	1
6283185.307179586	1552.7027027027027	6	0.008378504276145726	-1.314544481580303e-09	1
6283185.307179586	2366.6666666666665	5	-0.6707428914716115	-4.023531072434729e-10	2
6283185.307179586	2157.957957957958	8	0.7527174194725621	-1.8249820196254555e-09	1
6283185.307179586	669.1691691691692	4	-1.1337052073100387	7.449363759448361e-10	2
6283185.307179586	1907.5075075075076	7	0.4087489969720577	1.059045590328937e-09	1
6283185.307179586	3305.855855855856	7	0.5142940323656209	-5.6802798314234567e-11	2
6283185.307179586	1712.7127127127128	5	1.5693880238570692	1.4542555176307407e-10	2
6283185.307179586	2297.097097097097	8	-0.44587258045509426	-9.681109954951911e-10	1
6283185.307179586	870.9209209209209	6	-1.5317562195393974	1.601325801258003e-09	2
6283185.307179586	2178.828828828829	2	-0.5043138052564466	-7.177861006691888e-10	1
6283185.307179586	2018.818818818819	4	-0.03552172605245585	-1.7079617327944196e-09	1
6283185.307179586	1677.927927927928	1	-1.234894090899672	-8.779266033110456e-10	1
6283185.307179586	1761.4114114114116	3	-1.1208241369636875	-8.779370777083284e-10	1
6283185.307179586	1629.2292292292293	6	0.43953857425338816	9.929727940236166e-10	0
6283185.307179586	1114.4144144144145	4	0.5845067549340448	-5.731919158758361e-10	2
6283185.307179586	2540.5905905905906	4	0.7565068338126788	-1.3122080515365978e-09	1
6283185.307179586	2408.4084084084084	6	0.3352071937835428	1.5594152854584272e-10	1
6283185.307179586	404.8048048048048	4	-0.43467247304039214	3.613160644498735e-10	1
6283185.307179586	1559.6596596596596	6	0.6793230325311304	1.4603853031585936e-09	1
6283185.307179586	1949.2492492492493	1	-0.00478609842008626	1.6933190388899017e-09	1
6283185.307179586	2060.5605605605606	4	-1.333368931873208	1.6534909328750387e-09	2
6283185.307179586	3138.888888888889	1	-0.2959616781664496	1.704617072832179e-09	1
6283185.307179586	3013.6636636636636	1	1.0199929611362237	-1.366402603601102e-09	1
6283185.307179586	1865.7657657657658	5	0.13439218194666336	5.727439857172008e-10	1
6283185.307179586	2192.742742742743	5	-0.5616565743840476	3.2213035395657787e-10	1
6283185.307179586	1580.5305305305305	4	-1.3220882904611542	8.460644069658352e-10	2
6283185.307179586	3333.6836836836837	2	-0.6964378215052589	-6.611042782784105e-10	1
6283185.307179586	2227.5275275275276	4	-0.20120276039610863	-3.908182832749496e-10	2
6283185.307179586	877.877877877878	7	1.5439144535185902	-1.911355150276337e-09	2
6283185.307179586	2234.4844844844847	3	-0.2940688980646209	6.87531156590523e-10	1
6283185.307179586	2366.6666666666665	3	-0.2587335410158331	-1.6317336497071283e-09	1
6283185.307179586	2422.322322322322	4	0.9880701446673683	1.9633687736557306e-09	1
6283185.307179586	1399.6496496496497	1	0.4870830984994683	5.6087132882937635e-12	2
6283185.307179586	1364.864864864865	8	0.5461819420591829	-1.187212199979221e-09	1
6283185.307179586	2853.6536536536537	6	-0.1573543207373076	-8.539195368308367e-10	1
6283185.307179586	2130.13013013013	4	-0.9866742901412545	-1.0336766297262053e-09	1
6283185.307179586	1058.7587587587586	1	-0.33910956376696055	6.68121575510337e-10	1
6283185.307179586	759.6096096096096	3	-0.9890479378073969	-1.3752764491784599e-09	2
6283185.307179586	1622.2722722722724	3	0.35695101264379936	-1.176692122745791e-09	1
6283185.307179586	1204.854854854855	5	0.1218945314817026	-3.111426595082524e-10	2
6283185.307179586	1142.2422422422424	5	-0.7894069049130078	1.7108384143984783e-09	1
6283185.307179586	1872.7227227227227	6	-0.21587831685462655	1.354054646407877e-09	1
6283185.307179586	1183.983983983984	5	0.9379254128107646	1.113199722560212e-09	1
6283185.307179586	1893.5935935935936	8	0.2220258961117758	-8.992447810551726e-10	1
6283185.307179586	1337.0370370370372	3	-1.0588710619794481	-4.613868215478219e-10	2
6283185.307179586	2067.5175175175173	8	-1.1358752896309472	1.8611662132208762e-09	1
6283185.307179586	1726.6266266266266	8	-0.3008343341014481	-2.3233867519344243e-10	2
6283185.307179586	815.2652652652653	6	0.13794116114341626	-9.216590394111944e-11	2
6283185.307179586	2547.5475475475478	4	-0.2748936306965235	-2.3458619737608543e-10	2
6283185.307179586	2568.4184184184187	3	-1.129533261417042	1.353914656911473e-09	1
6283185.307179586	2477.977977977978	8	-0.8259161770313473	-1.5792564735812507e-10	2
6283185.307179586	2958.008008008008	6	1.2811787464339863	1.4927121351170547e-09	1
6283185.307179586	2206.6566566566567	3	0.2272949628462042	4.038439321170679e-10	1
6283185.307179586	710.910910910911	5	-1.5065924306921488	8.405185803822681e-10	2
6283185.307179586	2825.825825825826	6	0.3244897407048839	1.6711576022560192e-09	1
6283185.307179586	1768.3683683683685	4	-0.3870173010828113	-1.371798174823805e-09	1
6283185.307179586	947.4474474474474	6	-0.7432490048043202	6.984936655515725e-10	1
6283185.307179586	2547.5475475475478	1	-0.8554973551054725	3.860704929617756e-10	2
6283185.307179586	2971.921921921922	5	0.19175515597086945	-3.782951245641901e-10	1
6283185.307179586	662.2122122122122	6	-0.3625894537654053	-1.4871625901098238e-09	1
6283185.307179586	1218.7687687687687	6	0.8330568723573468	7.179931813283441e-10	2
6283185.307179586	1907.5075075075076	7	-1.3158805947716548	1.4219944852531524e-10	1
6283185.307179586	3159.75975975976	5	0.006440187814712228	-1.370207359272533e-09	1
6283185.307179586	1253.5535535535537	6	-1.5024408912872549	4.0019614250882525e-10	2
6283185.307179586	1524.8748748748749	6	1.1800597642504522	-1.2674484298102109e-09	1
6283185.307179586	1281.3813813813815	2	0.08647113988333532	1.2346610867446283e-09	1
6283185.307179586	982.2322322322323	3	0.12384204026904344	9.569800211440502e-10	1
6283185.307179586	2436.2362362362364	5	0.8775426384517595	-1.9084298946968534e-09	1
6283185.307179586	1858.8088088088089	8	-1.4207042909357375	1.991680184418622e-09	1
6283185.307179586	1504.004004004004	6	1.5219104720570877	-1.3860263459726591e-09	2
6283185.307179586	3257.157157157157	7	0.04477771569975264	-1.7012982070591219e-09	1
6283185.307179586	2387.5375375375374	2	-0.42016105070869547	-1.527387136765389e-09	1
6283185.307179586	870.9209209209209	3	0.40838342331408906	-1.0415378979724482e-10	2
6283185.307179586	1128.3283283283283	4	-1.0287686707791268	5.754727054068871e-10	1
6283185.307179586	2749.2992992992995	6	1.2065826154632826	4.565966087717607e-10	2
6283185.307179586	1010.0600600600601	8	-0.8681320714206634	-9.272456077287301e-11	2
6283185.307179586	3291.941941941942	7	-0.8656024787004696	-9.296064732660176e-10	1
6283185.307179586	1587.4874874874874	5	1.1730208531912014	5.843844291811943e-10	1
6283185.307179586	1984.034034034034	6	1.3097977334619628	1.7449400226373472e-09	1
6283185.307179586	3417.1671671671675	8	-1.4277490994485906	1.1621664157894262e-09	2
6283185.307179586	1782.2822822822823	8	-0.3060068519388648	-1.7409648733292631e-09	1
6283185.307179586	1573.5735735735736	8	1.5636626146842025	1.1029987610867874e-10	1
6283185.307179586	954.4044044044044	3	-1.0131164981430685	1.3673534173410542e-09	1
6283185.307179586	3333.6836836836837	1	-0.6302991033170905	-1.3919175493885048e-09	1
6283185.307179586	1086.5865865865867	6	-1.4410447578119991	3.901776107954292e-10	2
6283185.307179586	2909.3093093093094	4	1.3649744298279374	1.7399212185835822e-09	1
6283185.307179586	2380.5805805805808	4	-0.5243171267579438	7.453603169484287e-10	1
6283185.307179586	2603.2032032032034	3	0.36320078422723023	-5.436299478082279e-11	1
6283185.307179586	2144.0440440440443	2	1.523644744544466	-9.330844188283174e-10	2
6283185.307179586	1615.3153153153153	1	-0.25704496847538927	5.178232593797827e-10	1
6283185.307179586	1378.7787787787788	2	-0.5228368459896144	-8.260143634621567e-10	1
6283185.307179586	954.4044044044044	1	0.11678151022201977	5.341458536792565e-10	1
6283185.307179586	1316.1661661661662	5	-0.7611369028942861	-2.040391925241507e-10	1
6283185.307179586	1538.788788788789	6	-1.068160405204403	1.426925281716512e-10	1
6283185.307179586	1190.940940940941	5	0.8858817016217553	-2.192545722414648e-10	1
6283185.307179586	850.0500500500501	6	1.3072623540172121	-1.8284287052749027e-09	2
6283185.307179586	1364.864864864865	2	0.2176961405160467	1.7098001425862665e-09	1
6283185.307179586	1538.788788788789	1	-0.9199912975552698	-7.035360340501326e-10	2
6283185.307179586	3027.577577577578	5	1.394996716347067	-1.1691254082429171e-09	2
6283185.307179586	1441.3913913913914	2	-1.4440974336925523	1.5555323430300407e-09	1
6283185.307179586	488.2882882882883	7	0.20985113005471967	5.546223144175246e-10	2
6283185.307179586	1824.0240240240241	8	0.07136318325202806	7.549081012270067e-10	1
6283185.307179586	1997.947947947948	3	-1.2213218363560228	7.549580746037915e-10	1
6283185.307179586	1879.6796796796798	3	1.4695440743590984	3.344431960305924e-10	2
6283185.307179586	1761.4114114114116	2	-1.3077044135728784	-6.987972190137413e-10	2
6283185.307179586	2568.4184184184187	4	0.8551561315005602	-1.646131310428328e-10	1
6283185.307179586	2484.934934934935	7	0.23697493574089346	1.132221911555107e-09	1
6283185.307179586	2373.6236236236236	5	-1.5598316271325925	1.070710127478344e-09	2
6283185.307179586	1531.8318318318318	5	0.08821910402234057	1.6312939962170455e-09	1
6283185.307179586	2867.5675675675675	8	-0.17735975505418966	6.883615831186751e-10	1
6283185.307179586	3201.5015015015015	8	0.8569793046757548	2.740702151296129e-10	1
6283185.307179586	3020.6206206206207	1	0.19133452918999838	1.302931964347231e-10	1
6283185.307179586	1949.2492492492493	5	-0.47886303373009054	-3.81815892663397e-10	2
6283185.307179586	1545.7457457457458	3	1.0958839761085897	1.4427225307338474e-09	1
6283185.307179586	2825.825825825826	6	1.4183112227288812	-4.5374126865526116e-10	1
6283185.307179586	1664.014014014014	8	0.11081761776460386	-9.102105773402322e-11	2
6283185.307179586	857.007007007007	7	0.5058371290831065	6.997072871255833e-10	1
6283185.307179586	696.996996996997	7	-0.8355257504424988	-8.893144166337221e-10	1
6283185.307179586	3111.061061061061	5	0.6353274767372166	5.932857577498299e-10	1
6283185.307179586	690.04004004004	1	-1.4625253814375572	-1.1486197794431862e-09	1
6283185.307179586	1657.0570570570571	4	0.7301979225607265	-4.6027200056432673e-10	1
6283185.307179586	989.1891891891892	2	-0.8906650135897717	-1.7502416449166906e-09	1
6283185.307179586	1684.884884884885	7	1.3057408595485391	1.3085638117630777e-09	2
6283185.307179586	1003.1031031031031	3	-1.1247221167710788	-8.219693440909333e-10	1
6283185.307179586	2192.742742742743	4	0.03821191528463741	-1.956123347675838e-09	1
6283185.307179586	1114.4144144144145	3	-0.14257713823397067	9.537613615704045e-10	1
6283185.307179586	2610.16016016016	3	1.14047236801825	-7.415631135425353e-10	1
6283185.307179586	2102.3023023023025	3	0.35678506670542465	-1.092457211349144e-09	1
6283185.307179586	1232.6826826826828	5	-0.7801978309039941	-8.436293407522077e-10	1
6283185.307179586	1100.5005005005005	7	0.6297811580134041	-7.154979022930768e-10	1
6283185.307179586	2387.5375375375374	7	0.42321911872932017	-1.2625646492757414e-09	1
6283185.307179586	1246.5965965965966	2	1.5664125602734797	-3.3824656594031663e-10	1
6283185.307179586	1504.004004004004	8	-0.810633248738517	-6.711550172731436e-10	1
6283185.307179586	1893.5935935935936	6	0.6404271715401473	1.7378848925130283e-09	1
6283185.307179586	488.2882882882883	3	-1.048632826909747	-6.075310535030307e-10	2
6283185.307179586	1552.7027027027027	2	-1.4793239061284624	-2.244189559999246e-10	1
6283185.307179586	1657.0570570570571	8	-0.08166659990256409	5.030257890960857e-10	2
6283185.307179586	1977.077077077077	4	-0.6977599217792487	-1.2307565478520979e-09	1
6283185.307179586	2345.795795795796	2	-1.4670821348077783	-1.490911482778922e-09	1
6283185.307179586	1622.2722722722724	8	0.34329809245027043	-9.3733723372331e-10	1
6283185.307179586	1163.113113113113	5	1.4219492227978567	-1.1513686202902208e-10	2
6283185.307179586	1573.5735735735736	4	-0.13990503993438108	4.313489489938591e-11	1
6283185.307179586	418.7187187187187	4	-1.4319231868075581	7.388394448488756e-10	2
6283185.307179586	2185.7857857857857	1	-1.0242352925570977	1.3588225986690561e-09	1
6283185.307179586	1928.3783783783783	2	1.3200254606215447	9.836612831201925e-10	2
6283185.307179586	2471.021021021021	5	1.0189204521039623	8.854300681141693e-10	1
6283185.307179586	2797.997997997998	2	0.34664790517266075	-9.324759622137507e-10	1
6283185.307179586	1719.6696696696697	1	-1.4331646530438127	-6.059964428732843e-11	2
6283185.307179586	2658.858858858859	8	0.633758023015448	1.8534056342327836e-09	1
6283185.307179586	1163.113113113113	3	0.5320071595262288	-6.570527913774163e-10	1
6283185.307179586	2596.2462462462463	5	-0.11267565327743245	1.0546857799392937e-10	1
6283185.307179586	2317.967967967968	6	-1.2958299047645747	-1.4737625444637669e-09	1
6283185.307179586	2811.911911911912	7	-0.6231155584563177	1.0752493338473578e-09	1
6283185.307179586	1810.11011011011	5	0.6664102207454512	-1.4930048094170828e-09	1
6283185.307179586	2004.904904904905	8	1.2714770651189995	-1.5634678245670846e-09	1
6283185.307179586	2157.957957957958	8	-0.8470965664521142	-7.838210051573094e-10	1
6283185.307179586	2067.5175175175173	8	0.9946139013235444	-1.5519548238583436e-09	1
6283185.307179586	2018.818818818819	1	-1.1524130741627316	1.0630021111689636e-09	1
6283185.307179586	2554.5045045045044	8	-0.8096718607015647	-1.6582954757255633e-09	1
6283185.307179586	1566.6166166166167	4	0.2744037150124734	-1.3365059051839615e-09	1
6283185.307179586	1636.1861861861862	6	0.041096849722362494	8.527509815993163e-10	1
6283185.307179586	1837.937937937938	4	-1.387082347038684	-1.052475796126661e-09	1
6283185.307179586	2582.3323323323325	6	-0.25746573246707194	1.807983381937616e-09	1
6283185.307179586	2797.997997997998	3	1.4003350272914763	-1.4849987858170826e-09	1
6283185.307179586	717.8678678678679	4	0.49582089855410905	6.249746565179553e-10	2
6283185.307179586	1789.2392392392394	6	0.3142449030561414	-1.6158610885058723e-09	1
6283185.307179586	1114.4144144144145	3	-1.3998480568678384	1.1790231724875139e-09	1
6283185.307179586	2471.021021021021	7	-0.5283001649697887	1.9989738002482536e-10	1
6283185.307179586	863.963963963964	8	1.1407643016266817	-1.125950902245542e-09	1
6283185.307179586	2004.904904904905	4	0.0957752917299628	-6.8790673124373e-10	1
6283185.307179586	1566.6166166166167	8	-1.2318518672280265	-1.6363421913605328e-09	1
6283185.307179586	2401.4514514514517	7	-1.30652269975245	2.9736262427239364e-10	1
6283185.307179586	1719.6696696696697	7	-1.5220850229023315	1.867436905652388e-10	1
6283185.307179586	870.9209209209209	1	-0.7361946010444373	-2.2390282540188e-10	2
6283185.307179586	2164.914914914915	7	-0.7175128603208413	1.1361268837507062e-09	1
6283185.307179586	2512.762762762763	8	0.466927766949607	-3.027879611858717e-10	2
6283185.307179586	1114.4144144144145	5	-0.31014264575229555	-1.52150232417814e-09	1
6283185.307179586	356.1061061061061	4	0.5631655219416234	3.061567195178004e-10	1
6283185.307179586	3966.766766766767	7	0.7499627707418792	-1.214009578296248e-09	1
6283185.307179586	1789.2392392392394	8	-0.17019668251835007	-1.3350035894386873e-09	1
6283185.307179586	1622.2722722722724	5	-0.6277444227850474	5.667911374821598e-10	1
6283185.307179586	1107.4574574574574	4	-1.3056177802891606	-1.3167419480868954e-09	1
6283185.307179586	1121.3713713713714	5	0.6289696699122875	1.8424682686699561e-09	1
6283185.307179586	2797.997997997998	7	-0.7462513058606424	-1.029311162357479e-09	1
6283185.307179586	2192.742742742743	7	-0.8869462755804958	1.5220491116190399e-09	1
6283185.307179586	696.996996996997	3	-0.92053493613359	-7.907510259655006e-10	1
6283185.307179586	1817.0670670670672	8	-0.07945832933020758	4.5543178363079434e-10	2
6283185.307179586	2123.1731731731734	5	0.32245527617082836	8.4187384682019e-10	1
6283185.307179586	905.7057057057058	2	1.4640820329261564	-1.8684573885526227e-09	1
6283185.307179586	2902.352352352352	6	-0.17719881545697325	-8.692475784800904e-11	1
6283185.307179586	2276.226226226226	1	-1.0914024765037977	1.272392933375729e-09	1
6283185.307179586	1935.3353353353355	1	-0.6963470480963814	-5.130656966149414e-10	1
6283185.307179586	1698.7987987987988	4	1.0664525059410104	-1.4235557858963645e-09	1
6283185.307179586	2554.5045045045044	1	-0.40098911043908747	-5.674142619866452e-10	1
6283185.307179586	3987.637637637638	1	-1.053737398253907	1.4550641319235958e-09	1
6283185.307179586	1789.2392392392394	1	-1.5382985228468984	7.799750389643218e-10	2
6283185.307179586	1392.6926926926926	6	-0.31040584621388567	5.846153471910834e-10	2
6283185.307179586	3083.2332332332335	1	0.3053621168241034	1.330850110634544e-09	1
6283185.307179586	502.2022022022022	8	1.2959570472130846	4.862147241191506e-10	1
6283185.307179586	1712.7127127127128	8	0.18786121629685493	9.726766369208586e-10	0
6283185.307179586	1274.4244244244244	3	0.02513767826977431	7.054413404604453e-10	1
6283185.307179586	2095.3453453453453	1	-0.05151713793555457	-9.772656345460993e-10	1
6283185.307179586	2484.934934934935	7	0.7564727275418686	-5.173393406510387e-10	1
6283185.307179586	808.3083083083084	8	-0.2930486926980487	-1.1011735818472354e-09	1
6283185.307179586	2137.087087087087	6	1.3967189778811773	8.639017690623202e-10	2
6283185.307179586	1023.973973973974	3	-0.008798139319706966	1.993673557742317e-09	1
6283185.307179586	1921.4214214214214	3	-1.0354735128445318	-1.733231576553429e-09	1
6283185.307179586	2262.3123123123123	5	1.4663783112699251	1.1605329728877555e-09	1
6283185.307179586	2359.70970970971	4	0.9837468133226954	-1.154090447915707e-09	1
6283185.307179586	3006.706706706707	7	-0.6796274460934026	-1.8154484928511456e-09	1
6283185.307179586	1684.884884884885	8	0.22731821654110407	1.3349196460854576e-09	1
6283185.307179586	1427.4774774774776	1	0.010204275986516853	9.492614207750544e-11	1
6283185.307179586	843.0930930930931	6	-1.1817259503317281	9.147704822123419e-11	1
6283185.307179586	578.7287287287287	2	0.4102901091051172	6.796926297188861e-10	1
6283185.307179586	1490.0900900900901	8	-0.6845753115645673	2.0924710670389415e-10	2
6283185.307179586	1636.1861861861862	6	-0.9843935955296094	1.2752991213748062e-09	1
6283185.307179586	2373.6236236236236	5	0.8132079173788003	3.553088267014147e-11	1
6283185.307179586	655.2552552552553	2	-0.18056295277601242	4.1932013920376417e-10	1
6283185.307179586	550.900900900901	7	-1.0970425250762925	-1.5824604143249501e-09	1
6283185.307179586	2164.914914914915	8	-0.8872052934569856	-2.1812330339141496e-10	2
6283185.307179586	1135.2852852852852	8	0.5982147503139408	-5.917494396251027e-10	1
6283185.307179586	2262.3123123123123	2	-0.17495062110078963	-1.6290554264564065e-09	1
6283185.307179586	1364.864864864865	6	1.2929583004053509	-1.6816642557649303e-09	1
6283185.307179586	1900.5505505505505	8	1.0262651056945917	1.2624780355099184e-10	1
6283185.307179586	1650.1001001001002	1	-1.120059561806405	-1.718705543203382e-09	1
6283185.307179586	3034.5345345345345	6	-1.5454207270151608	3.5429415789651935e-10	2
6283185.307179586	996.1461461461462	6	0.432738452156344	9.95383736357339e-10	1
6283185.307179586	2644.944944944945	7	-0.12211630231924975	1.1018388279512936e-09	1
6283185.307179586	2387.5375375375374	6	1.5661346321813707	5.021423856053753e-10	1
6283185.307179586	2714.5145145145148	6	1.2271163362021302	-1.7922757041610287e-09	1
6283185.307179586	1427.4774774774776	3	0.39061650815699167	8.673389702067325e-10	1
6283185.307179586	2095.3453453453453	4	0.7027988693729861	-1.0663097062496512e-09	1
6283185.307179586	1058.7587587587586	2	-0.3957538858734255	1.6989879046317584e-09	1
6283185.307179586	738.7387387387388	7	1.4511542282371561	-5.869523846863301e-10	1
6283185.307179586	1956.2062062062062	2	-0.7202094225158483	-4.0069553349618785e-11	1
6283185.307179586	1504.004004004004	6	0.23510138815856396	-1.2903885843995355e-09	1
6283185.307179586	822.2222222222223	1	-0.8359297917603917	1.0394155673727611e-10	2
6283185.307179586	3006.706706706707	8	0.7083817004745483	-6.152154867968229e-10	1
6283185.307179586	1914.4644644644645	8	-1.3029040235711205	1.290594613873055e-09	1
6283185.307179586	1037.887887887888	1	0.4298004085502387	-1.3129424539008415e-09	1
6283185.307179586	641.3413413413414	6	0.8784847931260198	1.601531257022971e-09	1
6283185.307179586	1914.4644644644645	8	-0.8716928729729191	9.621827549401142e-10	1
6283185.307179586	3507.607607607608	4	-0.9445147694856242	-4.220852138991686e-10	2
6283185.307179586	1330.08008008008	5	-1.0072031807512039	-1.8164151483459797e-09	1
6283185.307179586	1510.960960960961	7	-0.967590469901924	1.122794435011523e-11	1
6283185.307179586	1337.0370370370372	2	-0.23965758279655458	-2.826118001697365e-10	1
6283185.307179586	1622.2722722722724	7	-1.173418515042704	8.320156958448402e-10	1
6283185.307179586	975.2752752752752	1	1.0493506535878279	-1.0466595891092895e-09	2
6283185.307179586	2422.322322322322	7	0.23400926402998512	-1.8970257734352538e-09	1
6283185.307179586	752.6526526526527	7	0.8554685814407881	1.8034770956247e-09	1
6283185.307179586	2290.1401401401404	4	0.2333222628153684	1.2950497700964919e-09	1
6283185.307179586	1497.047047047047	4	-0.0811801237998897	3.0840218134977976e-10	2
6283185.307179586	1677.927927927928	2	0.2963577354673623	1.1881801883188048e-09	1
6283185.307179586	2206.6566566566567	5	0.0633964091876138	1.8499264546533163e-09	1
6283185.307179586	1712.7127127127128	3	0.9008935041324886	1.849285765422269e-09	1
6283185.307179586	2304.054054054054	2	-0.2626644984001636	1.5796396166207386e-10	2
6283185.307179586	1977.077077077077	7	0.24278895090118935	4.4725214670980013e-10	2
6283185.307179586	1789.2392392392394	3	-1.2579642843228172	-6.141733557030085e-10	1
6283185.307179586	787.4374374374374	5	-0.5329682360348664	6.365891515746052e-10	1
6283185.307179586	1288.3383383383384	1	1.033964445173282	7.364146225789687e-10	1
6283185.307179586	2095.3453453453453	3	-1.1427480739670342	-9.504623361921168e-10	2
6283185.307179586	961.3613613613613	6	1.0228075280302686	5.565184702577533e-10	1
6283185.307179586	1921.4214214214214	5	-0.7651472850680552	-1.0203232604262911e-09	1
6283185.307179586	1761.4114114114116	2	-1.1559366534872197	6.79179311213403e-10	1
6283185.307179586	2081.4314314314315	8	-0.7039328631906996	4.974223685347547e-10	1
6283185.307179586	1385.7357357357357	4	-1.4949075961025513	1.863325288885689e-09	1
6283185.307179586	481.33133133133134	2	0.4009059743442345	7.507502959638754e-10	1
6283185.307179586	2944.094094094094	8	1.0069262882722145	6.887831927249626e-10	1
6283185.307179586	3284.984984984985	3	-1.3815072206604972	3.329536296805354e-10	2
6283185.307179586	2457.1071071071074	8	0.9927884729634044	3.4208503250961303e-10	2
6283185.307179586	1956.2062062062062	7	-1.1180922170489436	-1.484739057111233e-09	1
6283185.307179586	2137.087087087087	5	0.4552133032681005	1.5963786043882769e-09	1
6283185.307179586	2540.5905905905906	7	0.5155896812833989	2.0966932678960852e-10	2
6283185.307179586	1970.1201201201202	4	0.987152425573282	4.246778006527133e-10	1
6283185.307179586	2317.967967967968	1	-1.4440854847709466	-7.492484678659428e-11	1
6283185.307179586	2714.5145145145148	5	0.6988435211868604	-1.9426438555960425e-09	1
6283185.307179586	2039.6896896896897	6	-1.3678359758239151	-1.691792923969644e-09	1
6283185.307179586	1420.5205205205204	2	-1.0957392122759206	1.194288047574997e-09	1
6283185.307179586	2596.2462462462463	6	-0.9936752258217993	1.7001780427201216e-09	1
6283185.307179586	877.877877877878	7	-1.0397183600245234	-1.7979949772415927e-09	1
6283185.307179586	1420.5205205205204	8	1.1869560070032286	-1.478053303226719e-09	1
6283185.307179586	1865.7657657657658	8	-0.21166221545826147	9.328032460967069e-10	1
6283185.307179586	1594.4444444444446	2	-0.9148805499461918	-1.4663932064064151e-09	0
6283185.307179586	2317.967967967968	8	-0.5942271512276203	2.556507313790207e-10	1
6283185.307179586	1824.0240240240241	2	0.6270616992876623	-5.99889495669339e-10	1
6283185.307179586	1615.3153153153153	5	-0.49769033234348337	1.6961659376162347e-09	1
6283185.307179586	2749.2992992992995	6	-1.0720166120485708	-1.2989379489490172e-09	1
6283185.307179586	780.4804804804805	3	-0.8823691300442446	-8.643776924535806e-10	2
6283185.307179586	1747.4974974974975	1	1.372537589795436	-3.021591506645572e-11	2
6283185.307179586	1650.1001001001002	8	-1.485162669402733	8.226999286912741e-10	2
6283185.307179586	2547.5475475475478	6	-1.3692941164767332	3.67728278477173e-10	1
6283185.307179586	2171.871871871872	5	1.121076192644626	7.437848115543648e-10	2
6283185.307179586	2512.762762762763	1	-1.132966519815578	1.7050804140413936e-09	1
6283185.307179586	1538.788788788789	2	-1.3519319175408049	1.3215418040366721e-09	1
6283185.307179586	2464.064064064064	6	0.9158788363472996	-1.3390710316268995e-09	1
6283185.307179586	2088.388388388388	5	1.1359784544352944	-1.6222757140439988e-09	1
6283185.307179586	1316.1661661661662	8	-1.16480177847916	1.2147983571338727e-09	1
6283185.307179586	1177.027027027027	7	1.1457603638660592	7.07011686500097e-10	2
6283185.307179586	4091.991991991992	7	0.7428073882438548	4.11760745441672e-10	1
6283185.307179586	2429.2792792792793	5	-0.4129839244587663	-1.5147280973260946e-09	1
6283185.307179586	1886.6366366366367	1	1.5441399747851072	-9.502499143473285e-10	2
6283185.307179586	1719.6696696696697	1	0.18824298311632326	-3.1540756749263294e-10	2
6283185.307179586	2011.8618618618618	5	-0.8455044666963275	-1.6473805894023933e-09	1
6283185.307179586	2373.6236236236236	5	-0.5104693347213973	1.9878009749655326e-09	1
6283185.307179586	2596.2462462462463	6	0.6650225538584036	-1.53912659257798e-09	1
6283185.307179586	2046.6466466466468	2	0.023097812694317987	-8.723600265885519e-10	1
6283185.307179586	543.943943943944	8	-0.9098225281817275	-1.6210826359796831e-09	1
6283185.307179586	3361.511511511512	5	0.5383719383962537	1.021051011099039e-09	1
6283185.307179586	877.877877877878	3	0.37167856625468443	-1.9742108802310404e-09	1
6283185.307179586	2902.352352352352	6	-1.3133260022413678	-1.0403005596544497e-09	1
6283185.307179586	1545.7457457457458	3	1.0668380751479973	-1.5991968107818222e-09	1
6283185.307179586	1420.5205205205204	2	-0.3569429040494241	1.4293691251588813e-09	1
6283185.307179586	696.996996996997	4	1.3637010132149543	8.504258782134179e-10	2
6283185.307179586	3208.4584584584586	8	-0.9497777849859997	-7.628493930111255e-10	1
6283185.307179586	2366.6666666666665	5	-0.15903863190038026	-4.894077959403785e-10	1
6283185.307179586	1469.2192192192192	6	-0.5135647428787222	-7.534243983836829e-10	1
6283185.307179586	1684.884884884885	2	0.4739955043440389	1.1596625881799912e-09	1
6283185.307179586	1900.5505505505505	1	1.0414525963758687	-1.803280489441742e-09	1
6283185.307179586	2895.3953953953956	4	-1.2550186912125996	1.9180220892139505e-09	1
6283185.307179586	2644.944944944945	8	-1.1708426756197678	1.59035021274081e-09	1
6283185.307179586	738.7387387387388	5	0.173709250577182	1.7106473035851406e-09	1
6283185.307179586	2811.911911911912	7	-0.9525410548551221	-6.444158634906785e-10	1
6283185.307179586	1601.4014014014015	4	-1.3366684689546586	1.325038458053989e-09	2
6283185.307179586	3111.061061061061	1	-1.2854810837392967	1.4085170883285357e-09	1
6283185.307179586	1253.5535535535537	6	0.7216775353282903	-7.476671594493336e-10	1
6283185.307179586	717.8678678678679	8	-0.5870190510860069	-8.415168113956645e-10	1
6283185.307179586	2797.997997997998	2	-1.2626933863903234	-1.223717744439973e-09	1
6283185.307179586	1531.8318318318318	3	-0.4638040694009251	-1.2996858757375947e-09	1
6283185.307179586	1441.3913913913914	7	1.2350235978635054	1.7033915821659297e-09	1
6283185.307179586	1177.027027027027	3	0.2030913807422452	4.173426648922654e-10	1
6283185.307179586	1295.2952952952953	8	-0.4349237319048296	3.2495934811187865e-10	2
6283185.307179586	2749.2992992992995	8	-1.5053966254070534	-8.137138946522619e-10	2
6283185.307179586	2519.7197197197197	3	0.2747491893500231	1.2503262690799893e-09	1
6283185.307179586	1427.4774774774776	8	1.2300300499006385	-5.72972170176957e-10	2
6283185.307179586	1364.864864864865	1	-1.3159506573923854	1.4686289988963287e-09	2
6283185.307179586	843.0930930930931	6	0.878073667352048	1.0897342731130768e-09	1
6283185.307179586	1803.1531531531532	8	-1.398449326193341	-2.2427494261379228e-10	2
6283185.307179586	1378.7787787787788	5	1.3269205836759328	1.1566324115559687e-09	2
6283185.307179586	1997.947947947948	4	0.4371521885420786	1.3077285438161528e-09	1
6283185.307179586	1204.854854854855	4	1.5428877920857582	8.202944916991475e-10	1
6283185.307179586	1594.4444444444446	8	-0.9535291120321766	-1.557614093371243e-10	2
6283185.307179586	2422.322322322322	2	0.6113795839860718	-1.936795755810189e-09	1
6283185.307179586	2944.094094094094	1	0.4709192540131131	-1.3121736125623081e-09	1
6283185.307179586	1566.6166166166167	1	-1.5113778485838214	1.6292185577899919e-10	1
6283185.307179586	1399.6496496496497	2	0.7127769383505069	-1.0303383970967607e-09	1
6283185.307179586	2853.6536536536537	5	-1.5473730405452835	1.4093157840174835e-09	1
6283185.307179586	1316.1661661661662	4	-0.3219434270722572	-1.5111996814564166e-09	1
6283185.307179586	2825.825825825826	7	-0.77610820989229	-1.8955387159918996e-09	1
6283185.307179586	2471.021021021021	3	0.32631764354638815	-7.230063029562925e-10	1
6283185.307179586	1942.2922922922924	4	0.5072833580335256	-5.588634994982713e-10	1
6283185.307179586	1323.1231231231232	5	1.5320085063679945	-9.356075364698895e-10	1
6283185.307179586	1928.3783783783783	1	1.3393161312292938	5.763087632034632e-11	2
6283185.307179586	1928.3783783783783	7	-0.971890752270466	-1.5525068219242805e-09	0
6283185.307179586	1824.0240240240241	7	0.8321081334129721	1.9915742734491597e-10	1
6283185.307179586	1434.4344344344345	5	0.27457752804357183	5.765624789808223e-10	1
6283185.307179586	1483.1331331331332	6	0.23540397851194061	-5.8160859951456326e-11	1
6283185.307179586	2060.5605605605606	2	-1.1246562016498018	-1.62537218922317e-10	1
6283185.307179586	1886.6366366366367	5	-0.9545003783938636	7.920846247293724e-10	1
6283185.307179586	1747.4974974974975	2	1.4864997480627014	1.1885595722307194e-09	1
6283185.307179586	1837.937937937938	8	0.17664565018011658	1.8667809451416576e-09	1
6283185.307179586	2554.5045045045044	5	-1.1057048123717106	-7.508262049216419e-10	2
6283185.307179586	481.33133133133134	3	-0.7705297845943232	-9.889366384661545e-10	2
6283185.307179586	1517.917917917918	4	-0.6397216315569328	-7.053718336818801e-10	1
6283185.307179586	2123.1731731731734	1	-0.45616747857364914	4.079800609774499e-11	2
6283185.307179586	1246.5965965965966	1	0.16838052793466374	1.1245567686683488e-09	1
6283185.307179586	2909.3093093093094	7	-0.19858883071506517	2.6469339361833806e-10	1
6283185.307179586	1316.1661661661662	1	-0.9889702734774243	-2.1929390811664728e-10	2
6283185.307179586	1997.947947947948	1	-1.0286451939150227	1.8444653302660072e-09	1
6283185.307179586	1733.5835835835837	5	0.7382374527199516	1.0052969306730996e-09	1
6283185.307179586	1163.113113113113	3	-0.454652131860783	-8.581866797016926e-10	1
6283185.307179586	975.2752752752752	4	0.08151709482602754	1.2304261974167347e-09	1
6283185.307179586	1093.5435435435436	3	1.403388391189428	1.197892846384535e-10	1
6283185.307179586	1364.864864864865	5	0.8312276851285363	4.436201499673853e-10	1
6283185.307179586	550.900900900901	8	-1.2805926296190853	1.7610819974220462e-09	1
6283185.307179586	905.7057057057058	3	0.32338542988029717	-1.6541631325416548e-09	1
6283185.307179586	1211.8118118118118	8	-0.12413414219481989	-6.48923664925726e-10	1
6283185.307179586	801.3513513513514	6	-0.842811128697116	-1.9764167653565773e-09	1
6283185.307179586	1072.6726726726727	1	1.1389682445278453	-8.295237383636915e-10	2
6283185.307179586	2297.097097097097	5	1.2088041161568959	-1.7554290037255043e-09	1
6283185.307179586	1504.004004004004	8	-0.11256970444382186	1.1463657707235241e-09	1
6283185.307179586	912.6626626626627	3	1.3005366001100498	9.735874078699694e-10	1
6283185.307179586	2102.3023023023025	3	0.9885393868778727	4.3601111777854655e-10	2
6283185.307179586	2610.16016016016	5	-1.2952183725983495	1.5029804674618876e-09	1
6283185.307179586	1364.864864864865	2	-0.0073562951765397955	1.4470035752450626e-09	1
6283185.307179586	3118.018018018018	4	-0.4253112398411636	-5.306715359044514e-10	1
6283185.307179586	989.1891891891892	3	0.2879800599662763	-1.64083083011655e-09	1
6283185.307179586	1636.1861861861862	4	-0.11079408638088295	-1.2923537999371628e-09	1
6283185.307179586	1615.3153153153153	2	0.1278157538954552	5.682577422144284e-10	1
6283185.307179586	2297.097097097097	8	0.6008269298088305	-5.587356397506479e-10	1
6283185.307179586	1566.6166166166167	1	-0.4637263025704952	-3.647932964466593e-10	2
6283185.307179586	2422.322322322322	8	-0.1390785474406926	-1.2624687239837417e-10	2
6283185.307179586	1246.5965965965966	1	0.3920949948308172	1.5543599805218768e-09	1
6283185.307179586	1949.2492492492493	5	0.8561603132025288	-1.8231761239541078e-10	1
6283185.307179586	1552.7027027027027	7	0.7151525629879494	6.722220581196485e-10	1
6283185.307179586	1121.3713713713714	8	1.2872547546269404	1.409751539020156e-09	1
6283185.307179586	1886.6366366366367	7	-0.7366944111817937	1.791394738943204e-09	1
6283185.307179586	829.1791791791792	6	-1.4436598435204833	-9.75398546686037e-10	2
6283185.307179586	1225.7257257257259	8	-1.3868000838290186	5.307289576057929e-10	2
6283185.307179586	3118.018018018018	4	0.4618366387764823	-6.700676422577107e-11	1
6283185.307179586	1462.2622622622623	1	-0.6518061405927081	-5.142763922750913e-10	2
6283185.307179586	1260.5105105105106	2	-1.159777101326429	1.3005681902269165e-09	1
6283185.307179586	2672.772772772773	2	-0.7151229083983036	8.123886938116144e-10	1
6283185.307179586	1253.5535535535537	8	0.07325557452576725	-3.828853452601981e-10	1
6283185.307179586	1183.983983983984	2	0.38500263868642626	-3.0711558572371764e-10	1
6283185.307179586	1782.2822822822823	4	0.41689935732795447	-1.4185272830779719e-09	1
6283185.307179586	2582.3323323323325	4	-1.4290726683392032	1.883472225111658e-09	1
6283185.307179586	2985.835835835836	5	0.6026065341968567	-2.847383505786638e-10	1
6283185.307179586	1357.9079079079079	5	-0.522749371839252	3.6348693631196723e-10	1
6283185.307179586	1364.864864864865	7	0.12240479940260496	-4.2966083351937673e-10	1
6283185.307179586	1726.6266266266266	4	0.8009725985974976	3.056095630063493e-10	2
6283185.307179586	1935.3353353353355	8	-0.0785436077548558	-9.884293154000022e-10	1
6283185.307179586	1796.1961961961963	1	0.9501316863165603	-6.829679018167836e-10	1
6283185.307179586	2401.4514514514517	3	-0.9726605044750827	5.275405362341651e-10	1
6283185.307179586	1288.3383383383384	6	0.4055651198419459	-1.6137618096067745e-09	1
6283185.307179586	1782.2822822822823	4	0.47736696690678704	7.078425370508948e-10	1
6283185.307179586	954.4044044044044	8	0.2967857732499861	-1.9255814687584437e-09	1
6283185.307179586	2811.911911911912	5	-0.5605739350761427	4.6381663185646775e-10	1
6283185.307179586	683.0830830830831	2	0.18103907262209473	-1.175684371320024e-10	1
6283185.307179586	1246.5965965965966	2	-1.310587434100231	-1.1137287111949196e-09	2
6283185.307179586	2387.5375375375374	7	0.32990641476587057	-1.4915923109443226e-09	1
6283185.307179586	1935.3353353353355	2	0.9357183493961045	9.390886947871714e-10	1
6283185.307179586	2157.957957957958	6	0.44112936744221365	1.2446428981087914e-09	1
6283185.307179586	1260.5105105105106	1	-1.2640780709937767	-1.5267746604038029e-09	2
6283185.307179586	1977.077077077077	7	-0.6374042604251625	-1.9348620694613007e-09	1
6283185.307179586	1448.3483483483483	6	0.695329679137306	2.74497756108498e-10	1
6283185.307179586	2227.5275275275276	2	-0.41049412901692883	1.9114194858051674e-10	2
6283185.307179586	3284.984984984985	5	0.5409853793436508	1.177491912041444e-09	1
6283185.307179586	2067.5175175175173	4	1.1650893360485894	1.3455445813336282e-09	1
6283185.307179586	4370.27027027027	4	-0.7866927900584263	6.748359752167942e-10	1
6283185.307179586	2102.3023023023025	7	1.4589494690616749	-1.5938867225724668e-09	1
6283185.307179586	696.996996996997	2	0.00047331205186229575	1.3264313049941939e-09	1
6283185.307179586	2791.041041041041	5	1.4868595712880923	-6.250606474443226e-10	2
6283185.307179586	905.7057057057058	1	-0.2689999128684528	3.5952729557815576e-10	1
6283185.307179586	1469.2192192192192	4	0.32840632294109473	-5.9046770948166e-10	1
6283185.307179586	2095.3453453453453	6	-0.25463627818553136	1.527476637602235e-10	1
6283185.307179586	1921.4214214214214	4	-0.5570943272631366	-2.081244299618624e-10	1
6283185.307179586	1698.7987987987988	6	0.683459236467828	-2.397696778388245e-10	1
6283185.307179586	1775.3253253253254	4	1.3182372085633332	1.5993391302239613e-09	1
6283185.307179586	947.4474474474474	5	1.353890826373759	-1.1441854399107016e-09	2
6283185.307179586	1204.854854854855	6	-0.35430495979375953	-8.866453302162377e-10	1
6283185.307179586	1385.7357357357357	7	-0.3556503154684383	1.3940830699673678e-09	1
6283185.307179586	1142.2422422422424	2	-0.9547685815791181	-1.0711416550125557e-09	2
6283185.307179586	2436.2362362362364	5	1.51649800272219	-6.052146379160032e-10	1
6283185.307179586	3236.286286286286	4	-0.03227227850267678	-1.8062611822988247e-09	1
6283185.307179586	912.6626626626627	4	0.5161233858793897	-1.1437066962154996e-09	1
6283185.307179586	2262.3123123123123	6	-0.8710682366654577	4.968021858699358e-10	1
6283185.307179586	801.3513513513514	3	0.6799100352211873	1.784457662915639e-09	1
6283185.307179586	898.7487487487488	7	0.16836228654121088	1.8365460306505264e-09	1
6283185.307179586	2109.259259259259	4	-0.9111521190415992	-1.2996721009489447e-10	2
6283185.307179586	2352.7527527527527	7	-0.1637271280755992	6.109258444864409e-10	1
6283185.307179586	836.1361361361362	2	-0.6290248437487784	-2.21049707938573e-10	2
6283185.307179586	1330.08008008008	4	-0.4195104114099606	-1.2457678727275066e-09	1
6283185.307179586	1879.6796796796798	6	-0.35113877028445195	2.708149769625755e-10	2
6283185.307179586	2304.054054054054	3	1.0317831821549461	1.7985074460687276e-11	2
6283185.307179586	2248.3983983983985	5	0.30310879130595003	6.43759588364127e-10	1
6283185.307179586	2547.5475475475478	6	0.20195897479825486	-4.061467232390097e-10	1
6283185.307179586	3041.4914914914916	3	-0.622991138501683	-1.433541964555094e-09	1
6283185.307179586	1566.6166166166167	5	-0.8142461603151887	2.950806455637977e-10	2
6283185.307179586	1504.004004004004	7	-1.1816331538230498	1.7849096408424758e-09	1
6283185.307179586	2665.8158158158158	3	1.3309399368331074	1.862928006677956e-09	1
6283185.307179586	1378.7787787787788	7	0.3893249405863084	1.2060996434533453e-09	1
6283185.307179586	1754.4544544544544	8	0.9436987081657704	1.6016224514761187e-09	1
6283185.307179586	1810.11011011011	4	-0.5921164463546196	3.7279818180392205e-11	1
6283185.307179586	2199.6996996997	7	-0.44786460969606434	1.0261307792587699e-09	1
6283185.307179586	1622.2722722722724	6	1.3124232174703456	1.1823998371396281e-09	1
6283185.307179586	1371.821821821822	5	-0.3260948772024239	8.23362756525165e-10	1
6283185.307179586	1065.7157157157158	1	0.7440069870185626	-1.8229843407028894e-10	1
6283185.307179586	1608.3583583583584	1	0.11202872557418053	9.527049577291804e-10	1
6283185.307179586	1107.4574574574574	2	0.5162420988415399	-2.2142019498095601e-10	2
6283185.307179586	690.04004004004	2	0.3739927694165073	-1.0063330244732664e-09	1
6283185.307179586	1524.8748748748749	5	1.321249162348607	1.9181070416807633e-09	1
6283185.307179586	2923.223223223223	8	0.08703007946545083	6.42876500310782e-10	1
6283185.307179586	2290.1401401401404	8	0.9081218829698465	4.690054892579795e-10	1
6283185.307179586	1657.0570570570571	5	-1.1540259156290533	3.2383343820216526e-10	1
6283185.307179586	543.943943943944	6	-1.1139645738655735	-5.115892368111546e-10	2
6283185.307179586	919.6196196196197	1	0.39043342116715474	1.2343696425782961e-09	1
6283185.307179586	2624.0740740740744	1	-0.7881781856157777	-1.9586230106063627e-09	1
6283185.307179586	1274.4244244244244	2	-0.1940257322946648	7.963922156806745e-11	1
6283185.307179586	1058.7587587587586	1	0.5011155220597332	-1.7920831349722112e-09	1
6283185.307179586	1058.7587587587586	8	-0.04923517871147931	-1.037566960697987e-09	1
6283185.307179586	1545.7457457457458	6	1.2471684403053498	-7.789237012981861e-10	2
6283185.307179586	1956.2062062062062	6	0.6258629154112354	1.0686180254072708e-09	1
6283185.307179586	1824.0240240240241	1	1.480307734167991	-1.87619933599872e-09	2
6283185.307179586	696.996996996997	7	0.3364109773228783	2.749470008027412e-10	2
6283185.307179586	1295.2952952952953	2	-0.5846651908423987	1.9029600653323765e-09	1
6283185.307179586	1107.4574574574574	7	0.959948674975287	1.334642817863905e-09	1
6283185.307179586	1163.113113113113	7	-1.5192809923799035	2.057502655382339e-10	2
6283185.307179586	690.04004004004	2	-1.4628401171747203	8.517030864082351e-10	2
6283185.307179586	975.2752752752752	2	-1.0584138180507003	-1.1869254489258956e-11	1
6283185.307179586	2234.4844844844847	1	-1.3112698407209404	-1.5978373796626042e-09	1
6283185.307179586	495.24524524524526	5	-1.3815156513416944	1.3209423266525357e-09	1
6283185.307179586	1462.2622622622623	7	-1.362708653302035	-1.1454367862018266e-10	1
6283185.307179586	1573.5735735735736	4	-0.9973730299224428	-5.32179876909444e-10	1
6283185.307179586	1886.6366366366367	3	0.512686490251614	1.914986451367339e-09	1
6283185.307179586	1865.7657657657658	4	-1.4586791654654319	-5.828940947654178e-11	1
6283185.307179586	2777.127127127127	7	-0.9143756509720042	3.4456414237773164e-10	1
6283185.307179586	1114.4144144144145	3	-0.8627218856779039	-1.675592713509936e-11	2
6283185.307179586	2686.6866866866867	4	0.7305343691483119	-1.998976684782331e-09	1
6283185.307179586	2032.7327327327328	4	1.4107566167655992	2.1013957052331892e-10	1
6283185.307179586	2686.6866866866867	7	0.1905164363161318	1.5916127713927287e-09	1
6283185.307179586	2777.127127127127	1	0.3588114795671129	-1.2200192701758428e-09	1
6283185.307179586	1893.5935935935936	5	-0.7175592618390414	-1.7333915997743456e-09	1
6283185.307179586	996.1461461461462	2	0.6071340927768429	-1.2799959487988534e-09	1
6283185.307179586	2484.934934934935	5	-0.4519350433138709	1.8145766381820842e-09	1
6283185.307179586	2227.5275275275276	6	-5.414884702870104e-05	1.000278691844461e-09	1
6283185.307179586	2220.5705705705705	3	1.286126606472482	1.0958998647584161e-09	1
6283185.307179586	1865.7657657657658	8	0.5138006286876635	-9.505337200078272e-10	1
6283185.307179586	2484.934934934935	1	-0.2686030264603907	-1.425522128229468e-09	1
6283185.307179586	2088.388388388388	1	-1.4582686198347063	6.986867326697142e-10	2
6283185.307179586	1803.1531531531532	3	0.5203122418001356	-4.173250288745658e-10	1
6283185.307179586	2011.8618618618618	3	1.5469550522394293	9.554866238702815e-10	1
6283185.307179586	1740.5405405405406	2	-0.7150926588732233	-1.4934374332177033e-10	1
6283185.307179586	1935.3353353353355	6	1.1640235644158081	1.5660332368369943e-09	0
6283185.307179586	1559.6596596596596	5	1.3764112504660586	1.6561515303888997e-09	2
6283185.307179586	2610.16016016016	6	-1.3795522198856238	-7.204400464766857e-10	2
6283185.307179586	1135.2852852852852	2	-0.45379202627363124	3.772293130529408e-11	1
6283185.307179586	1858.8088088088089	4	1.1447355641017087	2.5323917751033847e-10	2
6283185.307179586	1719.6696696696697	4	1.5513395891649004	1.3937540324521335e-09	2
6283185.307179586	2603.2032032032034	6	1.5679731483114279	-1.581019500189374e-09	1
6283185.307179586	2568.4184184184187	2	-0.5197814663230385	1.1403522659512405e-09	1
6283185.307179586	2317.967967967968	2	-0.7281419454133814	-1.8478586187588959e-09	1
6283185.307179586	843.0930930930931	3	-1.4709034351605461	-1.564313698942228e-09	2
6283185.307179586	2032.7327327327328	4	-1.528811113164035	2.3471462678781207e-10	2
6283185.307179586	2213.613613613614	3	0.744917582834451	5.162199709934205e-10	1
6283185.307179586	1601.4014014014015	8	0.726630932916736	1.3035703556052703e-09	1
6283185.307179586	530.03003003003	1	-0.46192682463921986	8.405333337784592e-10	1
6283185.307179586	752.6526526526527	3	-1.4775840204489112	1.5416096675053407e-09	2
6283185.307179586	2324.924924924925	6	-1.4342386192203553	9.399667602854382e-10	1
6283185.307179586	1733.5835835835837	4	-0.3909555316637394	1.7701137288150316e-09	1
6283185.307179586	2352.7527527527527	7	0.5496227110438348	1.984038923918911e-09	1
6283185.307179586	1343.993993993994	1	-0.5232247233270972	-1.7837857530459714e-09	1
6283185.307179586	1796.1961961961963	6	0.22397883824601728	7.785533207396073e-10	1
6283185.307179586	1427.4774774774776	1	0.7387995875727507	8.869151922798946e-10	1
6283185.307179586	1504.004004004004	5	-1.0829644147775297	-5.083159443372561e-10	1
6283185.307179586	1086.5865865865867	1	-1.187584963403447	1.1275470985046293e-09	1
6283185.307179586	1003.1031031031031	6	-1.5470824655364535	8.625802203899378e-10	2
6283185.307179586	3737.187187187187	1	-1.384850068163953	7.202151202008643e-10	1
6283185.307179586	1378.7787787787788	5	-0.9232279678975114	1.1651645084709547e-09	1
6283185.307179586	3417.1671671671675	6	-0.0732520753686452	1.3604320827817222e-09	1
6283185.307179586	2032.7327327327328	6	1.082055273776866	3.1878038625286675e-10	1
6283185.307179586	4098.94894894895	2	-0.29907837217193234	-1.0061572372008964e-09	1
6283185.307179586	2387.5375375375374	1	-1.3222009559282835	-1.1873920552746431e-09	2
6283185.307179586	2081.4314314314315	7	-1.2380207277898467	-1.9725283691474138e-10	1
6283185.307179586	1990.9909909909911	4	-0.5117957378321678	1.8585104837191675e-09	1
6283185.307179586	1030.930930930931	5	1.514076959054409	1.8460468987544969e-09	1
6283185.307179586	724.8248248248249	5	0.21994643689786386	7.359645910007037e-10	2
6283185.307179586	1844.8948948948948	4	0.896942241795132	-1.9061141142055554e-09	1
6283185.307179586	2317.967967967968	8	1.2307592847972448	-9.635658796238757e-10	2
6283185.307179586	258.70870870870874	7	0.7334399616655571	3.2443229697794546e-10	1
6283185.307179586	1789.2392392392394	3	-1.0393912505219114	-2.823423408559123e-10	1
6283185.307179586	1218.7687687687687	6	-1.1689775951064152	7.369059985136285e-10	1
6283185.307179586	1824.0240240240241	5	1.1185278580606712	-1.575014053396492e-09	0
6283185.307179586	1385.7357357357357	7	1.3922098587772402	3.8349821282760097e-10	1
6283185.307179586	1128.3283283283283	7	-1.5058530914609782	-1.9631097003862704e-09	2
6283185.307179586	2387.5375375375374	3	-0.16216920219285202	8.515019725067726e-10	1
6283185.307179586	1483.1331331331332	8	1.4338105446738525	-6.811748393227139e-10	1
6283185.307179586	2123.1731731731734	6	1.015640924592323	1.7010773812450793e-09	1
6283185.307179586	376.97697697697697	2	-0.11625306012753178	-2.956890122377299e-10	1
6283185.307179586	1072.6726726726727	8	1.309534806199132	-1.7779873177335057e-09	1
6283185.307179586	1698.7987987987988	7	1.2798831254826109	-1.7340275896280747e-09	1
6283185.307179586	1851.851851851852	2	1.2187491453513943	-6.352622990784758e-10	1
6283185.307179586	1037.887887887888	7	-0.2206411110805877	1.642338951083097e-09	1
6283185.307179586	2199.6996996997	8	1.051673238406202	-1.8653715772027396e-09	1
6283185.307179586	3897.1971971971975	5	1.5541856807608871	-7.00578251597046e-10	1
6283185.307179586	1357.9079079079079	5	1.4275846163027808	4.929490263637674e-10	2
6283185.307179586	919.6196196196197	4	-0.5414137143872146	-1.8045359162428932e-09	1
6283185.307179586	2380.5805805805808	6	0.9891786611649365	-1.710354966812988e-09	1
6283185.307179586	1190.940940940941	5	0.6246348114055151	1.289747588684187e-09	1
6283185.307179586	3229.3293293293295	7	-1.5099352798499845	5.530882360982401e-10	2
6283185.307179586	1107.4574574574574	7	1.0912508393789042	7.927111269256969e-10	2
6283185.307179586	822.2222222222223	1	0.11691133443058144	6.081311460194621e-10	1
6283185.307179586	1615.3153153153153	7	-0.8130789789262005	1.6154204661075908e-09	1
6283185.307179586	2345.795795795796	2	0.048735140659507126	-1.9870400435843886e-09	1
6283185.307179586	2317.967967967968	3	0.6186357459471417	-1.2595973585788602e-09	1
6283185.307179586	1566.6166166166167	4	-0.22094348837126132	1.189755517539134e-09	1
6283185.307179586	1608.3583583583584	1	1.489564559053365	1.7854078691113931e-09	2
6283185.307179586	1149.1991991991993	8	-0.8447009186067371	-1.7536850410608668e-09	1
6283185.307179586	2338.838838838839	2	-0.5632557216661609	1.4127524893457264e-10	1
6283185.307179586	1337.0370370370372	5	-0.8726997892945205	-8.916779613586354e-10	1
6283185.307179586	1010.0600600600601	4	-1.2509856031387117	9.437349620376442e-10	2
6283185.307179586	2032.7327327327328	8	-0.12420999152186818	1.7916886128776198e-09	1
6283185.307179586	2575.3753753753754	4	0.7313316672366601	-7.44025788268883e-11	2
6283185.307179586	2714.5145145145148	1	0.05476660286999957	2.0138501909011498e-10	2
6283185.307179586	1135.2852852852852	8	-0.2395812326277047	-1.0830076244004517e-09	1
6283185.307179586	2144.0440440440443	6	0.9775535305581005	-8.608173843828184e-11	1
6283185.307179586	2060.5605605605606	8	0.0066750944186473316	-5.407848599881335e-10	1
6283185.307179586	1705.755755755756	5	0.5763326085028431	9.025793981994158e-10	1
6283185.307179586	2874.5245245245246	7	0.6916893874309173	-3.0635117114863367e-10	1
6283185.307179586	669.1691691691692	6	0.7819756547102665	-8.528926525064106e-10	1
6283185.307179586	2220.5705705705705	2	-0.7716116454990111	4.3081168831928766e-10	1
6283185.307179586	1844.8948948948948	8	-0.5694141305432483	1.687877618920791e-09	1
6283185.307179586	1670.970970970971	5	-0.0106234353633059	1.3113577487399132e-09	1
6283185.307179586	1128.3283283283283	6	-0.07508430082634998	-1.5960592709286565e-09	1
6283185.307179586	2923.223223223223	3	1.3369112787151654	7.233470021519044e-10	1
6283185.307179586	1385.7357357357357	6	-0.45973390202408293	-1.6303097855392609e-09	1
6283185.307179586	1935.3353353353355	4	-0.7592050825950879	-1.9238290370114914e-09	1
6283185.307179586	1754.4544544544544	8	-0.1952469513732673	2.924344020157694e-10	1
6283185.307179586	1218.7687687687687	6	-1.1869290232300143	1.8491742129796664e-10	1
6283185.307179586	2074.474474474475	8	1.0198694121274405	4.0927802715734354e-12	1
6283185.307179586	710.910910910911	5	-0.8431456755859578	-1.953124892227967e-09	1
6283185.307179586	1337.0370370370372	6	0.019300769951751118	-1.964920320903066e-09	1
6283185.307179586	1531.8318318318318	6	-0.3641751549478349	-2.168138173650127e-10	2
6283185.307179586	1636.1861861861862	4	1.232106847063704	9.642207279324157e-11	1
6283185.307179586	1281.3813813813815	5	0.7970764175514353	-5.000417271435715e-10	2
6283185.307179586	3173.673673673674	3	-0.7677526973863112	1.1575585919728688e-09	1
6283185.307179586	2255.3553553553556	4	-0.5920737528198594	5.0872200380680646e-11	2
6283185.307179586	1796.1961961961963	3	1.0586675293498153	-1.5616821526374416e-09	1
6283185.307179586	3521.5215215215217	6	1.0661607283826786	1.4018541417210038e-09	0
6283185.307179586	2338.838838838839	6	0.40702617753555326	8.965751588665444e-10	0
6283185.307179586	2874.5245245245246	7	0.748315662357272	1.2710494950221846e-10	1
6283185.307179586	676.1261261261261	1	0.6857371258761558	1.1013233958593484e-09	1
6283185.307179586	2756.256256256256	7	0.965106238357635	1.2845726731828652e-09	1
6283185.307179586	2345.795795795796	1	-1.181568198274073	8.770583920344858e-10	1
6283185.307179586	1114.4144144144145	3	-0.6264325074433722	1.5644732936279712e-09	1
6283185.307179586	1538.788788788789	4	1.317542742134012	-1.2966374050903204e-09	1
6283185.307179586	1949.2492492492493	5	-1.4033546004005044	1.4772874189131153e-09	2
6283185.307179586	2902.352352352352	5	0.28791967889832226	3.096733444615527e-10	2
6283185.307179586	3451.951951951952	6	-0.8701229450558117	7.925017007953143e-10	1
6283185.307179586	1768.3683683683685	3	1.4452983377323516	-1.7156860289463003e-09	2
6283185.307179586	1608.3583583583584	8	-0.05392175169697411	-1.4172145411181508e-09	1
6283185.307179586	3646.746746746747	4	-0.0348745268754207	-1.6245204575099863e-10	1
6283185.307179586	996.1461461461462	5	-0.19492258396368745	1.5850525184981586e-09	1
6283185.307179586	1977.077077077077	8	0.9058931800424332	1.5578642662192528e-09	1
6283185.307179586	1309.2092092092093	8	-0.28172998100595126	-3.24472389098165e-10	1
6283185.307179586	1775.3253253253254	8	0.6023591123806042	1.3745127030588085e-09	1
6283185.307179586	850.0500500500501	6	-0.2812590554932246	1.7865426689547928e-10	2
6283185.307179586	3570.22022022022	5	0.4009607557116741	-3.332447183229305e-11	1
6283185.307179586	1782.2822822822823	1	-1.4466109776169398	-5.446334443174847e-10	1
6283185.307179586	3041.4914914914916	7	1.3905289736491944	1.314556368719119e-09	2
6283185.307179586	488.2882882882883	6	-0.6208071933519452	-1.5577192365505723e-09	1
6283185.307179586	2074.474474474475	8	-1.0513318395970466	-1.5132897032828025e-09	1
6283185.307179586	2457.1071071071074	6	-1.264790368978454	7.847070275610196e-10	1
6283185.307179586	1051.801801801802	2	0.7781492112925008	1.0161421214275095e-11	2
6283185.307179586	1879.6796796796798	1	-0.9999525047293729	-9.24313411071538e-10	1
6283185.307179586	2756.256256256256	5	1.4693007606188813	-8.289368187154364e-10	1
6283185.307179586	1030.930930930931	5	-0.6209709125370628	8.451756471268506e-10	1
6283185.307179586	1782.2822822822823	5	1.5665377948920658	2.557057080486411e-10	1
6283185.307179586	2366.6666666666665	1	1.22265112667561	-9.936676347023883e-10	1
6283185.307179586	2644.944944944945	1	-1.4104369984718061	-7.937312379778536e-10	2
6283185.307179586	4258.958958958959	3	-0.7869933711074217	7.851984374527951e-10	1
6283185.307179586	836.1361361361362	4	-0.7311591511540553	1.20284164210965e-09	1
6283185.307179586	1782.2822822822823	7	1.2311841485853718	1.6855457302273754e-09	1
6283185.307179586	1517.917917917918	7	0.3330629217946339	-7.434886887656975e-10	1
6283185.307179586	1782.2822822822823	7	-0.022023788392015797	-1.5358970632661057e-09	1
6283185.307179586	2624.0740740740744	4	0.6639578081636062	-8.060642585833717e-10	1
6283185.307179586	2540.5905905905906	8	-0.3009437620123774	-5.994183627624544e-10	1
6283185.307179586	2964.964964964965	5	-0.05200403669721765	1.4581558991796633e-09	1
6283185.307179586	1357.9079079079079	5	0.705012390389165	1.3821076182090217e-09	1
6283185.307179586	2436.2362362362364	5	-0.19694692999529195	9.349306109638766e-10	1
6283185.307179586	3709.3593593593596	7	1.0156055110657847	5.986167593622944e-11	2
6283185.307179586	1900.5505505505505	2	0.12094082979948828	-3.604006340326817e-10	1
6283185.307179586	683.0830830830831	8	-0.357801852656356	1.5181211826012589e-09	1
6283185.307179586	2269.2692692692694	3	-1.3209819916245555	-6.036780150977203e-10	2
6283185.307179586	1462.2622622622623	7	-0.4328294133547148	-1.5195617026594272e-09	1
6283185.307179586	2637.987987987988	2	0.7561210251079831	2.356161183330844e-10	2
6283185.307179586	1970.1201201201202	2	-0.4920510903063129	1.5885890650458962e-09	1
6283185.307179586	1893.5935935935936	4	-0.43336160967674675	1.2410093611816235e-09	1
6283185.307179586	2860.610610610611	8	0.8681424195286342	3.088371574365744e-10	2
6283185.307179586	794.3943943943945	6	0.9909160678337661	-7.446305319993578e-10	1
6283185.307179586	2637.987987987988	1	1.3324926707396063	-2.0390751641219352e-10	2
6283185.307179586	2380.5805805805808	8	-1.5058359420814704	1.5534662525776454e-09	2
6283185.307179586	655.2552552552553	8	-0.5332768172749913	-1.3718915975377472e-09	1
6283185.307179586	446.54654654654655	8	-1.4852797153921582	1.0225584103990414e-09	2
6283185.307179586	1629.2292292292293	7	1.194206611126539	-7.583159063101232e-10	1
6283185.307179586	2617.1171171171172	8	0.8235520116604942	1.5050313385319015e-09	1
6283185.307179586	690.04004004004	1	-1.4804779039720768	-1.9692575026838366e-10	2
6283185.307179586	2331.881881881882	5	1.4895069734411082	1.839567516985505e-11	1
6283185.307179586	717.8678678678679	4	-0.6656661457827591	1.8640041655584818e-09	1
6283185.307179586	1441.3913913913914	3	-0.5398509443274007	6.494253568890233e-10	1
