axial trapping frequency (MHz) 	 velocity(m/s) 	 ion collided with 	 angle(rads) 	 collision offset(m) 	 reorder? (1 is reorder 2 is ejection) 
6283185.307179586	1135.2852852852852	6	1.1483349791497393	2.039542899983599e-10	1
6283185.307179586	2408.4084084084084	4	0.16977211092484734	9.680866877625497e-10	1
6283185.307179586	2728.4284284284286	1	1.0651527221289259	-1.8344305488484467e-10	2
6283185.307179586	1657.0570570570571	8	0.1859410561619801	-1.924120496056485e-09	1
6283185.307179586	1309.2092092092093	4	0.6567327443696973	-7.28308721944329e-10	1
6283185.307179586	2888.4384384384384	4	-0.9881888547448002	-1.5977335548909108e-09	1
6283185.307179586	2867.5675675675675	1	1.034248103411394	-7.903882936710654e-10	1
6283185.307179586	564.8148148148148	5	1.5274446292002883	1.1572392570967144e-09	2
6283185.307179586	3090.19019019019	4	-0.20719357030083052	1.8614367021122155e-09	1
6283185.307179586	1281.3813813813815	7	0.23857206087102423	-1.956427229464858e-09	1
6283185.307179586	2394.4944944944946	3	0.05587851083934359	-1.8144120070487368e-09	1
6283185.307179586	585.6856856856857	8	1.0856815848522028	-4.769138422459762e-10	1
6283185.307179586	1197.897897897898	2	-0.45990841918712566	-8.949984010165376e-10	1
6283185.307179586	843.0930930930931	5	-1.4763942845644602	1.9916506416953056e-09	1
6283185.307179586	3862.4124124124123	1	0.5469912090595912	-1.1478235944371758e-09	1
6283185.307179586	1023.973973973974	8	-0.9919097895009467	1.9626818236645974e-09	1
6283185.307179586	3229.3293293293295	8	-1.285980405389028	1.3406113025510895e-09	1
6283185.307179586	2735.3853853853852	1	0.25857346396087943	9.338392089608053e-10	1
6283185.307179586	1427.4774774774776	5	-1.5228271349573075	-1.8424005497847342e-09	1
6283185.307179586	1218.7687687687687	4	-0.47490893770834886	1.0841734936700863e-10	2
6283185.307179586	3514.5645645645645	8	0.5175318941588363	5.763472608280353e-10	1
6283185.307179586	676.1261261261261	4	0.9006912865060146	-9.507423638610956e-11	2
6283185.307179586	578.7287287287287	2	-1.3977828629916058	6.448737422853058e-10	1
6283185.307179586	1190.940940940941	2	-0.1645705092289924	1.2873207815396348e-09	1
6283185.307179586	1385.7357357357357	7	1.0874780159262647	-3.4313525690710334e-10	2
6283185.307179586	2081.4314314314315	8	-0.9870506635120597	5.058503368841274e-11	2
6283185.307179586	1302.2522522522522	3	0.5270502023854355	-1.9557871314465447e-09	1
6283185.307179586	488.2882882882883	7	-0.3225378216692909	-7.127949073703839e-11	1
6283185.307179586	1636.1861861861862	4	-0.38502802484517873	-7.20191252534482e-11	2
6283185.307179586	383.93393393393393	6	-0.12701616820029815	3.951707838150221e-10	1
6283185.307179586	2770.1701701701704	5	0.3131483879204484	-1.8607815671674979e-09	1
6283185.307179586	1225.7257257257259	5	-0.014853009563406516	-6.035269095853165e-10	1
6283185.307179586	2046.6466466466468	5	0.6147332277754298	6.24142042570177e-12	2
6283185.307179586	1810.11011011011	3	0.1985676254951958	8.050274306067945e-10	1
6283185.307179586	1413.5635635635635	8	-0.22476874827988036	-1.0301412368215455e-09	1
6283185.307179586	1232.6826826826828	4	-1.4235864618319436	-1.3850344586902792e-09	1
6283185.307179586	1476.176176176176	3	-1.1606409606111565	-1.1999458466062968e-09	2
6283185.307179586	1538.788788788789	1	-1.3788830455476748	5.153603850054471e-10	1
6283185.307179586	2227.5275275275276	2	-0.4427574613042209	1.6000437171840524e-09	1
6283185.307179586	2797.997997997998	2	-0.10390234897725836	1.5108417170970828e-09	1
6283185.307179586	870.9209209209209	3	1.2580691750635942	-1.4702114941763417e-09	2
6283185.307179586	648.2982982982983	8	-0.016528710534411406	-9.10520174376976e-10	1
6283185.307179586	1984.034034034034	3	0.624099583457149	-4.593593717511073e-10	2
6283185.307179586	2526.676676676677	1	-1.130225587263988	1.4926489410090165e-09	1
6283185.307179586	2345.795795795796	6	1.0559330283726784	1.0830308844073766e-09	1
6283185.307179586	1378.7787787787788	5	0.8807791540104231	-1.9138656384632045e-10	2
6283185.307179586	1970.1201201201202	1	-0.2056439792084963	1.4038019571617821e-09	1
6283185.307179586	1371.821821821822	1	1.353518168552947	1.9030031977236316e-09	2
6283185.307179586	3375.4254254254256	1	1.4731694598785867	1.7564745556949686e-09	2
6283185.307179586	863.963963963964	3	0.14887672050547684	1.2086212073333973e-10	1
6283185.307179586	2464.064064064064	5	0.9315423279475294	1.650777048140488e-09	1
6283185.307179586	543.943943943944	7	0.7673433023046514	-4.5879289695437694e-10	1
6283185.307179586	843.0930930930931	7	1.2676917237787353	1.9335679039049068e-10	1
6283185.307179586	1441.3913913913914	1	1.5680982251939666	-4.987651167312063e-10	2
6283185.307179586	2881.4814814814818	4	0.5770280891399144	1.1324118146924833e-11	2
6283185.307179586	1573.5735735735736	5	-0.1466147128267714	1.0049178467652614e-09	1
6283185.307179586	829.1791791791792	8	0.42337653581221724	-1.3141999614823564e-09	1
6283185.307179586	2686.6866866866867	4	0.13749533932665647	-3.6736330421656587e-10	1
6283185.307179586	1343.993993993994	3	1.508302822132641	-7.802038389533529e-10	2
6283185.307179586	2429.2792792792793	7	0.8906574260073361	-8.782413995426484e-10	1
6283185.307179586	1072.6726726726727	2	0.826147528730127	9.789055724198435e-10	1
6283185.307179586	857.007007007007	7	0.9783180294786709	2.145145945455811e-10	2
6283185.307179586	2331.881881881882	1	0.9817938864869391	2.5177533366092046e-11	2
6283185.307179586	3361.511511511512	8	0.19569089932139416	-1.4873752878789218e-09	1
6283185.307179586	1149.1991991991993	3	-0.249277950638489	-2.403834748809373e-10	2
6283185.307179586	2255.3553553553556	3	1.236719923354122	1.5850306893358458e-09	1
6283185.307179586	2985.835835835836	1	-1.5317958398031248	-1.3895942349904757e-09	2
6283185.307179586	1740.5405405405406	8	-0.20721164776420498	1.3918015062062023e-09	1
6283185.307179586	2394.4944944944946	7	0.8991503544113377	-4.717390287711681e-10	2
6283185.307179586	1427.4774774774776	2	0.634600513797797	-1.707560022533488e-09	1
6283185.307179586	2185.7857857857857	1	0.45928537798327973	-1.3082500890818544e-09	1
6283185.307179586	2102.3023023023025	5	-1.4395371196225095	-1.153529871732466e-09	2
6283185.307179586	1963.1631631631633	2	-1.127666151228885	-1.087806323785618e-10	2
6283185.307179586	1566.6166166166167	8	0.5588242850784049	-8.662653463151667e-10	1
6283185.307179586	1441.3913913913914	6	0.41219996719313934	1.5461311182932687e-09	1
6283185.307179586	884.8348348348349	7	-1.2243742934661337	1.0295198869358948e-09	2
6283185.307179586	1517.917917917918	3	0.8126540586811069	1.3733811995445689e-09	1
6283185.307179586	2394.4944944944946	6	-0.11705642982709819	-7.161721412115535e-10	1
6283185.307179586	1615.3153153153153	5	0.7727321838461347	-1.241558476350512e-09	1
6283185.307179586	4349.3993993994	8	-0.9799229181637537	3.5141659895560027e-10	1
6283185.307179586	2004.904904904905	2	-0.9439865350790989	-1.5918107479871397e-09	1
6283185.307179586	1434.4344344344345	3	1.5702886295643839	9.713963002325083e-10	1
6283185.307179586	926.5765765765766	7	0.7607777308281727	-8.522735146012516e-10	1
6283185.307179586	2596.2462462462463	3	0.5961303906629523	-5.600608323864318e-10	1
6283185.307179586	1768.3683683683685	3	-0.26609153938882635	1.4429781631142618e-09	1
6283185.307179586	1851.851851851852	3	-0.507785123697271	-7.160123377394822e-10	1
6283185.307179586	1865.7657657657658	7	1.4693376381848369	1.439018966106802e-09	2
6283185.307179586	1559.6596596596596	5	-0.545016875933731	3.170090305238712e-10	1
6283185.307179586	1441.3913913913914	4	-0.9967654928607131	-1.9522597102486217e-09	1
6283185.307179586	1190.940940940941	4	-0.18614189318786956	-1.3082754103056635e-09	1
6283185.307179586	1323.1231231231232	1	1.490849473788014	8.083775439597114e-10	2
6283185.307179586	3083.2332332332335	1	0.8890913195097521	9.48918376526175e-10	1
6283185.307179586	1531.8318318318318	7	-1.5072647580568796	-4.5736058489352467e-10	1
6283185.307179586	1740.5405405405406	1	-1.0207383524822562	1.498217030446625e-09	1
6283185.307179586	1490.0900900900901	4	0.633806536409053	-6.305042633953475e-10	1
6283185.307179586	822.2222222222223	5	-0.5085522305461245	1.5101178747963257e-11	2
6283185.307179586	3055.4054054054054	7	1.394879098355648	9.676720757635362e-10	1
6283185.307179586	1824.0240240240241	6	1.462001219810765	-3.9850643251893735e-10	1
6283185.307179586	815.2652652652653	1	0.9294820388780143	6.398586427171506e-10	1
6283185.307179586	390.8908908908909	6	-1.3018824567870264	-1.5252620746641878e-09	1
6283185.307179586	1740.5405405405406	4	-0.8146394114977987	-1.810300304797182e-09	1
6283185.307179586	2422.322322322322	2	-1.3018350630256994	-6.076760397441547e-10	1
6283185.307179586	1065.7157157157158	3	-1.4484142697430813	-1.3452566626198098e-09	2
6283185.307179586	919.6196196196197	7	-1.5546270821107684	-8.142256347533663e-11	2
6283185.307179586	1010.0600600600601	7	1.3403192340456744	1.7858268321678836e-09	1
6283185.307179586	2589.289289289289	2	-0.2634345205817694	-1.271717121033301e-10	2
6283185.307179586	2185.7857857857857	2	-1.2425633046781897	8.830161318136568e-10	1
6283185.307179586	2171.871871871872	5	1.0939360898004273	8.667061882862695e-10	1
6283185.307179586	717.8678678678679	8	-0.8109245369608196	-1.739293582664383e-09	1
6283185.307179586	2151.001001001001	6	1.5598302291781416	1.781373642865621e-09	1
6283185.307179586	1879.6796796796798	6	0.24932889768655953	-4.941403826185878e-10	1
6283185.307179586	1865.7657657657658	1	0.9458031610004687	-1.445002349187658e-09	1
6283185.307179586	2366.6666666666665	8	-1.3887317267503236	1.518193146491398e-09	2
6283185.307179586	1830.980980980981	4	-1.472367518181264	-1.889060639749894e-09	1
6283185.307179586	2290.1401401401404	6	-0.9794396792906505	-7.901744660607687e-10	1
6283185.307179586	1997.947947947948	8	0.5839559324259715	-9.896787271089483e-10	1
6283185.307179586	2074.474474474475	5	-0.6252699495144886	-2.2249559049738412e-10	1
6283185.307179586	2067.5175175175173	6	1.303146140753125	-4.301500530026946e-10	1
6283185.307179586	1559.6596596596596	7	-1.2721704074048334	1.9357045722638417e-10	2
6283185.307179586	3090.19019019019	8	0.7072933611455747	-1.0612501885802721e-09	1
6283185.307179586	2276.226226226226	4	0.7584591540938375	-4.947774918367717e-10	2
6283185.307179586	1817.0670670670672	8	-0.4869842076633104	-7.3938883838004e-10	1
6283185.307179586	2109.259259259259	4	-0.44673971406999646	-1.5721862972254211e-09	1
6283185.307179586	2679.72972972973	2	0.7608919255227113	1.2060579221619864e-09	1
6283185.307179586	2123.1731731731734	8	-1.1931995447493324	1.2308258152191636e-09	1
6283185.307179586	2053.603603603604	6	0.052002720147210635	-1.171510098337778e-09	1
6283185.307179586	1984.034034034034	1	-0.4980693423082263	-6.490146444876505e-11	1
6283185.307179586	2777.127127127127	8	1.1912172620435721	-1.108969485538875e-09	1
6283185.307179586	1726.6266266266266	7	1.075027922615143	-1.7708488233392089e-09	0
6283185.307179586	738.7387387387388	3	0.30911896086663915	-2.895294925308715e-10	1
6283185.307179586	2025.7757757757759	1	-0.005264865658916262	3.1794681366213803e-10	1
6283185.307179586	2311.011011011011	6	-0.9130196671379248	1.6169070844234064e-09	1
6283185.307179586	1504.004004004004	3	1.324765394915938	-1.2838915618109944e-09	2
6283185.307179586	1817.0670670670672	4	-0.5252447900170758	-3.9997133272918684e-10	1
6283185.307179586	1455.3053053053054	8	-0.5941772627952542	1.0784130276668331e-10	2
6283185.307179586	1629.2292292292293	2	1.1281199654690268	-4.216887234111821e-10	2
6283185.307179586	891.7917917917919	5	1.4738708818614215	-9.9485384374904e-10	1
6283185.307179586	2450.1501501501502	6	0.1786104508007822	-5.179101885155375e-10	1
6283185.307179586	1135.2852852852852	6	-0.8838128152130085	1.0877627199635938e-09	1
6283185.307179586	1684.884884884885	1	-0.05964708016173792	9.184241936982448e-10	1
6283185.307179586	1323.1231231231232	5	-0.5799498032784808	-1.2284211623731034e-09	1
6283185.307179586	2415.3653653653655	8	-0.9203236863388051	-2.627904384130879e-10	2
6283185.307179586	2220.5705705705705	4	0.03364027726401764	5.536975821408884e-10	1
6283185.307179586	1490.0900900900901	2	1.0359209185048415	1.3842300958826985e-09	1
6283185.307179586	1406.6066066066066	8	-0.975290987287864	-1.6330992002722283e-09	1
6283185.307179586	1545.7457457457458	3	-0.950189748380032	-4.706969280679361e-10	1
6283185.307179586	1726.6266266266266	5	1.3962299546822732	1.8578696463448355e-09	2
6283185.307179586	467.4174174174174	3	0.8204014682508203	1.2064892570439791e-09	1
6283185.307179586	1420.5205205205204	8	-0.21707804847537582	1.847665396708482e-09	1
6283185.307179586	2644.944944944945	2	-1.182362883061639	-1.4623974722470787e-09	1
6283185.307179586	1851.851851851852	1	0.7575783189082701	1.8573408873802517e-09	1
6283185.307179586	2234.4844844844847	5	0.387238278421693	-7.42251822833178e-10	1
6283185.307179586	1378.7787787787788	4	-0.20573318970368581	-5.836883109570784e-10	1
6283185.307179586	1448.3483483483483	6	0.11895977871727892	-6.011048422490735e-10	1
6283185.307179586	1163.113113113113	4	-0.5651649867438815	1.0647620327640704e-09	1
6283185.307179586	1510.960960960961	5	0.27919927978073833	6.715415289976568e-10	1
6283185.307179586	1295.2952952952953	3	0.5225907676862049	7.935697430040092e-10	1
6283185.307179586	3034.5345345345345	6	-0.512767041568096	-9.412803960130664e-10	1
6283185.307179586	1044.8448448448448	6	-1.135202772759798	1.4911405150043119e-09	1
6283185.307179586	933.5335335335336	7	1.0353065059573634	1.457264422934691e-09	1
6283185.307179586	2672.772772772773	1	0.6952526798791716	-9.452223582762108e-10	1
6283185.307179586	1149.1991991991993	2	-0.7380729518231266	-8.275511369293755e-10	1
6283185.307179586	488.2882882882883	6	-1.2615073549352855	-1.6899034538358346e-09	1
6283185.307179586	2450.1501501501502	2	0.022981661126096675	-1.5713972168793116e-09	1
6283185.307179586	1003.1031031031031	4	-1.5103635630990544	4.499381463193408e-10	1
6283185.307179586	3104.1041041041044	7	0.2360837473121129	5.650396288824436e-10	1
6283185.307179586	1566.6166166166167	5	1.201869457680043	-1.6705574725470413e-09	1
6283185.307179586	1490.0900900900901	7	-1.431096682684279	2.867433050806769e-11	2
6283185.307179586	1608.3583583583584	5	1.2875163505416651	-6.083357740776619e-10	2
6283185.307179586	1879.6796796796798	3	-1.4615303168035256	-8.503167080171772e-10	2
6283185.307179586	1378.7787787787788	7	0.1846584856792366	-1.470030451337007e-09	1
6283185.307179586	1183.983983983984	2	0.24575850476031547	-1.6478841894350139e-09	1
6283185.307179586	2658.858858858859	7	-1.2529990594546943	1.2689793383178528e-10	1
6283185.307179586	1023.973973973974	2	-1.035263865171168	-1.5790763000690933e-09	1
6283185.307179586	1128.3283283283283	4	-1.554370706765104	4.086905142349858e-10	1
6283185.307179586	822.2222222222223	5	-0.10881520779961451	1.55548001784718e-09	1
6283185.307179586	1204.854854854855	7	0.6134293539088995	3.0729371927925903e-10	1
6283185.307179586	495.24524524524526	7	0.6841006609654374	-2.8409831634061567e-10	1
6283185.307179586	1768.3683683683685	3	1.5278083423914142	-5.887972239865253e-10	2
6283185.307179586	3333.6836836836837	2	0.2794585628317594	1.4213640394887027e-09	1
6283185.307179586	3556.3063063063064	5	-0.692600611572737	-1.4136995318762143e-10	1
6283185.307179586	2255.3553553553556	6	0.9923226792360667	-1.9710382052108926e-09	1
6283185.307179586	1364.864864864865	7	0.7149399830194936	1.3266778197677906e-09	1
6283185.307179586	1517.917917917918	2	-1.567868026796973	-1.4656086922071425e-09	1
6283185.307179586	1274.4244244244244	2	-1.0380279641251215	-1.8607842856588533e-09	0
6283185.307179586	1483.1331331331332	3	-0.8937318394696687	4.376078661369002e-10	2
6283185.307179586	877.877877877878	3	-0.7814248765408706	1.0635232793458596e-09	1
6283185.307179586	2004.904904904905	7	0.01792004249976631	1.455626395629039e-09	1
6283185.307179586	1017.017017017017	3	-0.22935751675258143	1.3160105168465287e-09	1
6283185.307179586	1204.854854854855	6	-0.8643699972004192	-1.1514893745314346e-09	1
6283185.307179586	1872.7227227227227	8	-1.2008556797072785	-1.1375924819556712e-10	2
6283185.307179586	1858.8088088088089	3	0.07908639291854769	-1.1601841128790777e-09	1
6283185.307179586	2937.1371371371374	3	-1.3851310055384787	8.8137464306221e-10	2
6283185.307179586	829.1791791791792	4	1.2634700904394007	-9.314794112440042e-10	1
6283185.307179586	2568.4184184184187	7	0.08130884770531588	1.1917870697430765e-09	1
6283185.307179586	1636.1861861861862	4	0.7667819134542424	1.5878896707301209e-09	1
6283185.307179586	1935.3353353353355	5	-0.3867466742183039	1.0982542950247375e-09	1
6283185.307179586	2171.871871871872	5	-1.5447738074248183	1.860436407321021e-09	1
6283185.307179586	1357.9079079079079	6	1.4500508368176508	7.675879063076426e-10	1
6283185.307179586	745.6956956956957	8	0.024955400509733217	-1.806258171219246e-09	1
