axial trapping frequency (MHz) 	 velocity(m/s) 	 ion collided with 	 angle(rads) 	 collision offset(m) 	 reorder? (1 is reorder 2 is ejection) 
6283185.307179586	300.4504504504505	2	-0.9791797003095516	-7.82419143180539e-10	1
6283185.307179586	1072.6726726726727	4	-1.3924759129930753	1.8804302338540668e-09	2
6283185.307179586	1782.2822822822823	5	-0.6929130362291751	4.2162780477473304e-10	2
6283185.307179586	2109.259259259259	2	-0.20955089857828835	-8.533877284983646e-10	1
6283185.307179586	1803.1531531531532	7	0.43384149943245154	1.463749512069441e-09	1
6283185.307179586	3778.928928928929	2	-0.12666802989131454	-1.2939698835687952e-09	1
6283185.307179586	2269.2692692692694	6	0.3684073805231658	1.2518223631090627e-09	1
6283185.307179586	1476.176176176176	6	-0.6657176818960856	1.60453715915091e-09	1
6283185.307179586	2317.967967967968	5	-0.46194691613620575	8.15949408678243e-10	1
6283185.307179586	1970.1201201201202	5	-0.23674912431755257	-5.433437026733338e-10	1
6283185.307179586	1740.5405405405406	2	-1.0414730403559322	-1.991083307709768e-09	1
6283185.307179586	3222.3723723723724	3	-0.6478276236380691	-2.2528232292810756e-12	1
6283185.307179586	1997.947947947948	6	0.2621210017739368	-5.474819175002345e-10	1
6283185.307179586	2213.613613613614	2	-1.126141102829753	-8.120554904965902e-11	1
6283185.307179586	2123.1731731731734	1	0.11076184818770085	-1.3439779249144657e-09	1
6283185.307179586	1517.917917917918	1	0.255007681485657	2.313926773279716e-10	1
6283185.307179586	745.6956956956957	2	-0.8103224647488018	1.0636976466737455e-09	1
6283185.307179586	1684.884884884885	2	0.47259567938729097	-1.0060270084292334e-09	0
6283185.307179586	1824.0240240240241	3	-0.2846849634720592	-1.0036442097937851e-09	1
6283185.307179586	926.5765765765766	2	-0.7921300632241045	-1.4374552435374937e-09	1
6283185.307179586	2373.6236236236236	8	1.0915878377422263	1.1717643116206268e-09	1
6283185.307179586	1670.970970970971	7	0.9120401641583298	-1.4758556509384217e-09	1
6283185.307179586	523.0730730730731	2	1.2943005522753115	-9.787021074829837e-10	1
6283185.307179586	3264.1141141141143	3	0.25377696054507726	2.542019544702929e-10	1
6283185.307179586	1274.4244244244244	7	0.8851331218149219	8.182012902245275e-10	2
6283185.307179586	1072.6726726726727	2	-0.8451789743196143	-1.9340691672062665e-09	1
6283185.307179586	1065.7157157157158	8	0.7113936064420434	3.2118522455951426e-10	1
6283185.307179586	1392.6926926926926	1	1.543223116257085	-1.5658378064522106e-09	2
6283185.307179586	1789.2392392392394	6	-1.360337912460825	-5.529903534310853e-10	1
6283185.307179586	1260.5105105105106	2	-0.9901204584094	3.2191099096094507e-10	1
6283185.307179586	1225.7257257257259	3	0.14931277502203688	-3.2373401610353987e-10	1
6283185.307179586	1017.017017017017	7	0.12250903021233328	6.410236891786808e-10	1
6283185.307179586	1093.5435435435436	6	0.2595219483807003	-2.3917921199528453e-10	1
6283185.307179586	1608.3583583583584	4	-0.2582008843877812	-2.6581235543482774e-10	1
6283185.307179586	1476.176176176176	6	-1.5543604135133804	1.7756675291970387e-09	2
6283185.307179586	2206.6566566566567	8	-0.7478289899272635	1.3978045862798617e-09	1
6283185.307179586	2074.474474474475	7	1.22442776639219	-1.607877174538102e-09	1
6283185.307179586	2582.3323323323325	2	-0.6597153119500729	1.964895901859363e-09	1
6283185.307179586	1566.6166166166167	2	1.048861518095893	-9.417175233906731e-10	2
6283185.307179586	1879.6796796796798	5	-1.070049067291349	1.9017244947003606e-11	1
6283185.307179586	1128.3283283283283	5	-1.0429089246355066	1.3429964899503103e-09	1
6283185.307179586	1107.4574574574574	3	-1.1080717693959043	-1.7135577757735319e-09	1
6283185.307179586	2290.1401401401404	6	0.6561054353861477	4.1829666625716277e-10	2
6283185.307179586	2985.835835835836	3	0.4118211152792286	1.1425118344836102e-09	1
6283185.307179586	1274.4244244244244	4	-0.48175682848412027	1.587694565628856e-09	1
6283185.307179586	1872.7227227227227	2	-1.0510016473966366	-1.5978488473547162e-09	1
6283185.307179586	1629.2292292292293	8	-1.2312317344471417	-2.2294721906607748e-11	1
6283185.307179586	3347.5975975975975	8	0.8976766613186338	8.127987516929971e-10	1
6283185.307179586	1455.3053053053054	2	0.5620150097528112	-1.9375499340209267e-09	1
6283185.307179586	2053.603603603604	6	-1.108395406381919	-1.2694176643172904e-09	1
6283185.307179586	1650.1001001001002	1	-0.8969778223407098	1.7812996649753427e-09	1
6283185.307179586	1295.2952952952953	3	0.8589032831044396	-3.3361504645384074e-10	2
6283185.307179586	1100.5005005005005	3	-1.1693780095281496	-1.5843304442620873e-09	1
6283185.307179586	2067.5175175175173	2	0.6404844867040049	1.57057604395756e-09	1
6283185.307179586	1163.113113113113	1	-1.3123655913014032	2.839392537259626e-10	1
6283185.307179586	2505.805805805806	1	0.6527404413122961	1.7149431982785814e-09	1
6283185.307179586	1211.8118118118118	5	1.5445240900680712	-1.120651158192712e-09	2
6283185.307179586	530.03003003003	6	-0.1442632832383559	-1.5626316630131948e-09	1
6283185.307179586	2644.944944944945	8	0.08565693872161506	-1.1158894837839775e-09	1
6283185.307179586	1190.940940940941	1	0.7560021938845267	1.9768163834422056e-09	1
6283185.307179586	2791.041041041041	6	0.1606680103582625	-4.439487371677165e-10	1
6283185.307179586	2582.3323323323325	2	0.8546635253723198	1.1448539532041373e-09	0
6283185.307179586	2317.967967967968	7	1.5648743183019045	-1.8314620106716962e-09	1
6283185.307179586	307.4074074074074	5	-0.2951927206858904	-1.9689687438557695e-09	1
6283185.307179586	397.84784784784785	7	1.2463953494112006	-1.563535847006365e-09	1
6283185.307179586	1803.1531531531532	8	1.4652474771531168	-1.418756959368789e-09	1
6283185.307179586	1545.7457457457458	3	-1.2348643635872463	6.997727891717591e-10	2
6283185.307179586	2742.3423423423424	8	0.6887738936100734	7.649491666840229e-11	1
6283185.307179586	3347.5975975975975	7	-0.1516334680240854	1.5755917021865263e-10	1
6283185.307179586	3333.6836836836837	2	0.8231088720094468	1.256789567323072e-09	1
6283185.307179586	2505.805805805806	7	-0.0657683229932513	3.8575855986791737e-10	1
6283185.307179586	947.4474474474474	7	1.420616649699927	2.7918749521091436e-11	1
6283185.307179586	1844.8948948948948	6	1.4513733146744037	-7.809026046580745e-10	1
6283185.307179586	2171.871871871872	1	0.3598505007674355	5.432385048629574e-10	1
6283185.307179586	2192.742742742743	5	0.32495009508539474	2.5820089869721956e-11	1
6283185.307179586	2554.5045045045044	8	1.4873525759168378	-1.859189696301335e-09	2
6283185.307179586	884.8348348348349	1	0.7722676424788637	1.7271580729686846e-09	1
6283185.307179586	815.2652652652653	6	-0.5407565336028932	-5.384126389691022e-10	1
6283185.307179586	1323.1231231231232	8	1.0520756844838877	-1.7079640335696573e-09	1
6283185.307179586	2498.848848848849	2	1.4283832330599524	-1.4156679463298465e-09	1
6283185.307179586	2679.72972972973	4	-0.5433413344860454	-3.957266127567314e-10	1
6283185.307179586	1997.947947947948	4	-0.3871042215912599	1.788289597474568e-09	1
6283185.307179586	1232.6826826826828	5	0.7014071506266544	-1.8855298374821573e-09	1
6283185.307179586	3354.5545545545547	3	0.24346513441123663	1.4075347479563997e-09	1
6283185.307179586	1072.6726726726727	4	-1.3823899717213723	1.9437345124504075e-09	1
6283185.307179586	1183.983983983984	7	-0.5077309475099463	-3.950091914669897e-10	1
6283185.307179586	2206.6566566566567	6	-0.6715983839975461	1.2335234410964628e-09	1
6283185.307179586	1705.755755755756	2	-1.4108540157701803	-9.278862587387314e-10	2
6283185.307179586	1921.4214214214214	6	0.47409420188528184	-7.23190116131987e-10	1
6283185.307179586	1789.2392392392394	1	0.4039404557244155	1.5663317143334519e-09	1
6283185.307179586	1225.7257257257259	1	0.9313007396578414	-1.972916119295288e-09	1
6283185.307179586	474.3743743743744	6	-0.15912375801198175	1.1826239788981646e-09	1
6283185.307179586	2269.2692692692694	8	-1.1491200881007275	1.6401230709558876e-09	1
6283185.307179586	1427.4774774774776	3	-1.5368230375990504	-1.4289881137672697e-09	1
6283185.307179586	1984.034034034034	1	0.7828630238981109	-4.5448931497490716e-10	2
6283185.307179586	1163.113113113113	4	0.039797247279154346	8.576022956309018e-10	1
6283185.307179586	2693.643643643644	3	1.3602792965872923	-1.869661889049442e-10	2
6283185.307179586	2025.7757757757759	4	1.2600609402608596	-1.3475802365930274e-09	1
6283185.307179586	1754.4544544544544	5	-0.6362594129029493	-8.265231802561357e-10	1
6283185.307179586	1114.4144144144145	2	1.2674215027812115	1.9039636652819348e-09	1
6283185.307179586	683.0830830830831	8	-0.33743675600082446	-7.675340429088383e-10	1
6283185.307179586	3354.5545545545547	7	-1.0828307591945152	-1.3675431267951583e-09	1
6283185.307179586	877.877877877878	5	1.310245296261086	9.305904390241615e-10	1
6283185.307179586	2617.1171171171172	8	-0.6547229913319438	-1.889940267552613e-09	1
6283185.307179586	1100.5005005005005	3	-1.1865861576447048	-4.758615600298076e-10	1
6283185.307179586	2415.3653653653655	5	-0.4284408390029759	7.685142554200162e-10	1
6283185.307179586	2088.388388388388	4	-1.4245508662814224	9.760968304050651e-11	1
6283185.307179586	1225.7257257257259	2	-0.8421484478970277	-1.9931839888841384e-09	1
6283185.307179586	1872.7227227227227	5	0.702500417323332	4.881164998510462e-10	1
6283185.307179586	2477.977977977978	8	-1.2223747013336037	-1.2244375422488267e-09	1
6283185.307179586	1990.9909909909911	5	0.024131904184158115	1.8341931998515112e-09	1
6283185.307179586	1065.7157157157158	7	0.15011109931917277	-3.791981478930638e-10	1
6283185.307179586	1517.917917917918	5	0.07638598017203502	1.0742108748357344e-09	1
6283185.307179586	676.1261261261261	2	1.321844788561478	1.8919636575186483e-09	2
6283185.307179586	1274.4244244244244	4	-1.0286261555317668	1.7861223199574809e-09	1
6283185.307179586	2749.2992992992995	3	0.024294158059112503	1.6296585630445711e-09	1
6283185.307179586	1573.5735735735736	5	-0.9888505588258006	1.1811309737096375e-09	1
6283185.307179586	2415.3653653653655	3	0.627999189298996	-4.617498097403457e-10	2
6283185.307179586	1121.3713713713714	8	-1.1986703622713586	-5.545729833648538e-10	2
6283185.307179586	1239.6396396396397	7	0.4011530817633393	1.7017838979963782e-11	1
6283185.307179586	2992.792792792793	2	-1.0469317912301892	1.2156204627240182e-09	1
6283185.307179586	822.2222222222223	5	0.5008660676082348	7.74368801033609e-10	1
6283185.307179586	1726.6266266266266	4	1.5000149427867009	-7.43164425464229e-10	2
6283185.307179586	808.3083083083084	1	0.5229616897367504	-1.6988397137866153e-09	1
6283185.307179586	1044.8448448448448	4	-0.10067104624182455	-1.5396700900242965e-10	2
6283185.307179586	1093.5435435435436	4	0.6335989095965515	-3.8322864230732154e-10	2
6283185.307179586	1921.4214214214214	3	0.4748842799683226	-1.4180213649920754e-09	1
6283185.307179586	1163.113113113113	5	0.07616370081294566	1.6240392995325738e-10	2
6283185.307179586	2081.4314314314315	2	-1.2572365912589394	-9.241735886260511e-10	2
6283185.307179586	1274.4244244244244	7	0.8944936852923004	1.7901474956197653e-09	1
6283185.307179586	1531.8318318318318	6	1.3955154229733804	-1.4357400824798147e-09	1
6283185.307179586	1211.8118118118118	6	0.6059385437010434	2.5755387272119537e-10	1
6283185.307179586	620.4704704704704	6	0.6430708546702824	-1.9644909799314755e-09	1
6283185.307179586	1490.0900900900901	7	0.5344361596202232	-1.764679910710297e-09	1
6283185.307179586	3090.19019019019	7	0.7710031094831011	-1.7812673239881385e-09	1
6283185.307179586	1510.960960960961	4	-1.1307531254023107	8.280191373683275e-10	2
6283185.307179586	1427.4774774774776	1	-0.05541441618625709	-9.847778086076945e-10	1
6283185.307179586	3618.918918918919	1	1.0922397247219489	1.217705471627213e-09	1
6283185.307179586	1051.801801801802	6	1.1095893302005853	-5.459817436354881e-10	2
6283185.307179586	2039.6896896896897	5	-1.5064973137666837	1.5908193383859209e-09	2
6283185.307179586	1455.3053053053054	5	0.6894204526115493	8.883154952875156e-11	1
6283185.307179586	1538.788788788789	5	1.2476481457906776	6.197298980055975e-10	1
6283185.307179586	1441.3913913913914	7	1.0593761651573237	9.526260346712954e-11	1
6283185.307179586	2964.964964964965	1	-0.18741938705911187	-1.7904800833433711e-09	1
6283185.307179586	1267.4674674674675	2	-0.07040052686848508	-1.4657637937863004e-09	1
6283185.307179586	1914.4644644644645	3	0.7433524162460379	-1.3993537614640554e-10	2
6283185.307179586	1580.5305305305305	5	-1.4902838252611121	1.9813022280390256e-10	1
6283185.307179586	4258.958958958959	7	0.7311997050092773	-1.0695612696052726e-09	1
6283185.307179586	1524.8748748748749	1	1.314480643847157	-1.9250129327438327e-09	1
6283185.307179586	2895.3953953953956	4	-0.6731337495134245	1.922600263947799e-09	1
6283185.307179586	1914.4644644644645	8	-0.8835037647414945	-8.516034699395517e-10	1
6283185.307179586	662.2122122122122	1	1.3679184302867662	-1.699051909634751e-09	2
6283185.307179586	2408.4084084084084	8	1.069617682040528	1.837661888921612e-09	0
6283185.307179586	1942.2922922922924	1	1.1644332727702604	-2.9527318462648947e-10	2
6283185.307179586	2004.904904904905	2	-1.1716163064291838	7.38113484326281e-10	1
6283185.307179586	3222.3723723723724	8	-0.014079027256687082	7.316846239881206e-10	1
6283185.307179586	1684.884884884885	2	0.9785839536365142	-1.2901944794474357e-09	1
6283185.307179586	1197.897897897898	3	-1.2237110639357511	-9.03755540020633e-10	1
6283185.307179586	850.0500500500501	1	-0.8036605645762861	1.94878234788795e-09	1
6283185.307179586	1197.897897897898	4	-0.9767657910621156	-6.074653567990641e-10	2
6283185.307179586	1747.4974974974975	3	0.8900686275425445	5.905958350581472e-10	2
6283185.307179586	3312.812812812813	1	0.35390765431216376	1.6148250526111887e-09	1
6283185.307179586	370.02002002002	3	0.5533785122947901	1.0394462707398153e-09	1
6283185.307179586	1740.5405405405406	2	-0.9946452629469817	-1.5161331358251406e-09	1
6283185.307179586	3368.4684684684685	1	-1.2395057772602565	-5.51127352928989e-10	1
6283185.307179586	314.36436436436435	1	-1.284461413704307	-5.051347586021975e-10	1
6283185.307179586	1657.0570570570571	2	0.9488575860860582	-1.62669578066084e-10	2
6283185.307179586	2491.891891891892	4	1.161013798254754	-1.246920840627349e-09	1
6283185.307179586	703.9539539539539	7	0.3572871072034547	-6.407696164084507e-10	1
6283185.307179586	2714.5145145145148	1	1.5049922592302214	8.852203746985755e-10	2
6283185.307179586	2672.772772772773	4	-0.030156729861017917	4.698454485686216e-10	1
6283185.307179586	2491.891891891892	8	-0.6705968731406251	-1.1506802825801517e-09	1
6283185.307179586	3577.1771771771773	8	1.1653938245184103	1.8354634670786919e-09	1
6283185.307179586	2206.6566566566567	6	1.4745642394573482	-1.9082370763082667e-09	1
6283185.307179586	1733.5835835835837	5	-0.30290231283301816	-3.898561716313499e-10	1
6283185.307179586	3319.76976976977	3	1.3266131770504441	1.5995001823889845e-09	1
6283185.307179586	2985.835835835836	8	-0.019676041537500355	6.674642046760708e-10	1
6283185.307179586	2791.041041041041	7	-0.25048159395370706	-2.481748020674929e-10	2
6283185.307179586	1399.6496496496497	6	1.4669840938885375	-1.2617562317126714e-09	2
6283185.307179586	1149.1991991991993	2	-0.5438696025498939	1.209061965991019e-09	1
6283185.307179586	2457.1071071071074	6	0.8424172719829435	1.919387193768808e-09	1
6283185.307179586	947.4474474474474	7	-1.1770880946085596	7.699129286319875e-10	1
6283185.307179586	1510.960960960961	2	-0.19520106087363276	-1.5649086185777229e-09	1
6283185.307179586	1684.884884884885	2	0.4758385310774549	-8.695006247392141e-10	1
6283185.307179586	2777.127127127127	2	0.2864921207103015	1.6651978739216292e-09	1
6283185.307179586	2262.3123123123123	3	0.07922109715147418	1.8619379706284709e-09	1
6283185.307179586	850.0500500500501	4	0.6728475221102306	3.131156781920802e-10	1
6283185.307179586	523.0730730730731	3	1.2486622318871743	-2.98846339396071e-10	1
6283185.307179586	2491.891891891892	1	0.47069181685704464	-1.5780503474027299e-09	1
6283185.307179586	1858.8088088088089	4	-1.3637189956465365	-1.3821672902286597e-09	2
6283185.307179586	3368.4684684684685	4	0.791865273254516	1.6437580967135071e-09	1
6283185.307179586	1768.3683683683685	6	0.6126420094789129	1.968132859540666e-09	1
6283185.307179586	836.1361361361362	8	-1.3857492715411412	1.7658398049583627e-09	2
6283185.307179586	1789.2392392392394	8	-0.41927910615500785	-1.3985556406685942e-09	1
6283185.307179586	1497.047047047047	3	1.0719653974664713	7.213007812806755e-10	1
6283185.307179586	2164.914914914915	2	-1.1866343336954792	-1.4350586018915031e-09	1
6283185.307179586	968.3183183183183	6	0.090319436925409	1.2175099188940685e-09	1
6283185.307179586	1768.3683683683685	3	-1.2688651499930974	-1.2386097083981694e-09	1
6283185.307179586	1107.4574574574574	2	-1.3307074437506707	-1.297149638506173e-10	1
6283185.307179586	2164.914914914915	3	-1.1897932363355532	1.7719939235667208e-09	0
6283185.307179586	1274.4244244244244	8	-0.8346730228470775	-1.0190105249843178e-11	1
6283185.307179586	2137.087087087087	6	-0.624865552675635	9.283972899809111e-10	1
6283185.307179586	1058.7587587587586	6	-1.0873098731527808	8.187877633509175e-10	2
6283185.307179586	2018.818818818819	6	-1.1296952470543513	-1.0248209089833203e-09	1
6283185.307179586	1420.5205205205204	3	-0.9435166272071412	1.7480573535882667e-10	1
6283185.307179586	1253.5535535535537	2	-0.11571869246053423	-5.941981337546932e-10	1
6283185.307179586	1601.4014014014015	5	-0.5444801739768226	9.621742575090078e-10	1
6283185.307179586	2992.792792792793	6	0.19234019190120222	8.880757462500172e-10	1
6283185.307179586	2644.944944944945	1	-0.875368159420269	-2.779611321659373e-10	1
6283185.307179586	2457.1071071071074	1	-0.10601143863727458	1.264969327720979e-09	1
6283185.307179586	2373.6236236236236	4	0.4115555088128342	-1.6005052504046975e-09	1
6283185.307179586	1211.8118118118118	7	-1.2515932360833641	1.4799305604566222e-09	2
6283185.307179586	3076.2762762762763	2	-0.7890161106148762	1.2055981265104325e-09	1
6283185.307179586	3862.4124124124123	1	1.1407094073035178	1.1763546792020935e-09	1
6283185.307179586	870.9209209209209	1	0.11338170943283377	-4.871628774390691e-10	2
6283185.307179586	1796.1961961961963	2	0.7428907066853445	1.2110842984307892e-09	1
6283185.307179586	857.007007007007	2	1.2416978730672965	-1.9800073984547125e-09	2
6283185.307179586	1476.176176176176	2	-0.6534170885670237	-1.1264554465973769e-09	0
6283185.307179586	3041.4914914914916	2	-0.3025083123844936	-1.800867075045356e-09	1
6283185.307179586	3180.6306306306305	2	1.2165872287670125	-1.6314405419169892e-09	1
6283185.307179586	1406.6066066066066	4	0.6491811015695848	-1.6950622090830478e-10	1
6283185.307179586	1851.851851851852	5	1.3258005488333553	7.372786887868643e-10	1
6283185.307179586	2540.5905905905906	7	-0.25667792658931776	-1.0233540404643486e-10	1
6283185.307179586	2533.6336336336335	5	0.1084087610404958	-1.9620333125802954e-09	1
6283185.307179586	2693.643643643644	5	0.5577414561834528	1.8300372193521456e-09	1
6283185.307179586	1573.5735735735736	2	-0.213542646291482	1.8177109422728015e-09	1
6283185.307179586	1107.4574574574574	6	-1.545807769068436	1.7639968952104956e-09	1
6283185.307179586	3674.574574574575	1	0.7110914178061898	1.2465949282038734e-09	1
6283185.307179586	2081.4314314314315	6	-0.1077790847499247	1.6860792322968565e-09	1
6283185.307179586	1650.1001001001002	3	-0.6341002613811262	5.840046369307848e-10	1
6283185.307179586	3118.018018018018	6	1.3870907755030983	3.1391822482033465e-10	1
6283185.307179586	745.6956956956957	3	1.20827651492655	4.377027346011936e-10	1
6283185.307179586	2631.031031031031	8	-0.4747116201691526	1.9828788188253297e-09	1
6283185.307179586	2324.924924924925	5	-0.34415862312020384	2.0078849507704826e-10	2
6283185.307179586	1719.6696696696697	8	0.6401867516991926	1.3847533488925094e-09	1
6283185.307179586	2109.259259259259	2	-1.5181242159015824	-8.130225980462682e-12	1
6283185.307179586	2144.0440440440443	7	0.2024757379165658	8.440627887310378e-10	1
6283185.307179586	3945.895895895896	1	-1.1183453353921804	-1.3816398937256028e-09	1
6283185.307179586	1517.917917917918	3	0.641232270760324	1.2481906371540822e-09	1
6283185.307179586	1302.2522522522522	7	0.11190906824131819	-1.4869807734155033e-09	1
6283185.307179586	2825.825825825826	8	-1.3463608904397975	-2.7167912228792806e-10	1
6283185.307179586	1072.6726726726727	8	0.23768379101896353	-3.516281864484276e-10	1
6283185.307179586	1761.4114114114116	8	1.0753439753648486	8.788226825342469e-10	2
6283185.307179586	1712.7127127127128	6	-0.555197215034259	-1.3000812781617568e-09	1
6283185.307179586	1107.4574574574574	2	1.2743135663284986	9.366934549194088e-11	1
6283185.307179586	244.7947947947948	1	0.3431687121078688	1.3571567354482706e-09	1
6283185.307179586	1636.1861861861862	4	1.3764463173773076	6.61325345116039e-11	1
6283185.307179586	2394.4944944944946	5	0.6696008098202682	-8.132440606866861e-10	0
6283185.307179586	954.4044044044044	2	-0.25632531034834427	8.337589907410129e-10	1
6283185.307179586	3013.6636636636636	7	0.9797801217991311	-1.351299095664897e-09	1
6283185.307179586	1010.0600600600601	7	-0.41595639950357444	-1.455881433318588e-10	2
6283185.307179586	1086.5865865865867	5	0.08816024864220107	-1.2821006504337662e-10	1
6283185.307179586	1921.4214214214214	7	1.5637742059556516	1.3829978363354147e-10	1
6283185.307179586	1406.6066066066066	8	-1.4012486131374648	-5.051231213536522e-10	2
6283185.307179586	1698.7987987987988	6	1.5089690665311255	-1.458136450643315e-09	2
6283185.307179586	2937.1371371371374	8	0.8906519366914214	-8.870165955503261e-10	1
6283185.307179586	919.6196196196197	2	1.468301749592447	9.35926891197636e-10	2
6283185.307179586	1622.2722722722724	5	-0.9335180729962989	-1.7838824636187407e-09	1
6283185.307179586	1691.8418418418419	3	0.33331132205002634	-2.2380307678803975e-10	2
6283185.307179586	3264.1141141141143	3	-1.3885259881065	-9.941046983880745e-10	1
6283185.307179586	1413.5635635635635	4	0.9176800343122271	-1.516030055045198e-09	1
6283185.307179586	3500.6506506506507	2	-1.022875689550583	-8.868306719915902e-10	1
6283185.307179586	578.7287287287287	5	1.1417205350507618	-8.245477998417154e-10	2
6283185.307179586	2394.4944944944946	3	-1.3940089672753746	7.926390661426298e-10	2
6283185.307179586	2248.3983983983985	7	-1.056540938989719	-1.2120575273868264e-09	1
6283185.307179586	2171.871871871872	3	0.7180279050069154	-9.731718439865277e-10	0
6283185.307179586	3173.673673673674	6	-0.4852071126899369	1.2148431768158208e-09	1
6283185.307179586	1935.3353353353355	4	0.8171598928180916	-1.9382976215758237e-09	1
6283185.307179586	1044.8448448448448	7	-0.9211486901743212	-5.998624853020066e-10	2
6283185.307179586	2025.7757757757759	1	0.8653114944547284	-1.5168156905978268e-09	1
6283185.307179586	815.2652652652653	3	-0.24885726834579214	9.447986928511684e-10	1
6283185.307179586	3514.5645645645645	2	1.3410921454868623	-1.779481110367677e-09	1
6283185.307179586	1149.1991991991993	4	0.38199107419400624	-1.393899399636288e-09	1
6283185.307179586	2394.4944944944946	6	-1.375792307648576	-6.199352050593832e-10	2
6283185.307179586	2311.011011011011	1	-1.4245147547577799	1.0684939635838478e-09	2
6283185.307179586	1142.2422422422424	1	0.31023325841716076	-6.465614326816605e-10	2
6283185.307179586	1170.0700700700702	6	-0.9741241773970375	-1.3372664318415815e-09	1
6283185.307179586	1712.7127127127128	1	-1.070430817756873	1.3194196804269793e-09	1
6283185.307179586	1608.3583583583584	5	1.0280100538724755	-3.848608666620001e-10	1
6283185.307179586	1817.0670670670672	6	-1.3284399956730235	-1.999188655353515e-09	1
6283185.307179586	1295.2952952952953	6	0.3333014517317603	-1.6008507738719495e-10	1
6283185.307179586	2811.911911911912	8	1.4454965692063153	4.0519497196326597e-10	1
6283185.307179586	2067.5175175175173	7	-1.2413764813203372	-9.949506927931568e-10	1
6283185.307179586	808.3083083083084	7	0.4603248908614641	-1.966215819200754e-09	1
6283185.307179586	2081.4314314314315	7	-1.1326890529264917	1.3238560886218304e-09	1
6283185.307179586	2582.3323323323325	6	-1.2779468756872627	-6.79071382711784e-10	1
6283185.307179586	3444.994994994995	4	0.9420138125912878	7.421512164288868e-10	1
6283185.307179586	1246.5965965965966	1	-0.9836641423564073	-1.0698063167167384e-09	2
6283185.307179586	1434.4344344344345	2	1.2335950365584165	-3.8994626064509104e-10	1
6283185.307179586	1156.1561561561562	3	-0.563932971372145	-1.9074538822405924e-09	1
6283185.307179586	1510.960960960961	3	-0.6937827446767382	-1.5971454263792573e-11	1
6283185.307179586	1288.3383383383384	1	-0.07892842932684041	1.4323162666547038e-09	1
6283185.307179586	1239.6396396396397	3	-0.19911962125937221	1.7294203864550785e-09	1
6283185.307179586	1817.0670670670672	1	-1.1443793764688006	-2.742371681967565e-10	1
6283185.307179586	1371.821821821822	6	-0.9292210678875522	1.5452917538774553e-09	1
6283185.307179586	1455.3053053053054	5	1.4383831085904553	8.907138099577864e-10	2
6283185.307179586	1420.5205205205204	7	-0.9167969503778434	-1.0324599962108483e-09	1
6283185.307179586	2784.084084084084	2	-1.526285176333558	1.1386566042165863e-09	2
6283185.307179586	1357.9079079079079	1	0.8870389156179899	-7.587795033249308e-10	2
6283185.307179586	1337.0370370370372	5	-0.8266908673618026	7.908480746090672e-10	1
6283185.307179586	2596.2462462462463	1	0.9284965997902668	1.8175741432616515e-09	1
6283185.307179586	1559.6596596596596	8	-0.8865099597652906	-8.36991507122689e-10	1
6283185.307179586	2964.964964964965	1	-0.9845893387954102	1.5887224893812358e-09	1
6283185.307179586	3055.4054054054054	3	0.5484722725859315	-1.46224059054006e-09	1
6283185.307179586	1942.2922922922924	1	-0.5143528679072886	1.1629083285861261e-09	1
6283185.307179586	655.2552552552553	2	0.24981102322940174	-5.186609607250458e-10	1
6283185.307179586	2818.868868868869	5	0.5966896550100116	-1.3944878193263388e-09	1
6283185.307179586	1197.897897897898	1	0.7686977620805222	-1.75383059443347e-09	1
6283185.307179586	2185.7857857857857	3	1.2789182783075854	-1.4879519352730346e-09	1
6283185.307179586	1789.2392392392394	7	-1.4768639763511597	1.4085669585708213e-09	1
6283185.307179586	3006.706706706707	4	0.8960351095968875	1.786424585316163e-09	1
6283185.307179586	328.27827827827826	8	0.09084301946357409	-3.8309066134744683e-10	1
6283185.307179586	1997.947947947948	6	-0.23983704752951973	1.4754603346200434e-09	1
6283185.307179586	2338.838838838839	5	-0.08340941482003106	1.4360183169530485e-09	1
6283185.307179586	891.7917917917919	5	-1.2182414212755486	-8.522916381161818e-10	1
6283185.307179586	912.6626626626627	8	1.3820742096124219	1.2870916065181237e-09	2
6283185.307179586	1691.8418418418419	7	1.3011505968457566	-6.376368981559805e-10	2
6283185.307179586	1434.4344344344345	6	-0.7469509242854483	6.954982509095862e-10	2
6283185.307179586	982.2322322322323	1	0.9553928063036938	1.508672196157101e-09	1
6283185.307179586	1406.6066066066066	5	-1.374001674274107	-1.8091572804672942e-09	2
6283185.307179586	1824.0240240240241	3	0.000820284446661379	-9.66887135855956e-10	1
6283185.307179586	1761.4114114114116	6	1.3184064064138359	8.180312050121718e-10	1
6283185.307179586	620.4704704704704	8	0.5444166728770208	-7.809530733475949e-10	1
6283185.307179586	2450.1501501501502	2	-0.5283012601600834	1.5791812511574328e-09	1
6283185.307179586	2234.4844844844847	6	-0.10640551756665584	-5.379604851389707e-10	1
6283185.307179586	1462.2622622622623	4	-0.09179435423018223	-1.967164348870626e-11	1
6283185.307179586	1406.6066066066066	2	1.174188444915366	-1.1809753934491344e-09	2
6283185.307179586	620.4704704704704	1	0.04801128599250659	1.1635584599590473e-09	1
6283185.307179586	3062.3623623623625	6	-1.2145805022457004	6.245394558392845e-10	1
6283185.307179586	2505.805805805806	8	0.02554809996502505	3.587985811852964e-10	1
6283185.307179586	2025.7757757757759	2	-0.8893081787737876	4.998125695389492e-10	2
6283185.307179586	1274.4244244244244	8	-1.2008128071269542	-1.927989173019909e-09	1
6283185.307179586	1643.143143143143	6	-1.1897437727490952	7.813431066902094e-10	1
6283185.307179586	2178.828828828829	7	1.4278134758226138	-1.5447952689863815e-09	2
6283185.307179586	696.996996996997	3	-0.7745912678702715	1.592759569584238e-09	1
6283185.307179586	1100.5005005005005	4	-1.459735615406331	2.264435155150307e-10	2
6283185.307179586	1691.8418418418419	6	0.4306612806521146	1.0341750626334587e-09	1
6283185.307179586	891.7917917917919	1	-0.05126191655274903	3.4984985401621907e-10	1
6283185.307179586	1385.7357357357357	6	-0.44063201022506493	-1.6801866075255282e-09	1
6283185.307179586	1378.7787787787788	7	0.49134400519080623	-1.6753055630879477e-09	1
6283185.307179586	536.986986986987	2	0.11337699843737914	1.27463775224995e-09	1
6283185.307179586	2533.6336336336335	6	0.32473872266818704	7.656322740874964e-10	1
6283185.307179586	1928.3783783783783	6	-0.03351906021404716	-1.464489781895503e-09	1
6283185.307179586	829.1791791791792	2	1.4544309910763809	-1.3902335860089422e-09	1
6283185.307179586	627.4274274274275	5	1.3253625760146166	-1.5845634142742286e-09	2
6283185.307179586	975.2752752752752	4	0.04153615294284063	1.2647005560360707e-09	1
6283185.307179586	1684.884884884885	2	1.1326477206864314	-1.26644543095858e-09	1
6283185.307179586	2151.001001001001	6	-1.5687608110106606	-7.842614717939958e-10	2
6283185.307179586	2672.772772772773	7	0.7937600377630138	-1.424207883164853e-09	1
6283185.307179586	1761.4114114114116	5	-1.382329112195344	1.5881212998685193e-10	1
6283185.307179586	1879.6796796796798	6	0.9909784939652644	-2.148356063531703e-10	2
6283185.307179586	2937.1371371371374	3	0.6543854349209477	1.323446383017748e-09	1
6283185.307179586	2004.904904904905	3	0.21932730165242664	1.511446386927506e-10	1
6283185.307179586	2081.4314314314315	3	0.004891069991238783	-9.670982922498466e-10	1
6283185.307179586	912.6626626626627	1	-0.08237410558175706	-1.3734422389590464e-09	1
6283185.307179586	244.7947947947948	7	0.3058775937468965	3.7158524630845846e-10	1
6283185.307179586	815.2652652652653	3	0.9179280111451096	1.617193383820162e-09	1
6283185.307179586	745.6956956956957	5	0.6962140866896132	1.0031205991807909e-09	1
6283185.307179586	2484.934934934935	2	-0.29149431111945456	1.1578400937422606e-09	1
6283185.307179586	1218.7687687687687	7	-1.0525095542760092	-1.91741710482127e-09	1
6283185.307179586	919.6196196196197	7	0.8552282087137879	-1.6232669327557767e-10	2
6283185.307179586	982.2322322322323	2	1.331945382803024	-9.343678786275597e-11	2
6283185.307179586	1559.6596596596596	7	0.611537739662587	-1.3079601182735088e-09	1
6283185.307179586	1768.3683683683685	5	0.8103282586542813	-2.182610078093848e-10	1
6283185.307179586	2610.16016016016	6	-0.8473326547850113	1.52727298057802e-09	1
6283185.307179586	3194.544544544545	3	0.94598742953962	-6.245225102494661e-10	1
6283185.307179586	3041.4914914914916	7	-0.6248080213486886	1.944825049639142e-09	1
6283185.307179586	940.4904904904905	5	1.5493457934686616	-1.8730245822614997e-09	1
6283185.307179586	1135.2852852852852	5	-0.0655657599823305	1.9986578693201142e-09	1
6283185.307179586	2450.1501501501502	8	-1.1766948441280378	-1.807295742151702e-09	1
6283185.307179586	3549.3493493493493	2	-0.05234319544056554	-7.252646712417614e-10	1
6283185.307179586	1392.6926926926926	4	-0.41099358568556665	-1.6639284412440066e-09	1
6283185.307179586	1970.1201201201202	5	0.4046632086876458	1.915197302330477e-09	1
6283185.307179586	1914.4644644644645	3	-0.40761168858215324	-1.8844668364931945e-09	1
6283185.307179586	2338.838838838839	5	0.8578440713126532	-1.3898277966015945e-09	1
6283185.307179586	1664.014014014014	3	-0.30839012868036075	-1.2385626669883028e-09	1
6283185.307179586	411.76176176176176	3	0.8267578418367827	1.293407027420258e-09	1
6283185.307179586	328.27827827827826	1	0.8730052260176357	1.30956737190382e-09	1
6283185.307179586	2192.742742742743	6	0.1999741703261464	6.240977477594701e-10	1
6283185.307179586	2450.1501501501502	6	-1.3551660713945926	-1.1848522518911669e-09	2
6283185.307179586	822.2222222222223	4	0.3391730816971479	8.246726274360926e-10	1
6283185.307179586	1970.1201201201202	7	0.6700480812181255	-1.3622023060505962e-10	2
6283185.307179586	1455.3053053053054	8	1.1644355640967756	-1.6943453997541708e-09	1
6283185.307179586	1712.7127127127128	6	0.16193132887613682	-4.99014251274279e-10	1
6283185.307179586	2206.6566566566567	7	-1.1361925419716146	-3.6188492438013806e-10	1
6283185.307179586	2060.5605605605606	2	0.8692773251264194	1.6505832005037345e-10	1
6283185.307179586	752.6526526526527	7	-1.4002372813709605	1.80852809674041e-09	1
6283185.307179586	829.1791791791792	1	-0.3225064723976585	1.958249238171833e-09	1
6283185.307179586	1309.2092092092093	8	-0.09270689933176057	1.9054674437332715e-09	1
6283185.307179586	390.8908908908909	1	1.520554131315547	-2.1995222187915646e-10	2
6283185.307179586	2951.051051051051	6	-0.5062053336574992	-7.238568383622109e-10	1
6283185.307179586	1900.5505505505505	3	0.3231304583306276	-2.2573968085219674e-10	2
6283185.307179586	2512.762762762763	7	0.38224248611177924	-1.1282504214982639e-09	1
6283185.307179586	1643.143143143143	2	-1.165367785152547	1.0792083857193326e-10	1
6283185.307179586	481.33133133133134	8	0.8024086913446076	-1.7280507468031511e-09	1
6283185.307179586	2067.5175175175173	6	-0.07044162179161217	5.997821181683642e-10	1
6283185.307179586	1677.927927927928	7	-0.2658072064884649	-6.850635542920506e-10	1
6283185.307179586	2032.7327327327328	2	0.7222083657326168	-2.7633208051886494e-10	2
6283185.307179586	1886.6366366366367	8	0.6839641456799228	-1.1207536011984956e-09	1
6283185.307179586	599.5995995995996	4	-1.2289858089280608	-1.984223111964156e-09	1
6283185.307179586	1775.3253253253254	3	1.3410689449656252	-4.940494603711719e-10	1
6283185.307179586	1156.1561561561562	1	0.31386337943170717	2.0548306166122929e-10	2
6283185.307179586	1135.2852852852852	3	0.1160815598243643	1.3868979797823658e-10	2
6283185.307179586	1650.1001001001002	4	-0.5717085297559623	6.198447233393494e-10	1
6283185.307179586	1664.014014014014	7	1.3089229154876518	3.4442580623395376e-10	1
6283185.307179586	1712.7127127127128	3	-1.438615894943243	-9.893475263718786e-10	1
6283185.307179586	2491.891891891892	5	-0.12240960715702864	-1.5910958753986024e-09	1
6283185.307179586	1677.927927927928	4	1.4558050333089199	-1.3359773085276003e-09	2
6283185.307179586	2554.5045045045044	4	0.9619191090374457	-1.0922998733678668e-09	1
6283185.307179586	2498.848848848849	1	0.4426987384000003	-4.453440581989897e-10	2
6283185.307179586	1170.0700700700702	6	-0.0571598336315855	-1.6064776684012526e-09	1
6283185.307179586	3062.3623623623625	4	1.1090879782483793	-1.877180862447807e-09	1
6283185.307179586	1114.4144144144145	8	0.6035030828915389	-9.094177014199182e-10	1
6283185.307179586	3020.6206206206207	8	0.4616752998989684	1.0448010199361763e-09	1
6283185.307179586	2011.8618618618618	2	0.2276280786228444	4.618877756247216e-10	1
6283185.307179586	2164.914914914915	4	0.9365126348332362	6.087141798866821e-10	1
6283185.307179586	2157.957957957958	4	-0.292037330064445	1.7727338618112337e-09	1
6283185.307179586	2825.825825825826	4	1.094121266124044	-4.06495246118939e-10	2
6283185.307179586	968.3183183183183	5	-1.5148766384410075	8.692165387253129e-10	2
6283185.307179586	1698.7987987987988	2	0.2969806668436492	3.6467004718831814e-10	1
6283185.307179586	2902.352352352352	4	0.1144369020607674	7.928409753557189e-10	1
6283185.307179586	1218.7687687687687	4	0.7967563348090563	-1.2147335723880826e-09	1
6283185.307179586	926.5765765765766	3	0.17325186870083065	1.2875165315405868e-09	1
6283185.307179586	2192.742742742743	8	-0.20960333484164373	6.778631458234254e-10	1
6283185.307179586	1566.6166166166167	6	1.3594471143206568	9.914763401963117e-10	1
6283185.307179586	1552.7027027027027	8	-0.9977789295743762	1.5559032076494894e-09	0
6283185.307179586	1677.927927927928	1	-0.18811382450126235	4.632504073289693e-11	2
6283185.307179586	1427.4774774774776	1	0.34461688431932425	2.417398276179071e-10	2
6283185.307179586	1413.5635635635635	8	0.9496252223061212	-1.6945061658281405e-10	2
6283185.307179586	2387.5375375375374	4	0.2050233187520114	-3.9566903258842904e-10	1
6283185.307179586	2471.021021021021	1	-1.4291160662025209	-6.209613643161566e-10	1
6283185.307179586	1719.6696696696697	4	0.3996429854582362	-1.5261104828436342e-09	1
6283185.307179586	425.6756756756757	2	1.2379125184317301	9.088075569937132e-10	1
6283185.307179586	2589.289289289289	5	0.43402231225650434	-2.0780702866721034e-10	2
6283185.307179586	2206.6566566566567	3	1.245924245379038	-3.6407814267661857e-10	2
6283185.307179586	822.2222222222223	3	-0.4453303897679384	-5.619146851089232e-10	1
6283185.307179586	2255.3553553553556	2	0.9650614159841107	-6.520065604465426e-10	2
6283185.307179586	3138.888888888889	7	1.0905491372581175	-4.873355599647319e-10	1
6283185.307179586	446.54654654654655	2	-0.3181253397202368	1.5378351493070098e-09	1
6283185.307179586	2422.322322322322	1	1.2299273674318814	1.2003714462702547e-09	1
6283185.307179586	1211.8118118118118	3	0.6074291589116463	-1.3873262802034626e-09	0
6283185.307179586	1629.2292292292293	5	1.0278642375278508	3.340217459063338e-10	2
6283185.307179586	244.7947947947948	7	-0.8096162084450867	-1.8594374826326378e-09	1
6283185.307179586	1573.5735735735736	5	-0.4801916632891068	1.2187301528767266e-09	1
6283185.307179586	2387.5375375375374	4	0.9006802528630717	6.926603431152046e-10	1
6283185.307179586	439.5895895895896	4	1.0827116650145077	-1.8030443214433936e-09	2
6283185.307179586	1253.5535535535537	4	-0.907786045728515	-1.5531238246366989e-09	1
6283185.307179586	1817.0670670670672	7	-0.09024152788551354	5.881758849876995e-10	1
6283185.307179586	3389.3393393393394	2	-1.0894515340711184	6.687401866776569e-10	1
6283185.307179586	2902.352352352352	7	1.2026516633776092	1.7717657825414527e-09	1
6283185.307179586	2039.6896896896897	4	1.193293657883539	4.787388788632623e-10	2
6283185.307179586	2784.084084084084	7	0.08049557008483732	2.890015571508997e-10	2
6283185.307179586	940.4904904904905	4	0.6378859586996719	3.5025544071811886e-11	1
6283185.307179586	1545.7457457457458	1	0.3645343704640285	-9.441439196383925e-10	1
6283185.307179586	1824.0240240240241	1	-0.8783059677920805	-7.578155578583794e-10	2
6283185.307179586	2317.967967967968	7	-0.8834970062501589	-8.31844247198891e-10	1
6283185.307179586	3131.931931931932	6	1.0856309218059086	-5.509655459394356e-10	1
6283185.307179586	1281.3813813813815	2	-1.5391643522241758	1.3896614729147873e-09	2
6283185.307179586	1260.5105105105106	7	0.5654899540433536	-3.658861805606994e-10	2
6283185.307179586	1747.4974974974975	4	-0.7891037283724068	5.895635056499832e-10	1
6283185.307179586	2297.097097097097	5	-1.455599775042973	8.797899360906837e-10	1
6283185.307179586	1719.6696696696697	5	0.3364511714686038	-2.3262017928462313e-11	1
6283185.307179586	1705.755755755756	4	0.35498332321093007	-1.4228494828631005e-09	1
6283185.307179586	2631.031031031031	4	0.338676417030477	-1.2415908805088152e-09	1
6283185.307179586	1288.3383383383384	6	0.32937337507582143	-5.012668387440185e-10	1
6283185.307179586	1295.2952952952953	6	1.1577987667398464	-1.0686820936518701e-10	1
6283185.307179586	1504.004004004004	5	-1.4932000732606583	3.763843155839889e-11	1
6283185.307179586	1956.2062062062062	8	-0.057075758340688676	-1.0308243845524801e-09	1
6283185.307179586	1156.1561561561562	6	1.1594976211626182	8.246144578474578e-10	1
6283185.307179586	1065.7157157157158	5	-0.3709288860008253	4.5492996577589205e-10	2
6283185.307179586	2700.6006006006005	4	-0.8335230564030528	-4.600433258162333e-10	1
6283185.307179586	1914.4644644644645	3	-1.3730254987169488	4.818050293777124e-10	2
6283185.307179586	2269.2692692692694	7	-1.569951675405549	4.5522310996762995e-10	1
6283185.307179586	2756.256256256256	6	1.2514402951407941	1.8959794251564274e-09	1
6283185.307179586	3625.875875875876	7	0.1155338854143606	-9.692348471565851e-10	1
6283185.307179586	1830.980980980981	4	-0.18104810638772184	-1.3327175587162655e-09	1
6283185.307179586	1622.2722722722724	6	0.19355647740006576	9.592839263397745e-10	1
6283185.307179586	1893.5935935935936	5	1.0160732121943674	-2.677441155143804e-10	2
6283185.307179586	1343.993993993994	8	-0.1626404496088265	1.4849903100955309e-09	1
6283185.307179586	1664.014014014014	1	1.02315458289831	-1.6148729105349867e-09	1
6283185.307179586	954.4044044044044	4	-0.820777515064282	-1.3705396697840733e-09	1
6283185.307179586	1740.5405405405406	7	1.2412955067445184	-1.2859046353990546e-09	1
6283185.307179586	2923.223223223223	6	1.1168110928178385	-1.9913356668675706e-09	1
6283185.307179586	2958.008008008008	8	0.6931911181548989	-7.235584181758661e-10	1
6283185.307179586	1754.4544544544544	2	1.3339582771387364	-7.681197592371585e-10	2
6283185.307179586	1817.0670670670672	4	0.1676784682951542	-1.8181050164456864e-09	1
6283185.307179586	2686.6866866866867	5	-0.7575608510807559	-1.153432242093154e-09	1
6283185.307179586	2526.676676676677	1	-1.5510831793734463	-5.4031836044830934e-11	2
6283185.307179586	2102.3023023023025	6	1.4552261881502888	6.115495384725738e-10	2
6283185.307179586	1900.5505505505505	7	-1.4790645499298933	1.7494764300557305e-09	1
6283185.307179586	2408.4084084084084	4	-0.2523791688024144	1.8815587724263e-09	1
6283185.307179586	648.2982982982983	4	0.2997286340993566	-1.2433828995406288e-09	1
6283185.307179586	2631.031031031031	6	0.3836730367666721	9.185172766385011e-10	1
6283185.307179586	564.8148148148148	2	-0.101514539907398	1.6043079713794247e-09	1
6283185.307179586	1030.930930930931	7	-1.0355306193965115	6.327115054843518e-10	1
6283185.307179586	3097.1471471471473	6	0.688487527432482	-1.4816139649887516e-09	1
6283185.307179586	2095.3453453453453	2	0.10856104444739678	1.5294640786201442e-09	1
6283185.307179586	2109.259259259259	7	-0.9474480065625903	-1.7906035650591418e-12	2
6283185.307179586	2255.3553553553556	8	-0.8341792897328933	-8.205363523695747e-10	1
6283185.307179586	3069.319319319319	7	0.33440332104323667	5.412977166845058e-10	1
