axial trapping frequency (MHz) 	 velocity(m/s) 	 ion collided with 	 angle(rads) 	 collision offset(m) 	 reorder? (1 is reorder 2 is ejection) 
6283185.307179586	759.6096096096096	3	1.4301983487079712	1.7892112853973955e-09	1
6283185.307179586	1017.017017017017	8	-0.4690642569575665	-1.4323931272758456e-09	1
6283185.307179586	1587.4874874874874	9	-1.530719116367911	-1.1428302900170876e-09	2
6283185.307179586	1552.7027027027027	8	0.17956694152212127	1.2663914090939772e-09	1
6283185.307179586	439.5895895895896	4	0.212176577131308	1.0495053951921841e-09	1
6283185.307179586	1357.9079079079079	1	1.0299728878256755	-9.008737911571241e-10	2
6283185.307179586	1997.947947947948	3	0.1457665184287198	-1.824581452997578e-09	1
6283185.307179586	2088.388388388388	2	1.216664374394163	-1.975787068426981e-09	1
6283185.307179586	1886.6366366366367	4	1.464066135596107	-8.440521917269819e-10	1
6283185.307179586	2693.643643643644	3	-0.43540718456911054	2.8138434531083745e-11	2
6283185.307179586	2324.924924924925	9	0.4566635978678084	6.486130978413655e-10	1
6283185.307179586	1782.2822822822823	7	-0.36741850121892417	-4.706056352553376e-10	1
6283185.307179586	1733.5835835835837	3	0.7596264352272319	1.9722726590571304e-09	1
6283185.307179586	1524.8748748748749	7	0.43967141074265736	1.2717616038799286e-09	1
6283185.307179586	599.5995995995996	2	-0.5319647005729022	-6.61334525043434e-11	1
6283185.307179586	2519.7197197197197	5	-1.4204716396743968	1.2730467290567564e-09	1
6283185.307179586	1413.5635635635635	3	0.46085744412531593	-6.935394578702332e-10	1
6283185.307179586	1232.6826826826828	6	1.3433361352406887	1.719919437178826e-09	1
6283185.307179586	2011.8618618618618	8	-0.36755682310641813	-3.988584336522967e-11	2
6283185.307179586	1796.1961961961963	2	0.7041968662353968	-1.2151981884326287e-09	1
6283185.307179586	738.7387387387388	1	-0.7492665009672637	1.959635162728083e-10	1
6283185.307179586	3472.822822822823	8	-0.9104316110786576	-8.82312743651424e-11	1
6283185.307179586	1302.2522522522522	9	-1.5151187430554256	-9.391428431563266e-10	2
6283185.307179586	2178.828828828829	9	-1.0927446011067439	1.5126533714669226e-09	1
6283185.307179586	606.5565565565565	2	-0.3512501591232249	-1.272150434618316e-09	2
6283185.307179586	2311.011011011011	1	0.2355540886169778	-3.611775132771482e-11	1
6283185.307179586	1051.801801801802	2	-0.051365404440241846	-9.141133018137896e-10	1
6283185.307179586	808.3083083083084	9	1.169522994875229	1.5342307165991399e-09	2
6283185.307179586	2004.904904904905	3	0.519858227708073	6.139037991194163e-10	1
6283185.307179586	1664.014014014014	1	-0.13824446819320868	2.8483843401125176e-11	2
6283185.307179586	1246.5965965965966	7	-0.10750022961621108	-1.3550229896050699e-09	1
6283185.307179586	550.900900900901	7	-0.7483314624165467	-2.2629651775976054e-10	1
6283185.307179586	2123.1731731731734	9	1.556623041548915	7.695397737800597e-11	1
6283185.307179586	766.5665665665666	3	-0.7697902389405373	-6.530493475718543e-10	2
6283185.307179586	2944.094094094094	5	-1.5062391526255712	6.655221621681228e-10	2
6283185.307179586	2471.021021021021	5	-1.258781172867094	-1.965772808503504e-09	1
6283185.307179586	1580.5305305305305	6	-1.458370999333146	4.0229265569933303e-10	2
6283185.307179586	1420.5205205205204	9	0.9319111476268387	-2.0896053949244694e-10	2
6283185.307179586	1469.2192192192192	1	0.4448509587122427	-2.7116512478854834e-10	2
6283185.307179586	1977.077077077077	8	0.5051005636349171	-1.6786150881259406e-09	1
6283185.307179586	863.963963963964	6	0.3538797326988856	5.867164995667959e-10	2
6283185.307179586	1288.3383383383384	8	-0.3549618218338988	7.160559711653756e-10	1
6283185.307179586	1504.004004004004	4	0.22841471866732022	-7.187002979587192e-10	1
6283185.307179586	1058.7587587587586	8	0.8804012549264715	-1.965232942000415e-09	1
6283185.307179586	3911.1111111111113	4	0.31942512969629777	-1.0380379307055151e-09	1
6283185.307179586	1712.7127127127128	3	1.130837219596173	1.1916672996333276e-09	1
6283185.307179586	773.5235235235235	3	-1.465955815936896	1.1670365465927073e-10	2
6283185.307179586	1984.034034034034	4	0.06101718546761403	7.849212672495755e-10	1
6283185.307179586	2262.3123123123123	2	1.0112740778498144	-1.14530450775554e-09	1
6283185.307179586	1065.7157157157158	7	1.2023570771250731	-2.1301757119903147e-10	1
6283185.307179586	1622.2722722722724	9	0.6952346703837717	-1.581710603203301e-11	1
6283185.307179586	2032.7327327327328	5	-0.7592620810718964	-1.2961425474002195e-09	1
6283185.307179586	488.2882882882883	9	0.9458029972602353	-3.9060070809932996e-10	1
6283185.307179586	1761.4114114114116	4	0.18523016767997125	-1.1591587789432843e-09	1
6283185.307179586	2206.6566566566567	9	1.1693264919898247	-4.42419053891694e-11	2
6283185.307179586	2192.742742742743	1	-0.7990912129321306	1.5221742729673778e-09	1
6283185.307179586	585.6856856856857	2	-1.425469327172217	1.0831293576365095e-09	1
6283185.307179586	1810.11011011011	7	0.3529630468733076	1.5657929539050969e-09	1
6283185.307179586	1990.9909909909911	2	-0.07728207771410434	-4.6078202111036904e-10	2
6283185.307179586	1490.0900900900901	3	0.4900546455955208	1.8780965267417873e-09	1
6283185.307179586	328.27827827827826	3	-0.16901999770315035	-1.7285089400726125e-09	1
6283185.307179586	2276.226226226226	8	0.5840677255797848	-6.669611510165875e-10	1
6283185.307179586	1643.143143143143	2	0.7892271785160445	1.7545168966374472e-09	1
6283185.307179586	1288.3383383383384	2	-1.1003649157372326	6.018899980984159e-10	1
6283185.307179586	2053.603603603604	8	-0.367684934898975	4.5442173699276386e-10	1
6283185.307179586	787.4374374374374	6	0.13185321100387437	-3.949830117018695e-10	2
6283185.307179586	439.5895895895896	5	0.5743028688313925	6.591100792246941e-10	1
6283185.307179586	1044.8448448448448	9	1.0729558267198978	2.231313113396807e-10	2
6283185.307179586	2804.954954954955	8	1.2313320000930807	-1.290540015291142e-10	2
6283185.307179586	2234.4844844844847	1	0.045482789097997633	-1.537944089023445e-10	2
6283185.307179586	1803.1531531531532	8	-0.9624530762750121	1.1636272161212352e-09	1
6283185.307179586	1921.4214214214214	5	0.3368052991366637	2.1923321539888038e-10	1
6283185.307179586	1566.6166166166167	7	0.6068894890809262	-1.5312064853786643e-10	1
6283185.307179586	1017.017017017017	9	-0.3081065265929479	1.941532917045915e-09	1
6283185.307179586	1316.1661661661662	5	-0.9595429866281596	-7.063156249367802e-10	1
6283185.307179586	2860.610610610611	2	-0.543034763773792	-5.880861904143777e-10	1
6283185.307179586	2157.957957957958	8	-1.4278921073031414	1.3527195740733217e-09	1
6283185.307179586	2366.6666666666665	2	1.2327697939387985	1.3680762832473623e-09	1
6283185.307179586	2617.1171171171172	6	1.0507996524942969	8.471571486784538e-10	1
6283185.307179586	641.3413413413414	7	-0.04063578447518679	-1.6758688183681226e-09	1
6283185.307179586	1768.3683683683685	3	-0.3101707273362011	-2.0277896201692205e-10	2
6283185.307179586	683.0830830830831	8	-0.33207799749392675	-9.81555320345089e-10	1
6283185.307179586	1997.947947947948	3	0.15693929628213477	2.0037110118207143e-10	1
6283185.307179586	2151.001001001001	2	0.47647146469423696	-4.1612582743817276e-10	1
6283185.307179586	1517.917917917918	3	-0.32754199672909645	1.898342636706848e-09	1
6283185.307179586	467.4174174174174	8	-0.0356361478610554	-1.62871924904047e-09	1
6283185.307179586	3605.005005005005	1	0.2058007687958987	-8.677316247142479e-10	1
6283185.307179586	1566.6166166166167	6	-1.2463803831412235	-5.046814446016249e-10	2
6283185.307179586	1942.2922922922924	3	-0.736537045617196	1.5882793007212663e-09	1
6283185.307179586	961.3613613613613	8	0.5334652707124845	3.821660711931855e-10	2
6283185.307179586	2895.3953953953956	8	1.093697949248034	-1.446391976653926e-09	1
6283185.307179586	321.3213213213213	8	0.6683308942986717	-1.6063372455622887e-09	1
6283185.307179586	1970.1201201201202	4	1.1869303409865006	-1.9054502831649252e-09	1
6283185.307179586	1093.5435435435436	5	1.0164472445275026	6.083591664704352e-10	2
6283185.307179586	1149.1991991991993	9	0.09952655344213257	-1.1185000051597914e-09	1
6283185.307179586	3451.951951951952	8	-0.43855101524740814	1.863930394925537e-09	1
6283185.307179586	1837.937937937938	7	-0.891846242495995	-1.9635850934589795e-09	1
6283185.307179586	1517.917917917918	9	-1.1604234507872133	-8.199949525855965e-10	1
6283185.307179586	1121.3713713713714	6	1.270320430102983	-7.064457720833523e-10	1
6283185.307179586	3834.5845845845847	2	-0.297216759369354	-1.3761818731402104e-09	1
6283185.307179586	1142.2422422422424	3	-0.9752344572499376	-3.8827019981595604e-10	1
6283185.307179586	1003.1031031031031	3	0.24955944687928255	-6.959313025165908e-10	1
6283185.307179586	1476.176176176176	3	-1.148221402302042	1.4385749636721092e-10	2
6283185.307179586	1128.3283283283283	9	-0.319748792129825	-1.4891491212276384e-09	1
6283185.307179586	3319.76976976977	5	-1.1720023504440211	-3.03675028639038e-10	2
6283185.307179586	3598.0480480480483	1	-1.467407944474639	1.1869966072506143e-09	1
6283185.307179586	3444.994994994995	5	-0.5745497528905104	1.3586262046512357e-09	1
6283185.307179586	1364.864864864865	1	0.6096765402221394	1.959851972361311e-09	1
6283185.307179586	710.910910910911	7	0.12014896221321725	-9.706490641150158e-10	1
6283185.307179586	2394.4944944944946	4	-1.3924487026623218	-6.473603212326202e-11	1
6283185.307179586	2262.3123123123123	1	1.3464046879428087	6.904374982078259e-11	2
6283185.307179586	2394.4944944944946	8	0.7322003693286532	9.550202090653399e-10	1
6283185.307179586	2171.871871871872	7	-1.0741366836344415	-1.4633819070465475e-09	1
6283185.307179586	1664.014014014014	5	0.5649131815779445	-6.713355413419106e-11	1
6283185.307179586	1253.5535535535537	8	1.0420419611493275	5.175484967291025e-10	2
6283185.307179586	1086.5865865865867	9	0.9927661153431853	-1.102393856389718e-09	1
6283185.307179586	2770.1701701701704	3	-1.079092998862043	8.498650449700695e-10	1
6283185.307179586	2004.904904904905	3	0.8288248512856877	1.5207477575530704e-09	1
6283185.307179586	2130.13013013013	5	1.4805351218006728	9.710077073783692e-10	1
6283185.307179586	1107.4574574574574	6	-0.41477148485104154	-8.667906456190884e-11	1
6283185.307179586	780.4804804804805	6	-0.9252732530493841	-4.752234957809835e-10	2
6283185.307179586	2770.1701701701704	2	0.19422898747450645	-1.3455339863790107e-09	1
6283185.307179586	1524.8748748748749	5	-0.623914699504764	-1.6871044946870444e-09	1
6283185.307179586	536.986986986987	8	0.15712131621204328	-1.680087848121457e-09	1
6283185.307179586	1517.917917917918	1	-0.7631496720566363	4.18080152299574e-10	1
6283185.307179586	1893.5935935935936	3	-1.3668408617543277	1.1937410848510345e-09	2
6283185.307179586	1997.947947947948	3	-0.49076562761574727	-4.2519508477181754e-10	1
6283185.307179586	1761.4114114114116	5	-0.4048636752696244	4.413580842548797e-10	2
6283185.307179586	1935.3353353353355	2	-1.3550033455104524	-5.913990063501617e-10	2
6283185.307179586	1072.6726726726727	7	-0.44388824816967754	-1.0296094576032258e-09	1
6283185.307179586	1879.6796796796798	7	-0.3519375926872368	1.9488978029639154e-09	1
6283185.307179586	2617.1171171171172	1	-0.11321437709977777	-1.0419753576556828e-09	1
6283185.307179586	1378.7787787787788	7	-0.5877200282825911	-1.0399553697659356e-09	1
6283185.307179586	2297.097097097097	9	-1.3069386301302557	1.7653473229735666e-09	1
6283185.307179586	1935.3353353353355	3	0.20049986123905383	-1.4884813518411388e-10	1
6283185.307179586	2345.795795795796	4	0.5082298224875275	-4.524318834370878e-10	1
6283185.307179586	1357.9079079079079	6	1.0723999203300152	1.7889444382528173e-09	1
6283185.307179586	669.1691691691692	6	-1.395227367400577	1.5174203153014992e-09	2
6283185.307179586	1295.2952952952953	1	0.0671317043333195	9.215905647929739e-11	2
6283185.307179586	2519.7197197197197	5	-0.22349897015053477	1.3060795678297408e-09	1
6283185.307179586	1497.047047047047	8	0.8494959861164144	-9.518970375919298e-10	1
6283185.307179586	1594.4444444444446	4	0.2984717869671023	1.1387952763527426e-09	1
6283185.307179586	2276.226226226226	3	0.6037241273345204	9.577683032384034e-10	1
6283185.307179586	1385.7357357357357	3	-0.8705798811571507	1.0057224567597999e-09	1
6283185.307179586	3396.2962962962965	2	-0.7626056176740466	1.5341360168180023e-09	1
6283185.307179586	1441.3913913913914	7	-1.417716877746467	1.2535341700197573e-09	1
6283185.307179586	411.76176176176176	8	0.21664362874179788	1.015539839383933e-09	1
6283185.307179586	516.1161161161161	1	0.5629898609006196	-1.8846776319520418e-09	2
6283185.307179586	1566.6166166166167	3	-0.6822747509104452	1.6647539801256045e-09	1
6283185.307179586	3250.2002002002005	9	1.0428976544439368	5.073119833811724e-10	2
6283185.307179586	1343.993993993994	3	-0.905487392896039	7.894123603630846e-10	1
6283185.307179586	1970.1201201201202	9	-0.17970684823744243	-1.3036706491695807e-09	1
6283185.307179586	2102.3023023023025	8	0.13710147200034917	-8.657601558424722e-10	1
6283185.307179586	752.6526526526527	5	-1.3053233386771568	-1.140808772877037e-09	2
6283185.307179586	1142.2422422422424	9	-0.37676527086249156	-1.21291774470998e-10	2
6283185.307179586	975.2752752752752	2	-0.5743538231725195	4.5317231277182655e-10	1
6283185.307179586	2081.4314314314315	1	-1.2374588934922606	-9.719276759017192e-10	2
6283185.307179586	1733.5835835835837	9	1.5023264208962557	1.9940916298471756e-09	1
6283185.307179586	2011.8618618618618	2	-0.018660417221468162	-8.787879707170517e-10	1
6283185.307179586	613.5135135135135	2	0.727258699624556	6.716117189755051e-10	1
6283185.307179586	2004.904904904905	5	-0.8472600859202032	-1.8609235213477868e-10	1
6283185.307179586	1302.2522522522522	2	-0.6188246977119408	-8.526918719263371e-10	1
6283185.307179586	3890.2402402402404	1	-1.2267951587305572	2.2396598647246525e-10	1
6283185.307179586	1441.3913913913914	4	-0.3238780825851131	1.2539678545610442e-09	1
6283185.307179586	676.1261261261261	2	-1.4570511959381989	-7.928280866788953e-10	2
6283185.307179586	2784.084084084084	8	-0.906459002903775	-1.386113711951556e-09	1
6283185.307179586	1051.801801801802	4	-0.6747583257982313	8.054124090372678e-10	1
6283185.307179586	1629.2292292292293	6	1.4152638710882743	8.617167302688555e-10	2
6283185.307179586	947.4474474474474	2	-0.3494046167056817	-1.4126089409732516e-09	1
6283185.307179586	2735.3853853853852	6	0.7996452730643067	1.3776628415706938e-10	1
6283185.307179586	2025.7757757757759	3	1.4209158614768258	1.1290626556266875e-09	1
6283185.307179586	2457.1071071071074	3	-0.4594014925449932	1.509298903499368e-09	1
6283185.307179586	599.5995995995996	7	0.7265540553734127	-5.975614208764172e-10	1
6283185.307179586	1079.6296296296296	6	-0.23888456477907716	-1.455500240393167e-09	1
6283185.307179586	2958.008008008008	2	1.1353655258852045	5.811296796576794e-10	1
6283185.307179586	1121.3713713713714	9	-0.463519052926868	-1.4153809921635196e-11	2
6283185.307179586	2519.7197197197197	1	0.8806032230101839	-1.0011670916202928e-09	1
6283185.307179586	2651.901901901902	7	-0.48892467864837874	-1.2431465295848003e-09	1
6283185.307179586	2728.4284284284286	7	-0.42624495014994634	-1.796392510648275e-09	1
6283185.307179586	2505.805805805806	1	-0.3324049674628351	8.731333569374543e-10	1
6283185.307179586	2234.4844844844847	6	0.9561273630637004	-8.868120422014671e-10	1
6283185.307179586	1768.3683683683685	2	1.4966010183619902	-3.9697065764294426e-10	1
6283185.307179586	1232.6826826826828	6	-0.18935395249456222	9.908967936851247e-10	1
6283185.307179586	1587.4874874874874	6	-0.9228175161878813	-1.817403746455296e-09	1
6283185.307179586	1664.014014014014	7	-0.4494961841903484	2.8772867479318395e-10	1
6283185.307179586	4175.475475475476	3	-0.6987133818861363	1.9606135917353397e-09	1
6283185.307179586	2797.997997997998	6	0.14328535756356597	1.793674871526071e-10	2
6283185.307179586	1747.4974974974975	5	1.0156736522428154	-7.04068788061123e-10	2
6283185.307179586	1350.950950950951	8	0.02603393333800086	-5.679608429785171e-10	1
6283185.307179586	2540.5905905905906	7	0.7112122573576203	8.435449569395214e-10	1
6283185.307179586	3104.1041041041044	6	0.5908496956927385	-1.999388837328925e-09	1
6283185.307179586	1865.7657657657658	1	0.04706678946152887	1.5656069140189761e-09	1
6283185.307179586	1997.947947947948	6	1.2598166158602302	1.6574586303366353e-09	1
6283185.307179586	1253.5535535535537	3	-0.5346164975623415	-1.556242761180509e-09	1
6283185.307179586	2811.911911911912	6	1.0267156180016896	-8.701307174512403e-10	1
6283185.307179586	2331.881881881882	1	0.7460807578523307	6.730009053839328e-10	1
6283185.307179586	1037.887887887888	6	0.0006938014568860229	-2.834731324557592e-10	1
6283185.307179586	2742.3423423423424	5	0.4312692144852517	-1.335713063230635e-09	1
6283185.307179586	481.33133133133134	5	-1.2926686194579085	8.019300810874984e-10	1
6283185.307179586	2686.6866866866867	1	-0.594573634582421	1.0644404708880763e-09	1
6283185.307179586	1023.973973973974	4	-0.25430787106487984	8.702804993344002e-10	1
6283185.307179586	606.5565565565565	2	-1.1988897347953589	-1.522727416555378e-09	1
6283185.307179586	2102.3023023023025	5	-0.4275334493139402	1.422425935292705e-09	1
6283185.307179586	731.7817817817818	3	0.3740916509468275	1.011658541317591e-09	1
6283185.307179586	3598.0480480480483	2	1.2377048197322025	1.4824269719429866e-09	1
6283185.307179586	641.3413413413414	3	-0.9201247196161705	-1.8134874750480498e-09	1
6283185.307179586	1434.4344344344345	3	0.5860400464461377	-1.010042199012803e-09	1
6283185.307179586	2144.0440440440443	6	0.5167824683529365	-1.4067822018186412e-09	1
6283185.307179586	2603.2032032032034	5	1.4042670519301583	-5.902228564271211e-10	2
6283185.307179586	1455.3053053053054	9	-1.426565721057766	1.1684055253077541e-09	2
6283185.307179586	2533.6336336336335	8	-0.09446244039511664	-1.682408099409106e-09	1
6283185.307179586	1684.884884884885	7	-0.442245016602159	6.762475962512333e-10	1
6283185.307179586	2860.610610610611	5	-0.5231286466368825	4.911599787541999e-10	1
6283185.307179586	1427.4774774774776	4	0.5219757066248998	4.513518081621508e-10	1
6283185.307179586	2276.226226226226	8	1.2545318014332558	1.598742343490171e-09	1
6283185.307179586	1010.0600600600601	6	0.6071399483698605	-3.76145073755584e-10	1
6283185.307179586	863.963963963964	1	1.5335326518105923	-2.7404338979341125e-10	2
6283185.307179586	2464.064064064064	1	-0.6808013202486987	9.643524192081598e-11	2
6283185.307179586	2144.0440440440443	8	0.4391932206011684	-4.5207915434493666e-10	1
6283185.307179586	933.5335335335336	5	0.8864654849707825	-1.2907703404225164e-09	1
6283185.307179586	1455.3053053053054	4	1.54737289900232	-1.7746447971339179e-09	2
6283185.307179586	1462.2622622622623	7	-0.04778589008130729	2.466584632859715e-10	1
6283185.307179586	2547.5475475475478	8	-0.0455799400898651	-1.4442541527817095e-09	1
6283185.307179586	2199.6996996997	4	-0.3132875149941565	5.699712818023403e-11	2
6283185.307179586	1183.983983983984	1	0.46673207615132917	1.1080179136864186e-10	2
6283185.307179586	1768.3683683683685	5	-0.2924310666548897	-9.085405760173805e-10	1
6283185.307179586	4085.035035035035	7	-0.6951652948383129	-2.5615039075495934e-10	1
6283185.307179586	1469.2192192192192	3	0.7813102616808711	-1.8148011330165975e-09	1
6283185.307179586	1497.047047047047	2	-0.22210528789075568	-1.1439881371084422e-09	1
6283185.307179586	2978.878878878879	5	-0.5649107013229904	-5.267920539777338e-10	1
6283185.307179586	1608.3583583583584	3	-0.2701381618611993	9.423304949583765e-10	1
6283185.307179586	2060.5605605605606	4	0.12444703558652903	-2.796606999863553e-10	1
6283185.307179586	1288.3383383383384	7	-1.2577547923278742	9.279096184620201e-10	1
6283185.307179586	2895.3953953953956	6	1.3652653305308604	1.0331346116313182e-09	2
6283185.307179586	1990.9909909909911	7	0.47322175917202225	-1.4255823262863948e-09	1
6283185.307179586	1921.4214214214214	2	0.39856969775944706	2.476210703837283e-10	2
6283185.307179586	2512.762762762763	9	-0.7391711487284098	-7.264359230501173e-10	1
6283185.307179586	1893.5935935935936	7	0.0760587022414494	-4.520538649123069e-10	1
6283185.307179586	1664.014014014014	4	0.6188906880814828	-1.9888092003301617e-09	1
6283185.307179586	731.7817817817818	8	1.1194260230696722	8.84155256344951e-10	1
6283185.307179586	1726.6266266266266	2	-1.2199762188130059	1.795615363794524e-09	1
6283185.307179586	383.93393393393393	7	-0.7774711138460015	-1.7533918732661306e-09	1
6283185.307179586	2317.967967967968	7	1.1960243450166916	1.1297691732303836e-09	1
6283185.307179586	1142.2422422422424	7	0.48668936768516735	-1.3691415786079438e-09	1
6283185.307179586	1302.2522522522522	6	-0.0641225532764016	9.38578356392045e-10	1
6283185.307179586	1935.3353353353355	1	-0.8941599406084024	9.788680213910806e-10	1
6283185.307179586	1615.3153153153153	3	-0.2707697017816866	1.3811256686710927e-09	1
6283185.307179586	1956.2062062062062	4	1.4184707116932076	-2.9772876963993104e-10	2
6283185.307179586	2283.1831831831832	8	0.25965862159600506	-5.628804440238612e-10	1
6283185.307179586	1601.4014014014015	8	-0.49813568959301935	-4.686735747702519e-11	1
6283185.307179586	3069.319319319319	5	0.9366111077511321	1.882375978169659e-09	1
6283185.307179586	1970.1201201201202	9	-1.4313854991358546	1.1185139949182512e-10	1
6283185.307179586	1058.7587587587586	5	-0.19222429644649752	1.926964689435033e-09	1
6283185.307179586	1232.6826826826828	6	-1.532014201163442	-1.9675863859812452e-09	1
6283185.307179586	1907.5075075075076	5	-0.3691232657710011	-8.726732488919314e-10	1
6283185.307179586	1420.5205205205204	8	-0.9106304463750627	-3.1019977613065886e-10	2
6283185.307179586	1552.7027027027027	9	0.44072710819264715	-1.8379253283115117e-09	1
6283185.307179586	564.8148148148148	5	0.8969919640288788	-1.495728565079821e-09	1
6283185.307179586	1844.8948948948948	8	1.0255651815639077	-1.6356035132667072e-09	1
6283185.307179586	1343.993993993994	2	-0.6586160019224464	3.132500042203602e-11	2
6283185.307179586	1177.027027027027	7	-0.18694386244824068	1.7545696791675146e-09	1
6283185.307179586	877.877877877878	9	0.12674798369684437	-3.8599830503420176e-10	1
6283185.307179586	1163.113113113113	9	-0.37153640280781475	1.8159512338700195e-09	1
6283185.307179586	516.1161161161161	8	-0.2598858771617625	-1.4125532457767837e-09	1
6283185.307179586	1232.6826826826828	9	-1.3737790099205822	-2.415607915122933e-10	2
6283185.307179586	2262.3123123123123	6	-1.3701362584074614	-3.645507336732319e-10	1
6283185.307179586	1705.755755755756	6	0.35226195824774154	-6.099978119193166e-10	1
6283185.307179586	1455.3053053053054	1	0.40582481252677116	4.454291694288314e-10	1
6283185.307179586	1990.9909909909911	9	-0.2701069647143346	6.950858164814945e-10	1
6283185.307179586	1601.4014014014015	6	1.5546631037482195	-9.630090393359518e-10	1
6283185.307179586	2596.2462462462463	6	-1.0395664588643836	-4.180237375417932e-10	1
6283185.307179586	1545.7457457457458	4	0.43267801023582875	-1.0617236868169524e-09	1
6283185.307179586	1469.2192192192192	7	-1.5655985325698	1.5828289486411975e-09	1
6283185.307179586	2617.1171171171172	3	0.044078137531717854	-1.057965242750119e-09	1
6283185.307179586	2304.054054054054	5	-1.4696136323215592	1.4311770071324789e-09	2
6283185.307179586	1810.11011011011	2	-0.665030316747274	1.4766419678722275e-09	1
6283185.307179586	2311.011011011011	4	1.3097603274991507	-2.6755814479556827e-10	2
6283185.307179586	1323.1231231231232	1	0.3772227935066004	-4.784529951161206e-10	1
6283185.307179586	1844.8948948948948	2	1.2873195770539252	-1.7973175128968705e-09	1
6283185.307179586	1225.7257257257259	9	-1.1739477000485974	-1.8247544737806437e-09	1
6283185.307179586	1608.3583583583584	7	1.164398250890097	1.8137023301672633e-09	1
6283185.307179586	1079.6296296296296	1	1.0131891196839495	1.6942598221726626e-09	1
6283185.307179586	961.3613613613613	9	-1.3478804724827231	2.6937537532342424e-10	2
6283185.307179586	1810.11011011011	2	-1.290814725779361	1.0170266164791868e-09	1
6283185.307179586	1970.1201201201202	9	-0.45852203951905124	1.7106452263219093e-09	1
6283185.307179586	3284.984984984985	7	0.7246301004874236	5.826275855800935e-10	1
6283185.307179586	2450.1501501501502	4	-0.4699271921082018	-4.5782695333956897e-10	1
6283185.307179586	1587.4874874874874	6	0.7880135623131439	1.2890993968230948e-09	1
6283185.307179586	1267.4674674674675	2	0.006163530583248145	1.5719737742543962e-09	1
6283185.307179586	3027.577577577578	5	-1.4942377801618694	1.7253355582909682e-09	1
6283185.307179586	1003.1031031031031	4	0.26970401820793644	1.5953591437281337e-09	1
6283185.307179586	1789.2392392392394	7	-1.503284557505209	-3.1725432874049713e-10	1
6283185.307179586	2018.818818818819	7	-0.7807315446647806	-3.6036874921821887e-10	1
6283185.307179586	1726.6266266266266	7	-0.7367644773831943	-1.3189326645193221e-09	1
6283185.307179586	2651.901901901902	5	1.0227361051022772	3.759742548753401e-11	1
6283185.307179586	1483.1331331331332	7	-0.2805717971515167	1.1187551281544628e-09	1
6283185.307179586	2519.7197197197197	1	0.5047024463780869	-1.776431619885019e-09	1
6283185.307179586	1163.113113113113	4	-1.3599085922420149	1.0295746913396171e-09	1
6283185.307179586	2324.924924924925	5	0.4309861098763128	1.346481396166015e-09	1
6283185.307179586	1650.1001001001002	5	1.3347543534085968	1.998083054374812e-09	1
6283185.307179586	891.7917917917919	8	0.16831072969332972	-1.2083345922859385e-09	1
6283185.307179586	759.6096096096096	5	0.278426233954981	1.0067295215550042e-09	1
6283185.307179586	1274.4244244244244	8	0.6230958166851712	4.0926930127241095e-10	1
6283185.307179586	1197.897897897898	7	-1.5064328329329286	1.0811494491775996e-09	1
6283185.307179586	1657.0570570570571	2	-0.9969934071520125	-5.10116043931429e-11	2
6283185.307179586	3709.3593593593596	3	1.0401102623530032	1.5534137191494502e-09	1
6283185.307179586	2060.5605605605606	3	1.2172142201970284	4.5171640198281754e-10	2
6283185.307179586	2832.7827827827828	9	1.2375350126960085	9.019242328705783e-10	2
6283185.307179586	1128.3283283283283	6	0.021513365292925357	-1.930214033886842e-10	2
6283185.307179586	1065.7157157157158	5	-1.2996820403232938	-9.182117185519708e-10	1
6283185.307179586	3298.898898898899	8	-0.890308662247975	-1.891565050606372e-09	1
6283185.307179586	1274.4244244244244	6	-1.0378786259575974	1.6143082021267718e-09	1
6283185.307179586	1830.980980980981	6	1.223196647785156	-7.000484948143293e-10	1
6283185.307179586	2130.13013013013	7	0.18726790396066328	1.8343692418029378e-09	1
6283185.307179586	2352.7527527527527	4	-1.0898323791392457	1.7984390435062268e-10	2
6283185.307179586	2457.1071071071074	9	-1.2385216750187178	-7.430527332580454e-10	2
6283185.307179586	1316.1661661661662	1	-0.7529480037700224	1.3579408173166082e-09	1
6283185.307179586	1517.917917917918	8	-1.0484557174971032	1.115689660328698e-09	1
6283185.307179586	2846.6966966966966	6	0.7499742885291862	3.359658493272039e-10	2
6283185.307179586	1246.5965965965966	7	1.2019412079424576	-1.2529396196869717e-09	2
6283185.307179586	1963.1631631631633	2	0.8378408098122176	-1.0413844653513116e-09	1
6283185.307179586	1810.11011011011	8	0.4681093540357173	-1.0680415986467677e-09	1
6283185.307179586	1900.5505505505505	7	0.6321415241761947	-8.485747097340356e-11	1
6283185.307179586	1949.2492492492493	6	0.535262061538452	-5.824444820666101e-10	1
6283185.307179586	2046.6466466466468	5	-1.5003107871016415	-1.9307457075155542e-09	2
6283185.307179586	1183.983983983984	5	-1.1955434179219988	-3.250411318244031e-10	2
6283185.307179586	1302.2522522522522	3	-1.2872900082455976	-1.402357645944092e-09	2
6283185.307179586	1691.8418418418419	8	-1.2007116698234306	-1.638649915980159e-09	1
6283185.307179586	1824.0240240240241	9	1.32483953001696	1.0727764032826429e-09	1
6283185.307179586	1552.7027027027027	7	-0.05793195333558665	5.594046403975901e-10	1
6283185.307179586	2951.051051051051	5	-1.2825806675897844	4.719000113020421e-10	2
6283185.307179586	2206.6566566566567	2	-0.05997596459640819	-1.0548382651873656e-09	1
6283185.307179586	1343.993993993994	5	-1.4603289180152415	7.366355497418819e-10	1
6283185.307179586	1281.3813813813815	2	-0.3422392940949013	-8.567040212430004e-10	1
6283185.307179586	1309.2092092092093	4	1.4266225754604553	9.005159349387951e-10	1
6283185.307179586	1935.3353353353355	5	1.37818645342049	-4.360140105451694e-10	2
6283185.307179586	1587.4874874874874	5	-1.0527004749542335	-1.2227272863433508e-09	1
6283185.307179586	1114.4144144144145	6	0.4633049949424346	-1.1984658017665604e-09	1
6283185.307179586	2394.4944944944946	7	-0.7813274533575302	-1.0487293201036931e-09	1
6283185.307179586	2491.891891891892	5	-1.3375510486208544	-1.2148434669423073e-09	2
6283185.307179586	2971.921921921922	4	-0.45042394813421227	1.6813705334880573e-09	1
6283185.307179586	258.70870870870874	7	1.083550078820986	-9.835546603745824e-10	1
6283185.307179586	1149.1991991991993	5	-0.6801522918666137	-9.799547441047185e-10	1
6283185.307179586	1420.5205205205204	6	-0.4801438336040915	1.0958502413467277e-09	1
6283185.307179586	1504.004004004004	8	-1.424824193991878	8.037704373128243e-11	1
6283185.307179586	3104.1041041041044	3	-0.5099739777405321	-6.472696522837738e-10	1
6283185.307179586	1086.5865865865867	7	0.1348254164188134	-1.1340982499442053e-10	1
6283185.307179586	794.3943943943945	3	1.468247478164301	1.5175856408404225e-09	2
6283185.307179586	2151.001001001001	8	-0.7231251495925315	-7.010504589700317e-10	1
6283185.307179586	418.7187187187187	6	-1.1251832588360777	-1.925043792277871e-09	1
6283185.307179586	2116.2162162162163	7	1.4337884836400954	1.2775758986611114e-09	2
6283185.307179586	1886.6366366366367	2	1.081383996786097	-1.5235702245427205e-09	1
6283185.307179586	2081.4314314314315	2	-0.7144317388018794	-3.678301096195162e-10	2
6283185.307179586	766.5665665665666	6	1.444305671460394	-6.761890128663391e-10	2
6283185.307179586	2032.7327327327328	8	-1.3247322340127112	1.404088588149066e-09	1
6283185.307179586	982.2322322322323	4	-0.5635391509080923	-1.1531811077935897e-09	1
6283185.307179586	2276.226226226226	8	-0.7744331681582326	-1.1716158191145252e-09	1
6283185.307179586	1462.2622622622623	9	-0.06342753705702497	-1.6690590481191953e-09	1
6283185.307179586	1420.5205205205204	6	1.1877233814011783	1.5392984857561705e-09	1
6283185.307179586	1274.4244244244244	7	-1.536528865192174	-1.0886979927037533e-09	1
6283185.307179586	1733.5835835835837	5	0.39750051906323325	-1.1701551940909449e-09	1
6283185.307179586	1893.5935935935936	4	1.2241732716202574	3.3027590963097157e-10	2
6283185.307179586	2791.041041041041	6	1.4776408943072412	-1.1430962182174223e-09	2
6283185.307179586	1650.1001001001002	3	0.5384750334733868	1.1873006544095547e-09	1
6283185.307179586	1963.1631631631633	6	1.293505897756826	-9.496259709248506e-10	1
6283185.307179586	1121.3713713713714	8	0.2827774034910091	-2.935895682500642e-10	1
6283185.307179586	2422.322322322322	7	0.38353335110287645	-8.16578808764164e-10	1
6283185.307179586	1316.1661661661662	4	-1.4559910078019656	-6.427525893637362e-11	1
6283185.307179586	1170.0700700700702	1	1.4091579968502135	4.4307040239523663e-10	2
6283185.307179586	857.007007007007	2	-1.114613214037992	-2.0268466842082545e-10	1
6283185.307179586	1761.4114114114116	9	1.0124317478949432	5.803288724520251e-10	1
6283185.307179586	3152.802802802803	5	-0.10012999997862027	9.853010183594174e-10	1
6283185.307179586	1997.947947947948	8	0.4909998988957436	-1.314602406488393e-09	1
6283185.307179586	1977.077077077077	7	0.31759282168982184	-6.454156359919971e-10	1
6283185.307179586	2679.72972972973	3	-0.4682023525888732	-2.7488158623565203e-11	1
6283185.307179586	453.5035035035035	2	0.8376263302248961	4.800846407361894e-10	1
6283185.307179586	1747.4974974974975	9	1.30889883625066	-2.5341470396899715e-10	2
6283185.307179586	2088.388388388388	6	-0.4587336627695846	-2.7647119057316844e-13	2
6283185.307179586	2784.084084084084	4	-0.8056382318362706	1.3481517450429443e-09	1
6283185.307179586	2958.008008008008	2	-1.2587354810444202	-1.792188493123064e-10	2
6283185.307179586	1977.077077077077	3	0.44525450755535756	1.2361645764040847e-09	1
6283185.307179586	1142.2422422422424	9	-1.2114986256711808	-1.87940544887104e-09	1
6283185.307179586	2220.5705705705705	8	1.1579961916331043	-2.0399989466422812e-10	2
6283185.307179586	1977.077077077077	4	-0.7976026785877481	-1.5922185888153014e-09	1
6283185.307179586	1232.6826826826828	6	-1.0677576447092778	8.305809708852601e-10	2
6283185.307179586	634.3843843843844	8	-1.0106206654169971	1.5806078297459778e-09	2
6283185.307179586	1963.1631631631633	6	0.708948358628255	-1.493891883782324e-09	1
6283185.307179586	1587.4874874874874	4	1.4533595636284273	8.691343820642436e-11	1
6283185.307179586	1343.993993993994	4	0.8430807139210752	-8.670166968555494e-10	1
6283185.307179586	1455.3053053053054	4	-0.257966344748801	1.039549902498014e-09	1
6283185.307179586	1851.851851851852	8	-1.4476997586524787	1.4461314868846117e-09	2
6283185.307179586	2679.72972972973	7	0.40489735988934195	-7.85523929854151e-10	1
6283185.307179586	2533.6336336336335	3	-1.4173727127261129	1.5328340595303581e-09	1
6283185.307179586	1225.7257257257259	4	-1.522766130046092	1.0098308472376174e-09	2
6283185.307179586	2644.944944944945	3	-0.8602876609500878	3.7515914627905696e-10	1
6283185.307179586	2686.6866866866867	2	0.6825532845438183	-5.335501391565511e-10	1
6283185.307179586	1691.8418418418419	7	-0.2939968742393766	-1.0168175636191378e-09	1
6283185.307179586	2568.4184184184187	3	0.4766538453692224	1.125723772844149e-09	1
6283185.307179586	1163.113113113113	4	0.1022894351588075	-1.306542459900164e-09	1
6283185.307179586	1650.1001001001002	1	-0.5938078991249076	-5.752376647884604e-10	2
6283185.307179586	3291.941941941942	7	-0.15839113189688847	5.512636117014433e-10	1
6283185.307179586	1858.8088088088089	6	0.34470189883099533	1.2239585868880482e-09	1
6283185.307179586	1177.027027027027	5	0.24147264700108884	-7.186221556298365e-10	1
6283185.307179586	1837.937937937938	5	-1.2105548724583721	-5.7108631971055925e-11	1
6283185.307179586	1441.3913913913914	9	1.4925477802824236	-1.6902717043318571e-09	2
6283185.307179586	1677.927927927928	7	-0.7665071636285135	-1.0672317510396901e-09	1
6283185.307179586	1316.1661661661662	9	-0.19068279277522526	-1.6725948873244022e-09	1
6283185.307179586	613.5135135135135	3	1.5499592838420124	-1.4007884933442335e-09	1
6283185.307179586	1448.3483483483483	8	0.14127200022362452	8.376284495396405e-10	1
6283185.307179586	1128.3283283283283	5	1.5403637378439092	-3.403834341586346e-10	2
6283185.307179586	439.5895895895896	8	1.0089325127577538	-1.8059940806835933e-09	1
6283185.307179586	2373.6236236236236	8	-0.5547564863433809	8.803042809573962e-10	1
6283185.307179586	2373.6236236236236	6	0.8925920691267901	-1.3561071016228234e-09	1
6283185.307179586	1830.980980980981	7	-0.26804456787125797	2.9544093153821987e-10	1
6283185.307179586	1197.897897897898	1	1.4044977584547675	-7.753700899091336e-10	2
6283185.307179586	1650.1001001001002	3	-0.7289333096164267	-1.0582891001533473e-09	1
6283185.307179586	1990.9909909909911	7	-1.2861227278869565	-1.7570696913042184e-09	1
6283185.307179586	1830.980980980981	3	-0.2756696937817886	-8.658646980855937e-10	1
6283185.307179586	1197.897897897898	1	0.9595010818690688	-2.789155017291604e-10	2
6283185.307179586	1594.4444444444446	2	1.52906144830229	4.828149615636022e-10	1
6283185.307179586	1803.1531531531532	1	-0.512649253165878	-1.5696931279263559e-09	1
6283185.307179586	543.943943943944	2	1.1202680496011954	-8.667933354370447e-10	1
6283185.307179586	884.8348348348349	8	-0.31603828832622516	-6.112756052067821e-10	1
6283185.307179586	578.7287287287287	6	-0.9671345944982755	2.803073048253616e-10	1
6283185.307179586	1204.854854854855	6	1.206371872045597	-7.834454116619366e-10	2
6283185.307179586	2471.021021021021	1	0.22262390947510946	2.313715226619627e-10	2
6283185.307179586	1858.8088088088089	1	-0.18166234058570518	-7.683842945881447e-10	1
6283185.307179586	1239.6396396396397	6	0.08372676387142386	-1.2581761136147259e-09	1
6283185.307179586	2297.097097097097	3	1.1681957511252925	8.56481676766728e-10	1
6283185.307179586	2895.3953953953956	3	0.1881706688516125	-9.511432436256886e-10	1
6283185.307179586	898.7487487487488	8	-0.9083786927536027	1.7617213185391023e-09	1
6283185.307179586	3368.4684684684685	8	-1.311415915648631	-1.9563379168791937e-09	1
6283185.307179586	1093.5435435435436	8	-0.9254131145204506	1.706895417405932e-09	1
6283185.307179586	1851.851851851852	3	0.0650507144011574	-1.46514213105435e-09	1
6283185.307179586	696.996996996997	8	1.0848746338722317	1.2677198289987968e-09	2
6283185.307179586	2498.848848848849	3	0.6183255435736936	6.725806198009676e-12	1
6283185.307179586	2373.6236236236236	2	-0.05448618611714284	1.5194372777468768e-09	1
6283185.307179586	1128.3283283283283	9	0.25812966233897017	-1.7551960811491952e-09	1
6283185.307179586	2770.1701701701704	8	1.3575653587093592	1.3720764143267804e-09	2
6283185.307179586	1420.5205205205204	3	-0.8424807714037424	1.363871126329623e-09	1
6283185.307179586	724.8248248248249	2	1.0576088939033212	6.613034885669768e-10	2
6283185.307179586	1643.143143143143	2	-0.09880586153804538	9.538115528416947e-10	1
6283185.307179586	2352.7527527527527	5	1.2459582268038187	1.4392345955779342e-09	1
6283185.307179586	2018.818818818819	1	1.4759207315466107	-5.754986834930494e-10	2
6283185.307179586	1900.5505505505505	5	0.8468251755973326	1.674612200965324e-09	1
6283185.307179586	3118.018018018018	9	1.38329833196924	1.8540990578403712e-09	1
6283185.307179586	370.02002002002	9	0.015579432473932231	-1.1462654680571156e-10	1
6283185.307179586	3236.286286286286	1	-0.21728340056827	-2.681846801598406e-10	1
6283185.307179586	1949.2492492492493	5	-1.2816846914892372	-1.1314668513963721e-09	1
6283185.307179586	2777.127127127127	6	-0.2099665661403729	1.076454978836828e-09	1
6283185.307179586	1698.7987987987988	5	1.0185454438872141	1.6350029952619756e-09	1
6283185.307179586	1761.4114114114116	5	1.2567908300381894	-1.4561312912174245e-09	1
6283185.307179586	467.4174174174174	8	-0.5732300344293961	1.7060982744831846e-09	2
6283185.307179586	2498.848848848849	4	-0.229970396407023	-1.9757690180679347e-09	1
6283185.307179586	1837.937937937938	3	-0.460481218287089	1.0517501298799407e-10	2
6283185.307179586	1580.5305305305305	7	1.2391833644930124	2.5291593330572584e-10	2
6283185.307179586	2081.4314314314315	3	-0.36294612893438516	-8.108640337838535e-10	1
6283185.307179586	1281.3813813813815	9	1.4975624738105098	-1.1483414644254465e-09	2
6283185.307179586	1225.7257257257259	1	-1.4288206047606318	8.966607757995614e-10	1
6283185.307179586	1782.2822822822823	1	-0.5632640173939263	2.4071255377707095e-10	2
6283185.307179586	1830.980980980981	5	0.37862311975013085	-3.311148694936206e-10	1
6283185.307179586	2387.5375375375374	9	-0.03809453779430938	-1.4017751287034578e-10	1
6283185.307179586	1420.5205205205204	1	0.7551630874951831	1.3898362965976257e-09	1
6283185.307179586	1782.2822822822823	8	0.5660301505460263	1.909547931184732e-09	1
6283185.307179586	2074.474474474475	3	-1.0224823269950938	1.2888738350347781e-09	1
6283185.307179586	1427.4774774774776	3	1.197107836340635	1.640486701595095e-11	2
6283185.307179586	2046.6466466466468	4	1.1578048682268394	-1.1996483712328497e-09	1
6283185.307179586	1003.1031031031031	1	1.105012632626992	1.5914530099556878e-09	1
6283185.307179586	1086.5865865865867	9	1.5084042033400489	-1.465816129935465e-09	2
6283185.307179586	2791.041041041041	8	-0.9264576284362894	8.692864302157105e-10	1
6283185.307179586	1587.4874874874874	3	-0.02016927223543674	-1.8583280802213042e-09	1
6283185.307179586	982.2322322322323	9	-0.34825059647262124	1.9593386249744798e-09	1
6283185.307179586	1768.3683683683685	5	1.0050789345002045	1.1363784485202468e-09	1
6283185.307179586	1684.884884884885	6	1.0965814806974508	-8.199189565031565e-11	1
6283185.307179586	1935.3353353353355	3	0.885803511950193	-1.3357933896899404e-10	1
6283185.307179586	3076.2762762762763	4	-0.6347918665021782	8.025331351765316e-10	1
6283185.307179586	1107.4574574574574	2	-0.18581539891371834	-1.1435402557734246e-09	1
6283185.307179586	2220.5705705705705	7	-0.1223102217860399	1.8382548606276705e-09	1
6283185.307179586	1573.5735735735736	2	0.09900452733313281	8.709167461427107e-10	1
6283185.307179586	390.8908908908909	4	0.07157456860432743	-6.572508408412379e-10	2
6283185.307179586	794.3943943943945	4	0.3429291220859749	-4.534571046760664e-10	1
6283185.307179586	2457.1071071071074	5	-0.0888846957502516	1.198798578910488e-09	1
6283185.307179586	2164.914914914915	4	-0.47205283721617675	1.8836256067737e-09	1
6283185.307179586	1691.8418418418419	1	0.1784262136914283	7.771492978629811e-10	1
6283185.307179586	1587.4874874874874	4	0.7114478383781981	-1.654547760279925e-09	1
6283185.307179586	2450.1501501501502	6	-0.6014165964307424	1.0579016296007049e-09	1
6283185.307179586	2109.259259259259	6	-1.0657201588235776	1.2682107506327852e-09	1
6283185.307179586	1601.4014014014015	3	-0.7965375820608775	2.2329753882092026e-10	1
6283185.307179586	1364.864864864865	5	1.0264445990017355	-1.5025200402195934e-10	1
6283185.307179586	2338.838838838839	3	-0.4195326656153602	3.0691690984851314e-10	1
6283185.307179586	1559.6596596596596	5	0.4184028606567738	-7.319244818610447e-10	1
6283185.307179586	2317.967967967968	9	1.2635487822604503	-3.304694454460463e-10	2
6283185.307179586	488.2882882882883	8	-1.420659460650178	-1.6986806079936728e-09	2
6283185.307179586	1504.004004004004	7	-1.1512454454666825	1.919702376236597e-09	1
6283185.307179586	961.3613613613613	4	0.4561362312203374	1.9220887665526136e-10	1
6283185.307179586	2004.904904904905	3	-0.9480240061542948	-1.1927307684307739e-09	1
6283185.307179586	3730.2302302302305	5	-1.1659616415977128	-2.287174439385913e-10	2
6283185.307179586	1023.973973973974	3	0.6609404551363385	-1.173565691187556e-09	1
6283185.307179586	1483.1331331331332	1	-0.3616596545472708	-9.105147119090066e-10	1
6283185.307179586	1385.7357357357357	4	0.9061976459462908	1.7867043572838805e-09	1
6283185.307179586	1691.8418418418419	5	-0.22875839362499795	-3.360221826832418e-10	2
6283185.307179586	1267.4674674674675	1	-0.3778550427487053	1.316511047340046e-09	1
6283185.307179586	2464.064064064064	6	1.2201342019055184	-8.606862151693636e-10	1
6283185.307179586	2011.8618618618618	8	0.8715985463118607	-4.2067421351050354e-10	1
6283185.307179586	1204.854854854855	8	0.3787725095712813	1.0930149699935444e-09	1
6283185.307179586	1552.7027027027027	3	-0.06269729655167744	-1.9861715091785587e-09	1
6283185.307179586	2505.805805805806	7	0.002882255552676849	8.196573833407008e-10	1
6283185.307179586	926.5765765765766	5	1.129264135508408	1.9459686062318803e-09	1
6283185.307179586	1684.884884884885	8	0.2658491149590805	-1.3733540731753174e-10	2
6283185.307179586	1956.2062062062062	2	-1.1166468597859482	1.7016679764117233e-09	1
6283185.307179586	2290.1401401401404	6	-1.1171872428370382	9.522653126011208e-10	1
6283185.307179586	1997.947947947948	7	1.162402512724419	-9.00775272689066e-10	2
6283185.307179586	1824.0240240240241	4	-0.892122507057465	1.006366867084946e-09	1
6283185.307179586	1204.854854854855	5	1.1399573921235984	1.577133396616745e-09	1
6283185.307179586	2589.289289289289	7	-1.565259695796976	4.057803576562174e-10	1
6283185.307179586	1330.08008008008	7	1.475685920750447	-1.889982081113172e-09	1
6283185.307179586	836.1361361361362	1	-1.2187394750506266	-9.437907620854226e-11	2
6283185.307179586	1733.5835835835837	4	0.5767684953723133	-1.6919051521981193e-09	1
6283185.307179586	3744.1441441441443	4	-1.2520720257745876	-1.8444054959313282e-09	1
6283185.307179586	1497.047047047047	6	0.5193151481140821	2.3081974747232853e-10	2
6283185.307179586	1281.3813813813815	4	-0.03978258085069353	-5.412217033576496e-10	2
6283185.307179586	2429.2792792792793	1	1.4749582747650893	-8.113110494178169e-10	2
6283185.307179586	2164.914914914915	9	0.7992382418622488	-5.161198133373316e-10	1
6283185.307179586	1420.5205205205204	1	-0.10346507710026898	7.870791350905115e-11	2
6283185.307179586	1559.6596596596596	2	1.068319678227828	-8.681941261560438e-10	2
6283185.307179586	2742.3423423423424	5	-1.029989032870854	-6.98399169815748e-10	1
6283185.307179586	1782.2822822822823	4	1.553702353592759	-4.46630682493402e-10	1
6283185.307179586	1705.755755755756	6	-0.27661444477508534	-1.2121632790085678e-09	1
6283185.307179586	1789.2392392392394	3	1.0839982940721136	1.1860267181106605e-09	1
6283185.307179586	2491.891891891892	8	-1.122792700379839	-1.1995428955408412e-09	1
6283185.307179586	2130.13013013013	5	1.2472418997896648	-1.8086673071430575e-09	1
6283185.307179586	2213.613613613614	8	1.5208150092988473	-4.116874505757666e-10	2
6283185.307179586	1768.3683683683685	5	-0.3016226158958406	1.855874482219351e-09	1
6283185.307179586	676.1261261261261	9	1.0317872020953498	-2.2721105233875765e-11	2
6283185.307179586	2742.3423423423424	4	0.021284655742574987	1.8205025047557993e-10	2
6283185.307179586	1754.4544544544544	1	0.9989399973934288	4.184652591907304e-10	2
6283185.307179586	1990.9909909909911	2	1.5520558598331409	7.755531704421873e-10	1
6283185.307179586	2373.6236236236236	9	1.1823358789870544	-1.076768339963374e-09	1
6283185.307179586	3034.5345345345345	7	0.9979503668804299	1.2232491633436786e-09	1
6283185.307179586	1761.4114114114116	6	-0.20407304218306965	1.059908135842419e-09	1
6283185.307179586	2665.8158158158158	1	-1.1910020797747074	-2.8043287116965985e-10	1
6283185.307179586	1183.983983983984	2	-1.2883322209708177	1.9345367955410523e-10	1
6283185.307179586	829.1791791791792	6	0.4949933403104536	6.51146776380997e-10	1
6283185.307179586	996.1461461461462	4	1.107884615695446	-3.1488783947125895e-10	1
6283185.307179586	2491.891891891892	7	0.1830726210797986	-1.720449040602731e-09	1
6283185.307179586	1448.3483483483483	3	0.6094814218447593	1.9930909468239553e-09	1
6283185.307179586	1030.930930930931	3	-1.1174234410140331	-1.563824604318326e-09	1
6283185.307179586	2352.7527527527527	6	-0.12126917326399123	3.9681509163705467e-10	1
6283185.307179586	3570.22022022022	1	-0.8712411761201646	-1.4048350507205466e-09	1
6283185.307179586	2491.891891891892	1	1.1736074354675017	2.971273568220325e-10	2
6283185.307179586	2039.6896896896897	2	-0.45399037791313845	2.1999308602730597e-10	2
6283185.307179586	2262.3123123123123	1	-1.1449825477025626	1.5163526275658912e-09	1
6283185.307179586	2178.828828828829	9	0.022661898735131025	8.501263147099306e-10	1
6283185.307179586	1156.1561561561562	8	-0.5950793478575113	-1.524731149862424e-09	1
6283185.307179586	2797.997997997998	5	0.24153945256779807	-1.2578981362394522e-09	1
6283185.307179586	1636.1861861861862	3	-0.8655633831325658	1.1759997972897407e-09	1
6283185.307179586	1657.0570570570571	4	1.210368375224823	-2.2805354302040152e-10	1
6283185.307179586	1030.930930930931	6	0.009589826503084486	-1.3511551393330442e-09	1
6283185.307179586	912.6626626626627	2	-0.07864335099888442	1.7666753299791567e-09	1
6283185.307179586	2575.3753753753754	4	0.249478138625695	1.8447238141508593e-09	1
6283185.307179586	1448.3483483483483	4	-1.4926770264950746	-1.0050831246363315e-09	2
6283185.307179586	3424.124124124124	4	0.11464526515998896	1.4302929274913722e-09	1
6283185.307179586	2408.4084084084084	4	0.5046349542375324	-1.815774210705584e-09	1
6283185.307179586	1371.821821821822	6	-0.6206625022294777	8.294637187177577e-10	1
6283185.307179586	1677.927927927928	2	-1.4041756553666183	1.5646380705061398e-09	2
6283185.307179586	2770.1701701701704	4	1.4183484660053272	-1.8694886335031904e-09	2
6283185.307179586	2053.603603603604	4	-0.055219196247305646	-1.8833098326727815e-09	1
6283185.307179586	1142.2422422422424	5	-0.027962575299288472	3.9273682979733224e-10	2
6283185.307179586	1114.4144144144145	7	-0.3322469789121498	-1.2847588966941128e-09	1
6283185.307179586	968.3183183183183	7	0.18307373463478083	1.7591042613113367e-09	1
6283185.307179586	1928.3783783783783	8	-0.16815129274961382	9.72701814860082e-10	1
6283185.307179586	2137.087087087087	6	-1.0290065611585504	-1.0660967459757147e-10	1
6283185.307179586	1608.3583583583584	3	1.39662915582938	-1.8055770746674115e-09	2
6283185.307179586	2317.967967967968	8	-0.54704537569331	2.0573870867520076e-10	2
6283185.307179586	1886.6366366366367	9	-0.8530787760942912	6.607247697193522e-10	1
6283185.307179586	1907.5075075075076	6	0.08332092289855475	5.935970004980256e-10	1
6283185.307179586	1267.4674674674675	4	0.535484699698908	1.3902927579912784e-09	1
6283185.307179586	1058.7587587587586	9	-0.9295308635378776	1.8970907260831636e-09	1
6283185.307179586	1517.917917917918	7	0.9582747183370892	1.087732967371446e-09	1
6283185.307179586	3876.3263263263266	4	0.15839269375458764	-1.1526929127505505e-09	1
6283185.307179586	905.7057057057058	9	0.6801047260896711	1.7143650771561478e-09	1
6283185.307179586	2923.223223223223	6	-0.5875206110865283	-9.207378677883412e-10	1
6283185.307179586	3027.577577577578	9	0.9811335750512473	7.550673053872122e-10	1
6283185.307179586	1844.8948948948948	8	-0.45106328787481864	3.201336112732096e-10	1
6283185.307179586	1017.017017017017	4	-1.5588882860718791	-1.0074425353831443e-09	1
6283185.307179586	2171.871871871872	8	0.782635814587334	5.4409338596941185e-11	1
6283185.307179586	2443.193193193193	9	-0.49376445617447384	-1.1831663138114457e-09	1
6283185.307179586	1037.887887887888	6	-0.2545368817778626	1.6186106773501027e-09	1
6283185.307179586	1844.8948948948948	5	0.019030461181248404	8.497933681431608e-10	1
6283185.307179586	2373.6236236236236	2	-0.7128925774390562	4.858729947198954e-10	1
6283185.307179586	2839.73973973974	4	-1.3719223672935776	1.6916663081628345e-09	1
6283185.307179586	2192.742742742743	6	0.09049100539992994	4.923278929187428e-10	1
6283185.307179586	1427.4774774774776	9	-0.2831505918811288	-2.3226432036042864e-10	1
6283185.307179586	2137.087087087087	3	-1.1576554762333027	8.27021562331415e-10	1
6283185.307179586	2324.924924924925	1	-0.7093144816427892	-1.5169523729174214e-09	1
6283185.307179586	1295.2952952952953	7	0.8017673723852901	1.7624976921202441e-09	1
6283185.307179586	843.0930930930931	7	0.7715949649363476	1.4544192451780013e-09	1
6283185.307179586	536.986986986987	1	0.9959392877783286	-4.2295042487440483e-10	1
6283185.307179586	2951.051051051051	9	-1.116414960437592	1.7009036851791197e-09	1
6283185.307179586	1629.2292292292293	2	1.1156657927365705	1.4212122899172186e-09	1
6283185.307179586	536.986986986987	5	0.7804111199160229	-1.7362427190355359e-10	1
6283185.307179586	2088.388388388388	9	0.12712723385969849	1.8654371129153855e-10	1
6283185.307179586	2373.6236236236236	2	0.6230900892488833	-1.3954432354057907e-09	1
6283185.307179586	1170.0700700700702	6	1.1496544285243133	8.418308136187256e-10	1
6283185.307179586	2491.891891891892	6	1.5522049308890549	-1.0329120275958447e-10	1
6283185.307179586	453.5035035035035	8	0.5579562773088433	1.1986100592163003e-10	1
6283185.307179586	1698.7987987987988	8	0.8189050561541871	1.9571080750439376e-09	1
6283185.307179586	1657.0570570570571	6	0.6754187982002122	-1.0556166235565296e-10	1
6283185.307179586	460.46046046046047	3	1.1022787352637704	6.755919034797209e-10	2
6283185.307179586	1197.897897897898	3	-0.8834166992508474	-1.6443025052593254e-09	1
6283185.307179586	1100.5005005005005	4	-1.0635542586158189	1.605942296170748e-09	1
6283185.307179586	1517.917917917918	8	-0.44569315408483656	-7.587979641030432e-10	1
6283185.307179586	1970.1201201201202	4	0.3400245331520815	4.517006031165136e-10	1
6283185.307179586	1643.143143143143	7	-0.3768244496615034	3.329321994383426e-10	1
6283185.307179586	891.7917917917919	5	0.2491367654481067	-1.6734464338660394e-10	1
6283185.307179586	1427.4774774774776	7	1.1811936248849473	-1.9514051355680584e-09	1
6283185.307179586	2512.762762762763	6	-0.7407397118266285	4.962668752172464e-10	1
6283185.307179586	1121.3713713713714	4	-0.802375857797804	8.312604701820038e-10	1
6283185.307179586	1337.0370370370372	5	-0.7386237378992416	-4.86653675072646e-11	1
6283185.307179586	1844.8948948948948	6	-0.07571362923949598	-1.542455317824399e-10	1
6283185.307179586	1768.3683683683685	6	-0.8719996852502546	-6.831933791739067e-10	1
6283185.307179586	1211.8118118118118	2	0.1300225292200181	-1.847156837336485e-09	1
6283185.307179586	1260.5105105105106	4	-0.1286397738045526	-1.0845031363960703e-09	1
6283185.307179586	1517.917917917918	1	0.7358559298201208	1.933264270877832e-09	1
6283185.307179586	1406.6066066066066	5	-0.2968547861019304	-1.8448402832959709e-09	1
6283185.307179586	912.6626626626627	9	0.1358541807222915	1.1225560050901728e-09	2
6283185.307179586	1719.6696696696697	2	1.0465019776388886	-1.7607198386667096e-09	1
6283185.307179586	1392.6926926926926	8	-1.0395438437539775	1.8584332503639474e-09	1
6283185.307179586	1803.1531531531532	4	0.1537791148446277	1.7855831240104584e-09	1
6283185.307179586	2637.987987987988	9	1.5339308565450573	8.800156836616459e-10	1
6283185.307179586	3883.2832832832833	2	0.5075258451824407	-8.198165390803336e-10	1
6283185.307179586	2164.914914914915	5	-1.4077100938220561	5.074365942062957e-10	1
6283185.307179586	2018.818818818819	6	-1.0106544204668237	-3.7751796224072864e-10	2
6283185.307179586	2797.997997997998	6	-0.34860177274263004	-3.755753958136708e-10	1
6283185.307179586	585.6856856856857	3	-0.8787760375626972	-5.715851752007693e-10	1
6283185.307179586	1392.6926926926926	6	-0.3323800144488793	-2.4032625433124547e-10	2
6283185.307179586	1448.3483483483483	1	-1.5239279839254556	-9.862060537850046e-10	2
6283185.307179586	2498.848848848849	4	1.2393014873729888	-4.356469763494117e-10	1
6283185.307179586	1190.940940940941	7	0.5043054125904467	-1.2169497584325955e-09	1
6283185.307179586	1142.2422422422424	1	-0.8371249169886836	1.3655679599491696e-09	1
6283185.307179586	2164.914914914915	2	0.2735968907134183	1.3241508418283465e-09	1
6283185.307179586	2923.223223223223	7	0.27792970200020606	-1.8701026284720914e-09	1
6283185.307179586	2415.3653653653655	3	0.9222499267154651	1.0061172586877107e-09	1
6283185.307179586	2596.2462462462463	1	0.9381709421774138	1.585080932618718e-09	1
6283185.307179586	905.7057057057058	8	-0.1907101600481913	-1.4237009654832158e-09	1
6283185.307179586	523.0730730730731	5	-0.20233977869851927	-8.489729901381118e-10	1
6283185.307179586	2234.4844844844847	8	-0.3029572008303323	-1.4687727782703137e-09	1
6283185.307179586	2603.2032032032034	5	1.4451168466167288	-1.561271899781189e-09	2
6283185.307179586	2359.70970970971	1	-0.6895041113528704	-5.746046983999404e-10	1
6283185.307179586	989.1891891891892	2	-0.5611106810342359	6.734426693979045e-10	1
6283185.307179586	2589.289289289289	7	0.26312970565621807	-1.916570376396914e-09	1
6283185.307179586	1997.947947947948	6	-1.1448738119209774	-1.0549434999763997e-09	1
6283185.307179586	1364.864864864865	9	0.7363279623016137	-1.5208057667201894e-09	1
6283185.307179586	2373.6236236236236	1	-1.1373100480030305	-1.697975838789236e-09	1
6283185.307179586	2505.805805805806	2	-1.0782895080816801	-6.592126568727239e-10	1
6283185.307179586	710.910910910911	9	-0.4015083723223758	-4.336515879839037e-10	1
6283185.307179586	2241.4414414414414	8	-0.3476037857356751	-8.055595471044056e-10	1
6283185.307179586	2401.4514514514517	7	0.8132063147054014	1.6924180929188394e-09	1
6283185.307179586	1170.0700700700702	1	-1.5698724573193	1.6369967594763753e-09	1
6283185.307179586	161.31131131131133	2	-0.5286824135594586	3.6928471443554705e-10	1
6283185.307179586	2144.0440440440443	4	0.6687200663072774	1.564576872462175e-09	1
6283185.307179586	2533.6336336336335	6	0.45938504085880405	-1.7620579406090716e-10	1
6283185.307179586	1622.2722722722724	2	0.725731163916369	-1.0556262080359416e-09	1
6283185.307179586	961.3613613613613	4	-1.0755691523629534	1.5134147344153932e-09	1
6283185.307179586	1921.4214214214214	6	0.838295278435607	1.7187051372440476e-09	1
6283185.307179586	1399.6496496496497	3	-0.4436333683002698	-1.8044569055170406e-09	1
6283185.307179586	1309.2092092092093	1	-0.5400607585166715	-1.6525886840292326e-09	1
6283185.307179586	2220.5705705705705	7	0.952019913439127	-1.6610182658769717e-09	1
6283185.307179586	2644.944944944945	3	1.2240711306756449	-1.5512386607566266e-09	1
6283185.307179586	1768.3683683683685	3	0.15946387778130933	-8.570165718220856e-10	1
6283185.307179586	1448.3483483483483	4	0.8319578097238352	1.350989121884003e-09	1
6283185.307179586	926.5765765765766	3	-0.2555200637015611	-1.8100298898880377e-09	1
6283185.307179586	780.4804804804805	8	0.750232387473496	1.4968330882557288e-09	1
6283185.307179586	2331.881881881882	6	-1.1429436080434847	-1.161959859070609e-10	1
6283185.307179586	2157.957957957958	2	1.4042162045662017	-1.3530267658985671e-09	1
6283185.307179586	1865.7657657657658	7	0.5800010003291871	1.9257133735649945e-09	1
6283185.307179586	1538.788788788789	3	0.3647162457235189	-1.4119492049137002e-09	1
6283185.307179586	2519.7197197197197	8	-0.5470726390836949	-9.679983809200478e-10	1
6283185.307179586	3048.4484484484487	6	0.20833532460984405	-1.0925516124346354e-09	1
6283185.307179586	912.6626626626627	9	0.250097847156157	2.0094036049472874e-10	2
6283185.307179586	3257.157157157157	2	0.9418228060419747	1.479586330651623e-10	1
6283185.307179586	1149.1991991991993	9	0.31932006301472704	1.5074166122275367e-09	1
6283185.307179586	3041.4914914914916	2	-0.9786025511457699	-2.545729925748877e-10	1
6283185.307179586	2443.193193193193	3	-1.3515611902700932	6.781198340790001e-10	1
6283185.307179586	1942.2922922922924	1	-0.06243327737877724	-6.096108034001526e-10	1
6283185.307179586	641.3413413413414	7	1.3978143843752946	-1.6787360279671096e-10	2
6283185.307179586	1309.2092092092093	4	-0.39736990642747827	-1.561215539403913e-09	1
6283185.307179586	2971.921921921922	3	-1.1696954669735393	1.2509323601578415e-09	1
6283185.307179586	2018.818818818819	1	-1.1972729419738926	1.6952178937757281e-09	1
6283185.307179586	1309.2092092092093	5	-1.2786338519395328	-7.603518078254306e-10	1
6283185.307179586	891.7917917917919	8	0.7749450355224643	6.811494112198725e-10	1
6283185.307179586	1935.3353353353355	3	1.1221681487748683	-4.1909668951390035e-10	1
6283185.307179586	1246.5965965965966	8	0.8011791605792253	-1.9645635964277055e-10	1
6283185.307179586	1733.5835835835837	4	-1.3196416715108172	1.2605128384001633e-10	2
6283185.307179586	1037.887887887888	8	1.3425189038724716	9.240110581338749e-10	2
6283185.307179586	2811.911911911912	5	0.9828272189902272	-6.276692952763207e-10	1
6283185.307179586	2130.13013013013	5	-1.4976799180515052	1.0123661538931958e-09	2
6283185.307179586	1949.2492492492493	3	-0.3463968656835361	-1.668816255126596e-09	1
6283185.307179586	1385.7357357357357	9	1.4118605297649118	1.8264795212183105e-09	1
6283185.307179586	836.1361361361362	5	-0.8227509286410186	6.020948173936762e-10	1
6283185.307179586	1517.917917917918	2	-0.7423999804895204	1.659771789031923e-09	1
6283185.307179586	2387.5375375375374	4	-0.44922077052058107	3.8858878831038805e-10	1
6283185.307179586	1114.4144144144145	5	-1.5608542313947331	-1.0523119221767489e-09	1
6283185.307179586	1343.993993993994	8	0.6561921986562411	8.524269846966053e-10	1
6283185.307179586	2491.891891891892	6	0.5249730346893746	3.631472940269862e-10	2
6283185.307179586	2512.762762762763	1	0.614258178714381	6.952461059300339e-10	1
6283185.307179586	2060.5605605605606	3	-1.1951327307324677	-4.282670192037803e-10	1
6283185.307179586	3124.974974974975	6	-1.3823654405420869	1.6711645414614828e-09	2
6283185.307179586	1316.1661661661662	2	1.3623596637634545	2.53021022685403e-10	1
6283185.307179586	1225.7257257257259	1	-1.5458719455142782	4.8652411358967186e-11	2
6283185.307179586	1587.4874874874874	9	0.7222877454585395	1.1800947880460565e-09	1
6283185.307179586	1177.027027027027	2	0.8188090434074797	-7.774911426017712e-10	2
6283185.307179586	933.5335335335336	7	-0.22378361112294565	1.7173943212240464e-10	1
6283185.307179586	2018.818818818819	8	0.17872767771319586	6.27193782327367e-10	1
6283185.307179586	2227.5275275275276	1	1.5518118323766643	1.146234926760457e-10	2
6283185.307179586	683.0830830830831	7	1.073801312124825	-1.3752334097307764e-11	2
6283185.307179586	968.3183183183183	4	0.8632236705902785	1.285828725103967e-09	1
6283185.307179586	2004.904904904905	8	-0.36165337533121655	1.8177896460785043e-09	1
6283185.307179586	1775.3253253253254	3	0.7190526125925008	-1.3573356719118106e-09	1
6283185.307179586	1963.1631631631633	4	0.13771060273622315	-1.7187341084798563e-09	1
6283185.307179586	2192.742742742743	1	0.44158235978105687	-1.6282914655258792e-09	1
6283185.307179586	2582.3323323323325	3	-1.4834848165557908	4.002216806180273e-10	1
6283185.307179586	3639.7897897897897	4	0.4336315906698265	1.212203096452575e-09	1
6283185.307179586	2311.011011011011	9	1.4715730307194232	5.926653588928797e-10	1
6283185.307179586	2053.603603603604	8	-0.6185401377663675	1.5175871081397577e-09	1
6283185.307179586	1309.2092092092093	7	-1.3697738154488874	1.3533194653627539e-09	1
6283185.307179586	710.910910910911	1	-0.6527546051563398	-5.081361023354846e-10	2
6283185.307179586	1963.1631631631633	2	-1.2545354374162052	1.7903737793696042e-10	1
6283185.307179586	2109.259259259259	3	-0.9785054311382052	1.970021369133243e-09	1
6283185.307179586	1963.1631631631633	5	-0.4532176532354022	-1.943551678919882e-09	1
6283185.307179586	676.1261261261261	8	-0.9423284973088777	1.8585841907699263e-09	1
6283185.307179586	2818.868868868869	4	0.024244184115177037	-5.370407981045809e-10	1
6283185.307179586	989.1891891891892	2	0.8174753105186814	-9.135884621344795e-10	1
6283185.307179586	1197.897897897898	2	-0.2276695679851486	1.592258066407358e-09	1
6283185.307179586	2429.2792792792793	5	-1.1447320121478999	8.906451556380938e-10	1
6283185.307179586	1608.3583583583584	8	-0.6833893846082182	1.0488257966372605e-09	1
6283185.307179586	2735.3853853853852	9	0.5697066468655536	1.3113640375657217e-09	1
6283185.307179586	2324.924924924925	2	0.885828082563239	-7.75017035741854e-10	1
6283185.307179586	1949.2492492492493	6	0.28299897336700774	-8.183740625978424e-10	1
6283185.307179586	2679.72972972973	8	-0.6219062125987312	1.7851803079530594e-09	1
6283185.307179586	1865.7657657657658	1	0.43551733672808846	1.012571966140691e-09	1
6283185.307179586	1232.6826826826828	4	1.5397648693031627	1.7929817616461326e-09	2
6283185.307179586	787.4374374374374	3	0.765223992944978	7.199439044334146e-10	1
6283185.307179586	495.24524524524526	8	-1.1710409718394486	-1.4670513893197153e-09	1
6283185.307179586	2178.828828828829	7	0.052825255078212674	2.510364080253399e-10	1
6283185.307179586	1552.7027027027027	5	0.4698847606715022	4.290718824078096e-10	1
6283185.307179586	1156.1561561561562	4	-1.4219023662975507	-3.926977530637554e-10	2
6283185.307179586	1789.2392392392394	1	-0.8462415655331508	-8.391042251277146e-10	1
6283185.307179586	794.3943943943945	2	-1.225612935700465	-1.8029132996974748e-09	2
6283185.307179586	2450.1501501501502	7	1.5312486996749541	-8.504279918939668e-10	1
6283185.307179586	446.54654654654655	2	-1.2109392996989063	-2.045708624561215e-10	2
6283185.307179586	1232.6826826826828	1	-0.9248748022251536	1.7690085219814685e-09	1
6283185.307179586	3138.888888888889	9	-0.7790745451292802	7.76382081251063e-10	1
6283185.307179586	2686.6866866866867	1	1.4954708313567262	-1.5333710245876542e-09	2
6283185.307179586	2241.4414414414414	4	0.014892477035569396	1.5568994774114992e-09	1
6283185.307179586	1420.5205205205204	2	0.012301379772162946	3.2516296932455237e-10	1
6283185.307179586	2345.795795795796	4	1.427244775562765	-1.7855090819303161e-09	1
6283185.307179586	1622.2722722722724	7	-0.9479060620960235	1.069219929209971e-09	1
6283185.307179586	2130.13013013013	4	0.0804197015614454	-7.460156973544129e-10	1
6283185.307179586	467.4174174174174	8	-1.1003802426823799	7.219081259678988e-10	2
6283185.307179586	1705.755755755756	2	0.8321244777069663	1.3545549545870142e-09	1
6283185.307179586	2338.838838838839	6	-0.31377484748377515	7.861062614321795e-10	1
6283185.307179586	1177.027027027027	7	0.16617289463156437	1.899192157083508e-09	1
6283185.307179586	1044.8448448448448	9	-0.4298414538665105	9.88223765034942e-10	2
6283185.307179586	1218.7687687687687	4	0.22657208874607315	3.0622631859851144e-10	2
6283185.307179586	1170.0700700700702	5	-0.37889770550249646	4.6154151322727943e-10	2
6283185.307179586	3069.319319319319	1	0.27610330749701406	1.7499875477811183e-09	1
6283185.307179586	1267.4674674674675	9	-0.9384134361028904	-1.4789100345905759e-09	1
6283185.307179586	1413.5635635635635	8	1.1782563842209313	1.3782344756157366e-09	2
6283185.307179586	3382.3823823823823	3	-0.3081658271070149	4.411639939602301e-10	1
6283185.307179586	1712.7127127127128	3	-0.62907698891345	-1.2479203789033564e-09	1
6283185.307179586	1392.6926926926926	3	0.26449003407167826	6.937858588647274e-11	1
6283185.307179586	1330.08008008008	9	-1.2084957327370172	-1.4892998490444304e-09	1
6283185.307179586	3006.706706706707	6	1.2705025662099017	1.5089696711033212e-09	1
6283185.307179586	2025.7757757757759	1	0.6617543696615673	-1.633858046324946e-09	1
6283185.307179586	2241.4414414414414	7	0.6451946416209502	1.8036961130685466e-09	1
6283185.307179586	1747.4974974974975	2	1.0520835485936564	1.6839660805955773e-09	1
6283185.307179586	3312.812812812813	5	0.897910577857	7.661265548599908e-10	1
6283185.307179586	307.4074074074074	5	-0.533279831831982	1.135322708227709e-09	2
6283185.307179586	1719.6696696696697	9	-1.336971277402628	1.8265026807631306e-10	2
6283185.307179586	2707.5575575575576	4	0.307919531094518	8.420527647438906e-10	1
6283185.307179586	3820.670670670671	5	0.4848818407977973	1.3424982005618688e-09	1
6283185.307179586	3222.3723723723724	8	0.6043195167468847	-4.717883988514022e-11	1
6283185.307179586	2380.5805805805808	2	-1.048872873239982	1.419783474774035e-09	1
6283185.307179586	2554.5045045045044	8	-0.9557751662929279	-1.4449159319125471e-09	1
6283185.307179586	2206.6566566566567	9	-0.14938095508174287	6.231748646755145e-10	1
6283185.307179586	1149.1991991991993	3	-0.8147669518353267	-1.5156563540230345e-10	1
6283185.307179586	1490.0900900900901	4	0.10782487821017717	5.021154904251219e-10	1
6283185.307179586	2199.6996996997	6	-0.48824171449430875	1.6532391224671892e-09	1
6283185.307179586	3138.888888888889	2	0.5242323278479524	-5.0539603907528e-11	2
6283185.307179586	620.4704704704704	1	1.441652518907706	-1.4556239641338482e-09	2
6283185.307179586	1079.6296296296296	6	-0.37581575928773825	-5.840724384333726e-10	1
6283185.307179586	2693.643643643644	5	-1.1284384116132686	-3.3896665257711334e-10	1
6283185.307179586	1740.5405405405406	6	0.535027909237701	-1.8416130382431227e-09	1
6283185.307179586	2144.0440440440443	7	0.3497037862259873	1.2912600526379604e-09	1
6283185.307179586	717.8678678678679	5	-1.4424016927826475	1.011487905958232e-09	1
6283185.307179586	1065.7157157157158	5	0.05378177093622738	-1.3199496916153556e-09	1
6283185.307179586	1107.4574574574574	9	1.0073777282626675	1.6367340103016511e-09	1
6283185.307179586	1705.755755755756	1	0.13298604914690593	9.374774574693433e-10	1
6283185.307179586	1017.017017017017	9	0.6126630832839592	4.125905467020101e-10	2
6283185.307179586	1267.4674674674675	6	-0.5081798223739749	-1.6767739041035617e-09	1
6283185.307179586	1928.3783783783783	5	-1.0260545453953775	8.896197783466173e-10	1
6283185.307179586	3528.478478478479	3	-1.2922037373672264	-3.047113707406695e-10	2
6283185.307179586	815.2652652652653	3	-0.2040989674192868	-1.978627048396135e-09	1
6283185.307179586	884.8348348348349	9	-0.10522619853630566	-5.531197800614658e-10	1
6283185.307179586	1330.08008008008	7	0.6888001326371755	1.0472073384626636e-10	2
6283185.307179586	1204.854854854855	1	0.019328138369821612	1.900773704704657e-09	1
6283185.307179586	2818.868868868869	3	-0.8240287824798146	1.5950994861103263e-11	2
6283185.307179586	696.996996996997	4	-0.1410859528175119	-1.7424245532249661e-09	1
6283185.307179586	1990.9909909909911	8	-0.9150462345264984	-1.382156698284971e-09	1
6283185.307179586	1997.947947947948	4	-0.8718348959070824	2.812264542881332e-10	1
6283185.307179586	2053.603603603604	8	-1.0188081210318636	-1.8393527230780766e-09	1
6283185.307179586	1719.6696696696697	1	-0.9520496696246753	-1.3898053603703958e-09	1
6283185.307179586	1017.017017017017	5	1.1983969308125921	1.1236704831083493e-09	2
6283185.307179586	2512.762762762763	5	1.3694004522467216	-6.832207409644924e-10	2
6283185.307179586	1114.4144144144145	8	-0.758146794139891	-6.673035173629388e-10	1
6283185.307179586	1733.5835835835837	7	1.0411836720276928	-1.4511869191911358e-10	2
6283185.307179586	1378.7787787787788	1	1.4287651445841583	-1.6184031786209716e-09	2
6283185.307179586	2151.001001001001	7	-1.0620514914934156	1.8289613781785229e-09	1
6283185.307179586	2777.127127127127	9	0.016441857625232537	-8.539714112270815e-10	1
6283185.307179586	2171.871871871872	1	0.6241599044254165	-5.233797571750234e-10	2
6283185.307179586	523.0730730730731	6	0.45387529913536273	1.4707328120372303e-09	1
6283185.307179586	1128.3283283283283	3	1.3758709975232915	-1.0990540906613235e-09	2
6283185.307179586	2394.4944944944946	8	-1.4514264869247684	-1.3531245893545712e-09	2
6283185.307179586	1872.7227227227227	7	-0.34212563188944545	-1.855707927438858e-09	1
6283185.307179586	717.8678678678679	2	-0.8689952326793693	4.941177499088162e-10	1
6283185.307179586	1580.5305305305305	8	0.29209865157923876	-6.042736034967469e-10	1
6283185.307179586	2067.5175175175173	9	0.41266676653915213	-1.3230597943360945e-09	1
6283185.307179586	3298.898898898899	4	-1.178839137323707	-1.2452646540752791e-09	1
6283185.307179586	2471.021021021021	1	-1.5239975419794292	-8.024741266600565e-10	1
6283185.307179586	1330.08008008008	2	1.4609129043819546	-1.8245194501289104e-09	1
6283185.307179586	1330.08008008008	8	-1.4613204696791744	-1.3104955376550484e-09	1
6283185.307179586	1970.1201201201202	7	-0.9871860770478111	1.5734358923068487e-09	1
6283185.307179586	3131.931931931932	3	-1.0168261116923392	-1.1802272983284422e-09	1
6283185.307179586	2248.3983983983985	1	-0.1265574731039254	-1.362746240613349e-09	1
6283185.307179586	1149.1991991991993	6	-1.3778542843909467	-6.057469264335418e-10	2
6283185.307179586	1044.8448448448448	9	-1.5362933534489231	1.189173265464475e-09	2
6283185.307179586	1469.2192192192192	4	-0.14769685379403108	-1.222495461831013e-09	1
6283185.307179586	2450.1501501501502	2	0.801299368795731	-1.9951477170077828e-09	1
6283185.307179586	634.3843843843844	1	-1.271351608977502	-6.608346938634627e-10	2
6283185.307179586	2791.041041041041	8	-0.9875085478092998	-1.1786343265232943e-10	1
6283185.307179586	850.0500500500501	6	0.01758936813678047	-1.7347691870573413e-09	1
6283185.307179586	1497.047047047047	6	0.15565654584210842	9.252917268880943e-11	2
6283185.307179586	2575.3753753753754	4	-0.34765509460184774	4.538664498805451e-11	1
6283185.307179586	1803.1531531531532	1	-0.18959027482197333	-1.2538687273644027e-09	1
6283185.307179586	2756.256256256256	4	-0.1978608579657566	-2.544500622761694e-10	1
6283185.307179586	857.007007007007	3	-1.071955650986799	2.1692065078584424e-10	1
6283185.307179586	2192.742742742743	2	0.9201588118803508	1.0327758522622866e-09	1
6283185.307179586	2749.2992992992995	3	-1.3170641830782757	-4.2350257548935884e-10	1
6283185.307179586	3820.670670670671	4	-0.7869677087094975	-1.2625814407492784e-09	1
6283185.307179586	1677.927927927928	3	0.963315117079357	-1.9845869721184956e-10	1
6283185.307179586	905.7057057057058	2	-0.397160677692189	1.9478191234535475e-09	1
6283185.307179586	1441.3913913913914	3	-1.2533568221348275	-1.1272169197624653e-09	2
6283185.307179586	1517.917917917918	8	0.5154648419830026	3.5383117036738425e-10	1
6283185.307179586	2561.4614614614616	8	-1.0556235466641675	1.8447635179169236e-09	1
6283185.307179586	1142.2422422422424	1	1.4018001407673895	-1.1909481761330928e-09	2
6283185.307179586	1037.887887887888	1	-0.742934616307348	1.6981632592970846e-09	1
6283185.307179586	1343.993993993994	2	-1.514594587540549	-1.8115141972591378e-09	1
6283185.307179586	2262.3123123123123	2	0.8927834233706049	-7.101088367345963e-10	1
6283185.307179586	2151.001001001001	4	-1.5048078493557215	1.986965701531413e-10	2
6283185.307179586	2554.5045045045044	1	-0.7435091379645649	-7.272528068164067e-10	1
6283185.307179586	2554.5045045045044	2	0.703397566966014	-2.866919697816552e-11	1
6283185.307179586	1170.0700700700702	7	0.004008449034848427	1.4082010770764658e-10	1
6283185.307179586	2672.772772772773	3	0.6454218960424414	-4.784393124871192e-10	1
6283185.307179586	1462.2622622622623	8	-0.1868394143195784	1.2804741365995164e-10	1
6283185.307179586	996.1461461461462	8	1.1426729767739636	-1.5565388574445735e-09	1
6283185.307179586	1128.3283283283283	1	-1.1687216921214787	9.812306969248677e-10	1
6283185.307179586	843.0930930930931	1	-0.5524934874060707	-1.3559214564902266e-09	2
6283185.307179586	2304.054054054054	8	0.12878316528319478	-1.530593997684311e-09	1
6283185.307179586	2554.5045045045044	8	1.3434783931322363	8.467988259828188e-10	1
6283185.307179586	1768.3683683683685	5	1.4249727222457396	5.175955440718188e-10	1
6283185.307179586	2220.5705705705705	9	-1.0229731530086008	1.5494165963351113e-09	1
6283185.307179586	1295.2952952952953	8	-0.1584158956817585	-1.777706428988945e-09	1
6283185.307179586	2464.064064064064	4	0.4712854398097206	8.004538712778213e-10	1
6283185.307179586	1017.017017017017	7	-1.2267779039697082	1.2381261644594721e-09	1
6283185.307179586	1984.034034034034	1	-1.1624623887594836	1.6711441439091426e-09	1
6283185.307179586	2540.5905905905906	1	-0.25620811794124143	4.1386146769670337e-10	1
6283185.307179586	1719.6696696696697	7	0.2766367577430975	3.333594414967479e-10	1
6283185.307179586	2074.474474474475	5	0.8151691474366141	1.203426795524256e-09	1
6283185.307179586	1156.1561561561562	8	-0.8512030212857745	1.224672122839872e-09	1
6283185.307179586	989.1891891891892	3	-0.9802930999137242	1.489521499516503e-11	2
6283185.307179586	1949.2492492492493	7	-1.3424410272563354	-1.7283029968709563e-09	1
6283185.307179586	2039.6896896896897	1	0.20376231689264124	3.141742232728358e-10	1
6283185.307179586	843.0930930930931	8	-0.6359355027562069	8.05123728177404e-10	1
6283185.307179586	703.9539539539539	7	-0.9813764169893388	1.2341164568660726e-09	1
6283185.307179586	1796.1961961961963	3	-0.056955544519956325	-1.4580337629361938e-10	1
6283185.307179586	1817.0670670670672	7	-0.7962318154625483	5.187990677342945e-10	2
6283185.307179586	2283.1831831831832	2	0.6871895077356722	1.1956140650804681e-09	1
6283185.307179586	2053.603603603604	1	-1.001348316293619	-5.483272179709788e-11	2
6283185.307179586	2227.5275275275276	2	0.5109769963853692	-1.57537180077161e-09	1
6283185.307179586	1288.3383383383384	5	1.0882959963943395	-7.455321890323168e-10	1
6283185.307179586	1476.176176176176	4	0.7044408408959422	-1.3121657877689864e-09	1
6283185.307179586	1385.7357357357357	6	0.9285934682191406	1.7394640996896908e-09	1
6283185.307179586	1455.3053053053054	9	0.49030263865537815	2.2277185776687587e-10	2
6283185.307179586	3549.3493493493493	8	-1.0596411612666539	4.030339545095848e-11	2
6283185.307179586	2164.914914914915	9	0.46124195588587025	1.1636016488706727e-09	1
6283185.307179586	2749.2992992992995	8	-0.2394445027689438	1.0943627768900208e-10	1
6283185.307179586	3055.4054054054054	9	0.025647816689228886	-1.9860720286031497e-09	1
6283185.307179586	975.2752752752752	3	-0.26850892363214673	1.098134332398111e-09	1
6283185.307179586	1963.1631631631633	3	-0.5262020442319835	1.9474453669633205e-09	1
6283185.307179586	1956.2062062062062	3	-1.528811925169644	-4.357725857722933e-10	2
6283185.307179586	2763.2132132132133	6	0.9610923631525137	-1.7687546604661303e-09	1
6283185.307179586	1232.6826826826828	2	1.4020527458558343	-2.6745907319053366e-10	2
6283185.307179586	1309.2092092092093	4	-1.355651282085291	-1.6970596256817273e-09	1
6283185.307179586	1065.7157157157158	3	-1.493943992784593	7.746500221141662e-10	2
6283185.307179586	843.0930930930931	3	-0.6799685183703584	1.952042887837769e-09	1
6283185.307179586	2617.1171171171172	7	0.8072571573236393	-9.989555642198047e-10	1
6283185.307179586	3229.3293293293295	7	-0.9778593942168835	1.096586273243337e-09	1
6283185.307179586	1761.4114114114116	9	0.957322660300322	-9.172428207164015e-10	1
6283185.307179586	738.7387387387388	6	-1.544427626639983	8.160811396303012e-10	1
6283185.307179586	1051.801801801802	5	-0.028484409110422826	7.403831716771758e-10	1
6283185.307179586	968.3183183183183	1	0.6469048295924957	-5.580622691622855e-10	1
6283185.307179586	877.877877877878	1	0.7536772436272692	-1.9927502180413603e-10	2
6283185.307179586	1921.4214214214214	5	1.2075348743650705	1.9156629425491418e-09	1
6283185.307179586	703.9539539539539	3	1.099626830804476	7.954978936190503e-10	1
6283185.307179586	1705.755755755756	7	-0.8454588965118601	-1.9173640935541456e-09	1
6283185.307179586	2060.5605605605606	9	0.8865086504677304	6.155762723011943e-10	2
6283185.307179586	2735.3853853853852	2	-1.5226837548718275	1.1465707102623806e-09	1
6283185.307179586	1177.027027027027	4	1.441288805672615	-1.0814410196808832e-09	1
6283185.307179586	2471.021021021021	5	1.0418980157133748	-1.0689668492035356e-09	1
6283185.307179586	1093.5435435435436	3	1.2417259642101106	-3.757539788706886e-10	1
6283185.307179586	1309.2092092092093	9	-1.3861080816917073	-1.2548272659878346e-09	2
6283185.307179586	1740.5405405405406	2	0.12510666029550022	1.950116348544035e-09	1
6283185.307179586	2477.977977977978	9	0.05943815996752044	7.868544986364099e-10	1
6283185.307179586	1288.3383383383384	2	-1.4315261693417591	-4.900483521034759e-10	1
6283185.307179586	2018.818818818819	2	0.4883968976597135	4.614901212574522e-10	1
6283185.307179586	1587.4874874874874	9	1.3815683753915722	-5.807359235141027e-10	1
6283185.307179586	1990.9909909909911	3	0.5005213683951522	1.4187239567609101e-09	1
6283185.307179586	564.8148148148148	6	-1.413026925525542	-5.012949677928657e-10	2
6283185.307179586	2255.3553553553556	8	-0.7599154071003403	-1.0970061446695848e-09	1
6283185.307179586	4022.4224224224226	8	1.2840779674264837	-1.48993332418556e-09	1
6283185.307179586	933.5335335335336	1	0.7800792676775208	5.464375358310927e-10	1
6283185.307179586	1093.5435435435436	4	0.9002508374001028	1.6717869228094983e-09	1
6283185.307179586	2665.8158158158158	7	0.518207246095141	6.605943482096476e-10	1
6283185.307179586	2157.957957957958	7	-0.884792319552561	-1.2716913708533934e-09	1
6283185.307179586	2206.6566566566567	6	-0.16811631975304486	-5.466632108219231e-10	1
6283185.307179586	1455.3053053053054	5	0.8625107384389135	1.8412472199007773e-09	1
6283185.307179586	1441.3913913913914	1	-0.9283933708169876	-5.845606813920333e-11	2
6283185.307179586	1594.4444444444446	6	-0.5831252417365329	-1.9076115059553615e-10	2
6283185.307179586	293.4934934934935	2	-0.8859520453676283	4.5696819252997195e-10	1
6283185.307179586	1406.6066066066066	7	-1.0558526073938883	1.7196912202106965e-09	1
6283185.307179586	1323.1231231231232	8	0.31106966554631454	1.5628485926411219e-09	1
6283185.307179586	1427.4774774774776	1	1.4512826078283476	-1.1316717170530846e-10	2
6283185.307179586	1531.8318318318318	8	-0.7169957614152985	-1.530568795476918e-09	1
6283185.307179586	1232.6826826826828	6	-1.389561529174312	4.6018075059754885e-10	1
6283185.307179586	1684.884884884885	6	0.5841989965692207	-4.78589395438565e-10	1
6283185.307179586	3013.6636636636636	4	0.32310976668883984	-1.4638547135147588e-09	1
6283185.307179586	2749.2992992992995	5	1.2941375540315008	1.6275871764720387e-09	1
6283185.307179586	1114.4144144144145	6	-0.6183960227251407	9.101979555163527e-10	1
6283185.307179586	1900.5505505505505	3	1.1742053772033616	-4.079646349164316e-11	1
6283185.307179586	203.05305305305305	6	0.07776746757047848	-1.4988769278795503e-09	1
6283185.307179586	2255.3553553553556	1	-0.6600397948921938	4.514987822961143e-10	1
6283185.307179586	1970.1201201201202	9	0.8961484908723247	-1.3842212038816025e-10	2
6283185.307179586	1455.3053053053054	3	-1.153029328904866	-7.189916722502466e-10	2
6283185.307179586	1302.2522522522522	1	1.090042137214796	-7.410825203569377e-10	2
6283185.307179586	898.7487487487488	8	-1.273473538060248	1.0730747040493185e-09	1
6283185.307179586	1343.993993993994	2	0.802248911862594	1.1876305023175683e-10	1
6283185.307179586	2519.7197197197197	8	-0.938443330647788	1.7070193310119102e-09	1
6283185.307179586	1343.993993993994	7	1.4771186740255322	-7.070216785951567e-10	1
6283185.307179586	1712.7127127127128	4	0.979086345137195	-1.9462535727362435e-09	1
6283185.307179586	1128.3283283283283	6	-1.155873820952693	1.8076524913495205e-09	1
6283185.307179586	1156.1561561561562	9	-0.7486898450472851	8.868001794841349e-10	1
6283185.307179586	1949.2492492492493	8	-0.9154198007296288	-9.013534962873786e-10	1
6283185.307179586	1942.2922922922924	7	-1.405833882047946	6.901029952815315e-10	1
6283185.307179586	2589.289289289289	8	-0.7198670023272922	-1.6850898336079074e-09	1
6283185.307179586	1483.1331331331332	8	0.6161152566621855	9.742254844770278e-12	1
6283185.307179586	2338.838838838839	3	0.47649251513217683	1.9003290737681638e-09	1
6283185.307179586	2617.1171171171172	4	-1.4309415067835884	6.424340104993972e-10	1
6283185.307179586	1295.2952952952953	3	-0.5973450626122462	-9.18230420366914e-10	1
6283185.307179586	1858.8088088088089	4	1.320463920185356	-1.2299140260372948e-10	2
6283185.307179586	822.2222222222223	8	1.4964991599112527	8.017705345880027e-10	1
6283185.307179586	2512.762762762763	2	0.2571560372636381	6.187274586278482e-10	1
6283185.307179586	1399.6496496496497	5	-0.09400797594398047	8.186622828651911e-10	1
6283185.307179586	1761.4114114114116	4	-1.1302169966218054	-1.6189702410080874e-09	1
6283185.307179586	1072.6726726726727	8	1.55409292487025	-1.3944005766717873e-09	1
6283185.307179586	1670.970970970971	2	0.8602392428005148	1.0868680515204099e-09	1
6283185.307179586	1712.7127127127128	3	-1.3130152630956107	-1.139173600126489e-09	1
6283185.307179586	676.1261261261261	5	0.7094180350751254	-2.8988189915273877e-11	1
6283185.307179586	2206.6566566566567	1	0.4367871550284983	1.1705238231362407e-09	1
6283185.307179586	1573.5735735735736	8	-0.42948245818953	1.9039998724878674e-09	1
6283185.307179586	2039.6896896896897	8	1.4365045426046472	-1.8927196723970172e-09	2
6283185.307179586	1371.821821821822	7	0.07049079251851142	1.307178201407865e-10	1
6283185.307179586	3396.2962962962965	1	1.5495980241850225	1.8504083237443641e-09	1
6283185.307179586	1677.927927927928	2	0.36866005205260977	-1.1778105133683585e-09	1
6283185.307179586	1879.6796796796798	5	0.6880211764264677	4.5676028381262557e-10	1
6283185.307179586	1566.6166166166167	9	1.0083693091313481	1.1886085074574526e-09	1
6283185.307179586	2846.6966966966966	8	0.9167830193143138	-1.2702226217900026e-09	1
6283185.307179586	1824.0240240240241	1	-0.23682722219583208	1.127369414088569e-09	1
6283185.307179586	1789.2392392392394	4	0.8794486773881172	-1.988507188686153e-09	1
6283185.307179586	1775.3253253253254	7	0.02767718382808737	-7.976076289887528e-10	1
6283185.307179586	1399.6496496496497	3	-0.5588826801874769	9.417822024089045e-10	1
6283185.307179586	2540.5905905905906	5	-0.6284197393223969	3.599166937367881e-10	1
6283185.307179586	843.0930930930931	7	0.7876855703477803	-6.391883064078084e-10	1
6283185.307179586	1302.2522522522522	6	0.032059979128366445	-1.054988144965102e-09	1
6283185.307179586	2658.858858858859	2	1.4548292329755643	5.351413234465233e-10	2
6283185.307179586	3389.3393393393394	3	0.14606354317520553	-1.7152779715871383e-09	1
6283185.307179586	863.963963963964	8	-0.49124119164913327	-5.315759443602475e-10	1
6283185.307179586	495.24524524524526	9	0.4725822412444596	-1.7913686014676187e-09	1
6283185.307179586	690.04004004004	3	-1.3098029459771734	-1.2775090986211249e-09	2
6283185.307179586	3375.4254254254256	8	0.1557654297487321	1.6040352189204379e-09	1
