axial trapping frequency (MHz) 	 velocity(m/s) 	 ion collided with 	 angle(rads) 	 collision offset(m) 	 reorder? (1 is reorder 2 is ejection) 
6283185.307179586	2081.4314314314315	2	-0.26148102505287185	-1.7703033947130696e-09	1
6283185.307179586	2206.6566566566567	7	1.5454223108888945	-1.9703909554058157e-09	2
6283185.307179586	1858.8088088088089	8	1.2743388900129466	-1.2215024327356152e-09	2
6283185.307179586	1844.8948948948948	5	-0.8204407278971593	6.759178943645596e-10	1
6283185.307179586	2756.256256256256	4	1.0318783819330313	1.908791922179055e-09	1
6283185.307179586	2846.6966966966966	2	-0.35496012874728855	7.964691144421677e-10	1
6283185.307179586	2053.603603603604	4	0.3012781311389976	-4.2164455709456e-10	1
6283185.307179586	1719.6696696696697	5	-1.3544276698043425	-2.736471471351707e-10	1
6283185.307179586	2415.3653653653655	2	1.3276683638611146	1.7608565542555376e-09	1
6283185.307179586	2373.6236236236236	1	-0.46757071497649294	-2.751145875747001e-11	2
6283185.307179586	383.93393393393393	5	-1.2037047211679228	-6.278966200666001e-10	1
6283185.307179586	460.46046046046047	3	-1.3199665324646808	-1.2680890034695615e-09	1
6283185.307179586	1246.5965965965966	5	0.8437293794253544	1.456880861753369e-09	1
6283185.307179586	1281.3813813813815	3	0.4622225333854897	2.8524038981895914e-10	1
6283185.307179586	1476.176176176176	7	0.9015714877952168	9.183703221215423e-10	1
6283185.307179586	3361.511511511512	6	-0.5205151405353468	-1.165463340088139e-09	1
6283185.307179586	1051.801801801802	7	-0.19097953949257174	1.0565649668429204e-09	1
6283185.307179586	1302.2522522522522	2	-0.558407858727503	-7.49678973780768e-10	1
6283185.307179586	1893.5935935935936	3	-1.4230313854685794	-3.304981190074252e-10	2
6283185.307179586	1302.2522522522522	5	-1.2405088855881867	1.062933603200376e-09	2
6283185.307179586	2471.021021021021	3	0.0528365459649347	1.8800017851175396e-09	1
6283185.307179586	1371.821821821822	1	-1.310021030258319	1.8142933309020377e-09	1
6283185.307179586	2770.1701701701704	9	-0.28002977152447595	1.8274791724064026e-09	1
6283185.307179586	690.04004004004	6	-0.5510443364280644	-1.624236341806502e-09	1
6283185.307179586	2130.13013013013	9	0.3223707942390974	1.1854079866732693e-09	1
6283185.307179586	1476.176176176176	3	1.2664338153883268	-1.8636794541612013e-09	1
6283185.307179586	3062.3623623623625	1	0.5231635473142582	1.78875937908957e-09	1
6283185.307179586	1914.4644644644645	2	-0.7023665702120604	1.3185035822905047e-09	1
6283185.307179586	1190.940940940941	1	-0.9727288689787685	1.5408293386474318e-09	1
6283185.307179586	1900.5505505505505	8	1.388264495958349	-1.5171873334632267e-09	1
6283185.307179586	766.5665665665666	1	1.3974038554184807	-3.527426321127484e-10	2
6283185.307179586	2693.643643643644	6	-1.4066893852714957	-1.2693033805953168e-09	2
6283185.307179586	1573.5735735735736	8	0.2443240071487145	1.2518793018310857e-10	1
6283185.307179586	1963.1631631631633	5	0.33634904176327285	-1.5318838537501655e-09	1
6283185.307179586	2109.259259259259	1	-0.37033048194148743	-1.950633078091773e-09	1
6283185.307179586	2011.8618618618618	6	0.7877578627765929	-1.4557975927453245e-09	1
6283185.307179586	1218.7687687687687	3	-0.792698866747813	7.157529142332648e-10	1
6283185.307179586	1719.6696696696697	4	-0.6287238864435963	-1.97391346230971e-09	1
6283185.307179586	1817.0670670670672	1	0.5856958918062869	4.974848152914797e-10	1
6283185.307179586	2867.5675675675675	3	-0.005109669995560617	8.615204375614311e-10	1
6283185.307179586	2352.7527527527527	1	0.5329792249638095	-5.86626717222102e-10	1
6283185.307179586	940.4904904904905	8	-0.5862100938807578	1.9443246552801432e-09	1
6283185.307179586	2916.2662662662665	2	0.0716587652966092	-1.7895161475060513e-09	1
6283185.307179586	1893.5935935935936	8	0.8750909888161917	-6.698392092845391e-10	1
6283185.307179586	1483.1331331331332	4	0.3804329468493399	-1.9833094964169415e-09	1
6283185.307179586	1643.143143143143	1	-0.89847592848804	7.380573766520946e-10	1
6283185.307179586	1337.0370370370372	3	1.059681184957587	1.874269828132633e-09	1
6283185.307179586	3097.1471471471473	5	-1.1337386340151134	-1.4319424746479737e-09	1
6283185.307179586	3319.76976976977	5	0.7166049560632803	1.2039330690954025e-09	1
6283185.307179586	3361.511511511512	6	-1.043508353122271	7.447067212882576e-11	1
6283185.307179586	3194.544544544545	8	-0.1430809051097952	-1.636517117608718e-10	1
6283185.307179586	4175.475475475476	3	0.03934032985893188	1.8158235307077583e-09	1
6283185.307179586	2651.901901901902	2	-1.4433583438590318	1.6035882980576593e-09	2
6283185.307179586	1392.6926926926926	7	-0.8837733590394468	1.7682997345084983e-09	1
6283185.307179586	738.7387387387388	7	-0.9297780854780455	-5.357324169133753e-10	1
6283185.307179586	2185.7857857857857	7	1.13528716231085	1.2581068596130457e-09	1
6283185.307179586	1775.3253253253254	2	0.24079754266120612	6.326977344015022e-10	1
6283185.307179586	1260.5105105105106	2	0.960175093881884	-2.127074243496894e-11	2
6283185.307179586	1747.4974974974975	2	-0.3041097589272208	-8.778483880941108e-10	1
6283185.307179586	1434.4344344344345	7	0.8851931237005726	2.745016207975816e-10	1
6283185.307179586	3347.5975975975975	9	-0.518283454279789	-1.881384415367073e-09	1
6283185.307179586	787.4374374374374	6	-0.9139522437997486	1.8313760434453707e-09	1
6283185.307179586	1636.1861861861862	6	-0.7974628438912403	1.2593612510342352e-09	1
6283185.307179586	530.03003003003	4	1.405694171294976	-1.6058711014630955e-09	1
6283185.307179586	2930.1801801801803	9	1.1776635412858676	-4.89973352176539e-10	2
6283185.307179586	2213.613613613614	4	-1.0032701855092194	-1.4084940094778681e-09	1
6283185.307179586	1399.6496496496497	3	-0.426974195761624	-1.7379122855168787e-09	1
6283185.307179586	1385.7357357357357	2	-0.5550484064246071	1.1080345486755086e-09	1
6283185.307179586	3431.0810810810813	7	0.4965452596176614	1.6308680882569738e-09	1
6283185.307179586	1963.1631631631633	5	-1.0238592202324863	-4.07734110725745e-10	2
6283185.307179586	1343.993993993994	2	-0.5838285659858056	3.0272789259921713e-10	1
6283185.307179586	2651.901901901902	7	1.3670220981071752	-1.8070122277621135e-09	1
6283185.307179586	592.6426426426426	1	0.4866371730520287	-3.562093370467064e-10	1
6283185.307179586	613.5135135135135	8	1.4333409061905118	1.8400833357972484e-09	2
6283185.307179586	1545.7457457457458	6	1.186342579553953	1.5576713645183462e-09	1
6283185.307179586	2554.5045045045044	7	-0.9863346323314528	1.0028776955685021e-09	1
6283185.307179586	1733.5835835835837	8	0.5161734370734674	-2.6368409621382283e-10	1
6283185.307179586	3584.1341341341345	8	-1.42853562189696	9.136606754322434e-10	2
6283185.307179586	230.88088088088088	2	0.5001416089073687	1.7514920459966265e-09	1
6283185.307179586	2241.4414414414414	8	-1.5355867304441198	-3.0413403423149746e-10	1
6283185.307179586	2971.921921921922	4	0.8474798891128059	-6.531146674312543e-11	2
6283185.307179586	801.3513513513514	7	-0.04800288835404043	-1.4570379838869906e-09	1
6283185.307179586	2137.087087087087	3	-0.7314486148222237	8.474814623556697e-10	1
6283185.307179586	1573.5735735735736	7	0.2243901385092295	-2.1631743226821512e-10	1
6283185.307179586	2060.5605605605606	8	0.39510780070112905	6.277962554519767e-10	1
6283185.307179586	1747.4974974974975	6	0.8684293995302457	-7.667596357793328e-10	1
6283185.307179586	2860.610610610611	2	-0.5691458445056872	-4.660227047303854e-10	1
6283185.307179586	1858.8088088088089	2	0.16020837650364794	-1.524820420441044e-09	1
6283185.307179586	1782.2822822822823	3	1.0854249047972386	9.137044508671211e-10	1
6283185.307179586	1664.014014014014	5	0.4478560246439778	-1.0677402887974253e-09	1
6283185.307179586	328.27827827827826	1	0.4565565296772527	-1.834571962543568e-09	1
6283185.307179586	2269.2692692692694	1	1.3467172373109313	-1.3961711162317117e-09	2
6283185.307179586	2443.193193193193	8	-0.28044082573052065	1.8323397557090457e-09	1
6283185.307179586	1517.917917917918	7	-0.4095774902629523	-8.5216949050885e-10	1
6283185.307179586	1990.9909909909911	1	0.6200065117375955	1.4624308107120966e-09	1
6283185.307179586	432.63263263263264	8	0.37564431081705374	-1.7675160154975568e-10	1
6283185.307179586	2060.5605605605606	4	0.8809234886471105	8.907796763796e-10	1
6283185.307179586	690.04004004004	4	-1.1067932002286032	2.4691495669654514e-10	2
6283185.307179586	1796.1961961961963	5	1.5201783516507446	-1.2305303599087424e-09	2
6283185.307179586	1058.7587587587586	2	-1.129730830163085	-4.838056552708774e-10	2
6283185.307179586	710.910910910911	3	0.17228807817038994	-1.2530092597350801e-09	1
6283185.307179586	1872.7227227227227	9	1.034376011865556	1.0076831131589047e-09	1
6283185.307179586	439.5895895895896	4	1.1531008120513766	-7.475501235035186e-10	2
6283185.307179586	1677.927927927928	6	-0.5923363334530298	8.754581018544041e-10	1
6283185.307179586	898.7487487487488	1	1.194655416637854	-5.914350838397771e-10	2
6283185.307179586	2999.7497497497498	4	0.45966968883558357	1.341408715045258e-10	1
6283185.307179586	3145.845845845846	6	0.1995363073300982	1.547003927076566e-09	1
6283185.307179586	2102.3023023023025	5	-0.7653638660850645	1.707614036907475e-10	1
6283185.307179586	2373.6236236236236	9	0.7202594983950998	-5.985678219320047e-10	1
6283185.307179586	1058.7587587587586	7	0.4967228703508768	-1.0892464556874609e-09	1
6283185.307179586	2679.72972972973	9	0.5575711386416886	-3.0991961833277866e-10	2
6283185.307179586	467.4174174174174	4	-0.856737811926113	-1.4900687764453873e-10	2
6283185.307179586	2137.087087087087	9	-0.9494414092438277	4.2576796372378625e-11	2
6283185.307179586	1107.4574574574574	8	-1.3928122791641298	1.8141078854902146e-09	2
6283185.307179586	2881.4814814814818	1	-0.5427783034879539	1.689550243361734e-09	1
6283185.307179586	1392.6926926926926	3	-0.7586335847669721	3.6672985438080683e-10	1
6283185.307179586	1552.7027027027027	9	1.3261118247487573	-1.2631420045142274e-09	2
6283185.307179586	745.6956956956957	4	0.3044507181171703	1.7014336254797816e-09	1
6283185.307179586	1636.1861861861862	5	-1.4921818565144611	8.215386069963309e-11	2
6283185.307179586	571.7717717717718	3	1.479014605829983	9.033274555726277e-10	1
6283185.307179586	2944.094094094094	8	0.7935780762944309	-1.645868971333532e-09	1
6283185.307179586	1483.1331331331332	6	0.8891652429241415	-4.780547039252233e-10	2
6283185.307179586	1615.3153153153153	9	-0.33372669635666385	8.669661121196224e-10	1
6283185.307179586	2665.8158158158158	7	-1.091185559671474	-1.2932845152563011e-09	1
6283185.307179586	1942.2922922922924	8	1.4318321697153444	5.580490434958419e-10	1
6283185.307179586	2164.914914914915	7	-1.2602879730502135	-1.81781668843283e-10	2
6283185.307179586	3424.124124124124	4	-0.6049094830731971	-6.823122183790083e-10	1
6283185.307179586	1782.2822822822823	6	0.31112533391778574	8.508872038458924e-10	1
6283185.307179586	460.46046046046047	1	0.7859202772057818	-4.4894521144473975e-11	1
6283185.307179586	2123.1731731731734	9	-0.09447744059941354	-4.663710056024527e-10	1
6283185.307179586	1023.973973973974	5	-0.4098216000885637	6.20310345681702e-10	1
6283185.307179586	2589.289289289289	1	-1.558938793168065	1.7351339255769804e-10	1
6283185.307179586	801.3513513513514	6	0.3896720746283786	1.3531243178580387e-09	1
6283185.307179586	1343.993993993994	1	1.2647875865386298	-1.9413074338540025e-10	2
6283185.307179586	1483.1331331331332	2	-0.5861987109397334	1.6493725642982338e-09	1
6283185.307179586	1218.7687687687687	7	-0.9295628676050192	1.7952973137037388e-09	1
6283185.307179586	2164.914914914915	5	-0.9364861173701503	1.913470898365116e-09	1
6283185.307179586	2213.613613613614	8	-0.7502687769864846	1.6770447351543117e-09	1
6283185.307179586	3048.4484484484487	4	0.48381932516463166	3.4724944232103323e-10	1
6283185.307179586	2679.72972972973	2	0.4248638508908502	3.5475188731915373e-10	1
6283185.307179586	1274.4244244244244	8	0.8718852206190744	-1.8088826474137814e-09	1
6283185.307179586	780.4804804804805	6	-0.4936812950074292	-1.7337893242173489e-10	2
6283185.307179586	3138.888888888889	9	-1.5337954030811534	1.0204713402031689e-10	2
6283185.307179586	2206.6566566566567	8	0.19902342715484966	-6.056765430111697e-10	1
6283185.307179586	1608.3583583583584	3	-0.7214659562870163	-1.6946357752964307e-09	1
6283185.307179586	1629.2292292292293	5	0.28100044640514255	-1.896996039847466e-09	1
6283185.307179586	2533.6336336336335	6	-1.065924325018865	6.534330901975764e-11	1
6283185.307179586	2867.5675675675675	9	0.6860531078865915	-1.1867784981415583e-09	1
6283185.307179586	2185.7857857857857	3	0.7175506426469802	7.906333715783877e-10	1
6283185.307179586	2116.2162162162163	5	0.8002036325678183	1.0315753833835748e-09	1
6283185.307179586	1886.6366366366367	6	-0.8912867314656724	-1.5627608846329372e-09	1
6283185.307179586	1851.851851851852	6	1.1959427001255456	-1.376346114729044e-09	1
6283185.307179586	2860.610610610611	6	0.029896439576433176	-1.2834468407675224e-09	1
6283185.307179586	2874.5245245245246	8	-0.5243269239128301	-1.4182793128724866e-09	1
6283185.307179586	1712.7127127127128	5	0.12049462082645501	1.064966464929509e-09	1
6283185.307179586	3257.157157157157	2	0.033149439724550867	6.508198223287856e-10	1
6283185.307179586	2916.2662662662665	4	-1.282307701748095	-2.4142902490500178e-11	1
6283185.307179586	1698.7987987987988	4	1.5420749429442875	-1.904640456525842e-09	2
6283185.307179586	1740.5405405405406	9	1.089062838201135	-3.6461729170628837e-10	2
6283185.307179586	1504.004004004004	1	0.8052070628899668	-1.8504656615537788e-09	1
6283185.307179586	2032.7327327327328	2	1.3293015782810484	-1.0696157868143938e-09	2
6283185.307179586	822.2222222222223	3	0.41470644279598856	1.8917332273520747e-09	1
6283185.307179586	1747.4974974974975	5	0.28016580691358106	-6.034056252986932e-10	1
6283185.307179586	1211.8118118118118	4	1.291032553357193	-1.7208083050789794e-09	1
6283185.307179586	926.5765765765766	8	-0.7077180016470539	1.6676807236606337e-09	1
6283185.307179586	1232.6826826826828	3	0.6833817765785368	1.6437427160650469e-09	1
6283185.307179586	884.8348348348349	9	-1.4835024791169027	1.1503785664899765e-09	2
6283185.307179586	2637.987987987988	9	1.351491996470111	8.609934371318211e-10	2
6283185.307179586	3020.6206206206207	8	-1.404249975826028	-1.9362257080239393e-09	1
6283185.307179586	2512.762762762763	8	0.336474557005233	-3.100473683553828e-11	1
6283185.307179586	1330.08008008008	9	-1.3755609974531955	1.5025436771864402e-09	2
6283185.307179586	2749.2992992992995	2	-0.7755105449166063	-1.7615578521206837e-09	1
6283185.307179586	2770.1701701701704	4	-0.24114742409539391	-1.7371545964172133e-09	1
6283185.307179586	3055.4054054054054	9	-1.4662528683075764	-1.1953844345354643e-09	2
6283185.307179586	1504.004004004004	5	0.8773456304564973	-1.4477135821187162e-09	1
6283185.307179586	1121.3713713713714	5	-0.3621315804438461	1.5091826612205433e-09	1
6283185.307179586	1963.1631631631633	8	0.5354042122166431	-1.129682721641955e-09	1
6283185.307179586	1037.887887887888	6	-0.17714186618442151	3.497912472692616e-10	1
6283185.307179586	3097.1471471471473	1	-1.1282340723009128	1.0177560407414133e-09	1
6283185.307179586	1051.801801801802	7	-1.4912484787564158	-1.3232146888499646e-10	2
6283185.307179586	1156.1561561561562	6	1.001589009516576	-2.928921124359426e-10	2
6283185.307179586	1775.3253253253254	1	-0.08114724115625527	6.654822348121495e-10	1
6283185.307179586	1566.6166166166167	2	-0.3231239485536592	6.824824668695006e-11	1
6283185.307179586	2436.2362362362364	7	0.7397424052416315	2.748868558272652e-11	1
6283185.307179586	1670.970970970971	7	1.4311953879941672	-2.652647329987855e-10	2
6283185.307179586	2902.352352352352	7	1.517640757251983	-1.8056600026510373e-09	2
6283185.307179586	919.6196196196197	1	-1.506849822347713	-4.192139638404231e-10	1
6283185.307179586	1434.4344344344345	7	1.3924635674076948	1.3987655920048142e-09	1
6283185.307179586	2818.868868868869	8	0.942171304158784	-1.2922477227329627e-09	1
6283185.307179586	1664.014014014014	1	-0.2230889137397598	-1.1052404559846614e-09	1
6283185.307179586	376.97697697697697	5	0.6649841231370512	1.3562659029944338e-09	1
6283185.307179586	2380.5805805805808	6	1.380707425395579	9.678348130484593e-10	2
6283185.307179586	1587.4874874874874	6	-0.1889802207141249	-1.0565648197120445e-09	1
6283185.307179586	1636.1861861861862	4	0.2557049949884338	1.1062863965746633e-09	1
6283185.307179586	474.3743743743744	3	0.5190195856584872	-1.8602496612256505e-09	2
6283185.307179586	1531.8318318318318	8	-1.0885935082119886	-9.246113035514615e-10	1
6283185.307179586	2262.3123123123123	8	0.3107606948374715	-5.148481831897076e-10	1
6283185.307179586	2658.858858858859	9	0.8462062523040017	6.824735734112217e-10	1
6283185.307179586	1364.864864864865	7	-0.7527234821365807	3.457470334688958e-10	1
6283185.307179586	1977.077077077077	5	-1.3265488551537152	1.2118652363323893e-09	2
6283185.307179586	2102.3023023023025	5	1.1578594929528903	5.849432036270969e-11	1
6283185.307179586	1858.8088088088089	9	-1.1834696947775032	-9.977645752664693e-10	1
6283185.307179586	1900.5505505505505	3	-0.304621802444506	1.3851182953711727e-09	1
6283185.307179586	2227.5275275275276	3	0.21270329151631673	-1.3571425891849916e-09	1
6283185.307179586	2345.795795795796	7	0.9847424551014656	2.7458418249091473e-10	2
6283185.307179586	2387.5375375375374	8	-0.03695855958741667	9.808437919506356e-10	1
6283185.307179586	2338.838838838839	2	-0.8701041036365514	-3.730861335944647e-10	2
6283185.307179586	2923.223223223223	1	-0.3795064278645002	8.488057594817128e-10	1
6283185.307179586	1302.2522522522522	5	-0.1837110391976131	-1.0945484454877918e-09	1
6283185.307179586	1865.7657657657658	5	-0.7583047079389257	-1.4401142078100092e-09	1
6283185.307179586	2081.4314314314315	7	0.20826339682260087	1.5518553410423377e-09	1
6283185.307179586	1462.2622622622623	4	-0.20401680290402768	-1.8817842776537793e-09	1
6283185.307179586	1023.973973973974	1	-0.8610160439773029	1.192263841220631e-09	1
6283185.307179586	2345.795795795796	5	-0.014749257939433269	-1.424942224396745e-09	1
6283185.307179586	1907.5075075075076	2	-0.2143500392487836	-1.955460221499834e-09	1
6283185.307179586	2637.987987987988	7	0.419765371375836	4.516372004903583e-10	1
6283185.307179586	363.06306306306305	1	-0.1601469792288377	-7.2702205424729e-10	1
6283185.307179586	2157.957957957958	1	0.9635778845170786	1.8056371471600717e-09	1
6283185.307179586	1490.0900900900901	4	1.3204005125620775	-4.743763120655964e-10	1
6283185.307179586	975.2752752752752	7	-1.2016733327813878	-1.339111710010609e-09	1
6283185.307179586	1010.0600600600601	6	-0.19975991457689712	8.324637987560194e-10	1
6283185.307179586	1942.2922922922924	8	-0.34334582533143654	-7.821358257290574e-10	1
6283185.307179586	1218.7687687687687	7	0.963659106111113	7.248890146931981e-10	2
6283185.307179586	1253.5535535535537	7	-0.29626734668083854	-1.2255694640449513e-09	1
6283185.307179586	2471.021021021021	6	0.4773654695869882	-1.1360597161956867e-09	1
6283185.307179586	3542.3923923923926	9	1.3372963332591081	1.6791779378378466e-09	1
6283185.307179586	2157.957957957958	5	-1.431257469786973	-1.8030855484573545e-09	1
6283185.307179586	3361.511511511512	5	-0.24249527181718178	9.592714652585754e-10	1
6283185.307179586	1587.4874874874874	2	-1.4945097682895025	-9.272996870175603e-10	1
6283185.307179586	3034.5345345345345	4	0.5784880894563886	6.016593951982984e-10	1
6283185.307179586	829.1791791791792	6	1.2918054462740685	1.764341347430041e-09	2
6283185.307179586	968.3183183183183	6	0.2506460466592859	1.8404376295433945e-09	1
6283185.307179586	2178.828828828829	9	-1.3277452566991055	1.365374475804063e-09	2
6283185.307179586	1865.7657657657658	9	-0.3722980888259375	-3.2842715721380034e-10	1
6283185.307179586	509.1591591591592	1	-1.2677986970066697	-1.9873760083708231e-10	2
6283185.307179586	1552.7027027027027	3	-1.5293028141265776	1.628811822824176e-10	1
6283185.307179586	3097.1471471471473	5	0.8940233881166866	-1.2193972504727851e-09	1
6283185.307179586	1093.5435435435436	4	-0.7139558392292672	8.994934986637125e-10	1
6283185.307179586	2679.72972972973	2	0.09598305250286843	-4.830937583160903e-10	1
6283185.307179586	2213.613613613614	3	0.725676148613922	1.3542292379071041e-09	1
6283185.307179586	557.8578578578579	3	-0.192126727385326	-1.1558497241889275e-09	1
6283185.307179586	850.0500500500501	4	-0.779511678279658	7.968243775918789e-10	1
6283185.307179586	2512.762762762763	3	0.7930335487423532	-1.6130162082981703e-09	1
6283185.307179586	2408.4084084084084	1	-1.0496367156977864	1.8421314433413327e-09	1
6283185.307179586	1490.0900900900901	3	0.4350485069465879	1.1596507570234972e-09	1
6283185.307179586	3458.908908908909	2	0.4882658175659862	1.088011507846588e-10	1
6283185.307179586	3194.544544544545	6	0.6052551332841687	1.1092024140638883e-09	1
6283185.307179586	1072.6726726726727	7	-0.7981151309094305	1.454966682008792e-09	1
6283185.307179586	3966.766766766767	3	0.4376694829152421	1.2054712403817804e-09	1
6283185.307179586	1420.5205205205204	4	-1.3617759137858125	4.775799840651905e-10	2
6283185.307179586	2888.4384384384384	9	-0.3573181884412482	1.2449281097068234e-09	1
6283185.307179586	1030.930930930931	5	-0.6847414768510394	4.711631693063831e-10	1
6283185.307179586	2651.901901901902	9	-0.21814396454203444	-1.88361379516868e-09	1
6283185.307179586	2074.474474474475	9	-0.11947884785553309	-1.384220654767557e-09	1
6283185.307179586	2540.5905905905906	2	-0.4598096281448436	1.2357856031507977e-09	1
6283185.307179586	829.1791791791792	9	1.5159479316245368	1.0964090266555991e-09	1
6283185.307179586	2102.3023023023025	7	1.350066173858731	1.562008126447595e-09	1
6283185.307179586	2046.6466466466468	9	-1.0614079701175152	4.197872805556244e-10	2
6283185.307179586	1990.9909909909911	6	-0.6861691675048663	-1.0681080027304795e-09	1
6283185.307179586	2784.084084084084	5	-0.6494334751242187	8.522856062687941e-10	1
6283185.307179586	3166.7167167167167	8	0.1477904170408193	-1.7293225098729953e-09	1
6283185.307179586	2596.2462462462463	7	0.7465020073632909	1.4454422927606958e-09	1
6283185.307179586	2123.1731731731734	5	-0.07670031896893681	1.865094230982476e-09	1
6283185.307179586	1003.1031031031031	4	1.4560922303494137	-1.078874183985425e-09	1
6283185.307179586	1817.0670670670672	7	0.9554793777509145	2.740970711551049e-10	2
6283185.307179586	2004.904904904905	8	-0.3535047663483284	1.990047715554592e-09	1
6283185.307179586	1949.2492492492493	6	-0.8662889177477399	4.6315671674878165e-10	1
6283185.307179586	919.6196196196197	6	-1.1359036623104346	-1.879113416765151e-09	1
6283185.307179586	1441.3913913913914	1	-0.29982866590476065	1.1799816011174445e-09	1
6283185.307179586	2450.1501501501502	7	-0.4121761583528585	4.762957135454638e-10	1
6283185.307179586	1392.6926926926926	9	-1.1139350045952694	-3.095872318614825e-10	2
6283185.307179586	1107.4574574574574	4	0.9068852282120434	9.352974877609131e-10	1
6283185.307179586	1483.1331331331332	3	-1.4581002107436247	6.834806712262887e-10	1
6283185.307179586	2227.5275275275276	2	1.2806715418423487	6.411285989742115e-10	2
6283185.307179586	1747.4974974974975	4	0.46065964012466587	-4.372092132924613e-10	1
6283185.307179586	1204.854854854855	6	-0.09927246268067913	-5.300702596102301e-10	1
6283185.307179586	1225.7257257257259	9	0.4238964945927861	1.2218734506238268e-09	1
6283185.307179586	1197.897897897898	9	-0.8739525394001804	1.4809310471627594e-09	1
6283185.307179586	2074.474474474475	7	0.8316598016122518	-1.849422281746569e-09	1
6283185.307179586	2477.977977977978	7	1.1081358483840114	1.2552474305227534e-09	1
6283185.307179586	564.8148148148148	1	0.359357606721628	-1.69603897874226e-09	2
6283185.307179586	536.986986986987	5	0.19634658759864676	-1.0054272624340181e-09	1
6283185.307179586	1754.4544544544544	5	-0.8256563650940906	3.240542676953339e-10	2
6283185.307179586	2937.1371371371374	5	1.1992703186411142	7.889514638731617e-10	1
6283185.307179586	439.5895895895896	5	0.3966600622152583	-1.4248188728411162e-09	1
6283185.307179586	2144.0440440440443	7	-0.33974351876871545	-5.535299826511459e-10	1
6283185.307179586	1782.2822822822823	1	-0.9246813838468182	1.5262652693312226e-09	1
6283185.307179586	3340.640640640641	1	1.3687237719882202	-5.107463552922323e-10	2
6283185.307179586	2311.011011011011	8	-0.2869676100113161	1.6548302753017086e-09	1
6283185.307179586	2951.051051051051	2	0.13203610657865283	7.203181224805481e-10	1
6283185.307179586	2533.6336336336335	4	1.1763629532226165	8.927369467177091e-10	1
6283185.307179586	1462.2622622622623	5	-0.11127230818343459	1.6937746695502048e-09	1
6283185.307179586	1406.6066066066066	2	-1.1644690516209242	-1.0449349286561463e-09	2
6283185.307179586	2540.5905905905906	3	-1.0402538960457641	-7.898229101031143e-10	1
6283185.307179586	1872.7227227227227	8	-0.2621188850864362	-1.3206582912068399e-09	1
6283185.307179586	1093.5435435435436	9	-0.6694532050239156	-3.684668811110074e-10	1
6283185.307179586	1531.8318318318318	5	0.8057642629510191	1.6454158660180798e-09	1
6283185.307179586	1643.143143143143	6	1.2544152110225122	8.323987620879701e-10	1
6283185.307179586	3904.154154154154	8	-0.05626889793181955	1.4081738578346491e-09	1
6283185.307179586	3055.4054054054054	5	0.910732137650859	-1.6438352294748495e-09	1
6283185.307179586	1865.7657657657658	2	0.4014346443968855	1.5094237300180584e-09	1
6283185.307179586	1302.2522522522522	6	-1.2450567490879294	-1.2797392358738563e-09	2
6283185.307179586	2269.2692692692694	7	0.07347171196577307	-4.821389479137333e-11	1
6283185.307179586	1295.2952952952953	4	-1.1773846547186422	-1.519414374347199e-09	1
6283185.307179586	1559.6596596596596	2	-0.43823754703888906	-1.818296291524414e-09	1
6283185.307179586	1524.8748748748749	5	-0.5605619284306864	6.734146892750714e-10	1
6283185.307179586	2665.8158158158158	5	-1.2382434459442773	4.2564221333964527e-10	1
6283185.307179586	2046.6466466466468	1	0.4854600777398872	-1.7022813767081303e-09	1
6283185.307179586	488.2882882882883	4	-1.1105502960695308	1.8403156362470035e-09	1
6283185.307179586	1900.5505505505505	5	0.5083885350051158	-7.835120035856416e-10	1
6283185.307179586	530.03003003003	3	-0.7263720005916344	-1.0757215850951121e-09	2
6283185.307179586	912.6626626626627	3	0.6573627251737668	-4.789336085430054e-10	2
6283185.307179586	863.963963963964	2	-1.1933207869317533	8.860907213963959e-10	2
6283185.307179586	1330.08008008008	6	-0.5244311344927024	1.7695348268666853e-09	1
6283185.307179586	1211.8118118118118	5	0.766490207541279	2.9379023776107966e-10	1
6283185.307179586	1977.077077077077	1	1.5378586594526782	1.6681772259769353e-10	2
6283185.307179586	1928.3783783783783	5	1.2518180401030898	1.6426461479412839e-09	1
6283185.307179586	1253.5535535535537	8	-1.4247827352781623	-2.83904781669862e-10	1
6283185.307179586	1545.7457457457458	3	-1.444754079689614	-1.7818760179625356e-10	1
6283185.307179586	2665.8158158158158	4	-0.07420991082407546	3.3229688523381155e-10	1
6283185.307179586	1260.5105105105106	1	-1.3195769463555789	6.810710731573021e-10	1
6283185.307179586	2429.2792792792793	8	1.2351080237983139	6.571309902531167e-10	1
6283185.307179586	1350.950950950951	7	-1.348949818534945	-1.4650976383214628e-09	2
6283185.307179586	1886.6366366366367	4	1.5209351700255263	1.493559097240992e-09	1
6283185.307179586	738.7387387387388	8	-1.5161424596770199	7.874283197799224e-10	1
6283185.307179586	1858.8088088088089	4	1.1900650941228172	-5.752458626308976e-10	1
6283185.307179586	2728.4284284284286	4	0.37392419824056433	-1.311564041694538e-10	1
6283185.307179586	1601.4014014014015	3	-0.7968188790540526	1.528186893860757e-09	1
6283185.307179586	585.6856856856857	2	1.433032250207647	1.2689406194101047e-09	1
6283185.307179586	2345.795795795796	3	-0.16767217627005193	-2.968215229552179e-10	2
6283185.307179586	1935.3353353353355	6	0.16145000967739587	-1.8235418073858078e-10	1
6283185.307179586	1023.973973973974	2	-1.0402885379943534	1.075757743912622e-09	1
6283185.307179586	1204.854854854855	3	0.18632410860910298	-9.208740091493591e-10	1
6283185.307179586	1636.1861861861862	2	0.5543356861639426	9.678496953616877e-10	1
6283185.307179586	2297.097097097097	7	-1.3129809615121644	-1.968256953453937e-09	1
6283185.307179586	2617.1171171171172	4	0.4042368517398387	1.1889292298653677e-09	1
6283185.307179586	1371.821821821822	8	-0.8900673425161404	1.6890357710390308e-09	1
6283185.307179586	2519.7197197197197	6	-1.514342467903579	-1.1534007762243102e-09	2
6283185.307179586	1928.3783783783783	5	-1.4740814906733761	-5.829154990668349e-10	1
6283185.307179586	808.3083083083084	3	0.5473662944283402	-1.9720037413249526e-09	1
6283185.307179586	2248.3983983983985	2	-0.8138540201941881	-1.989192015011733e-09	1
6283185.307179586	2721.4714714714714	8	1.559700590820213	-5.147725985207931e-10	2
6283185.307179586	982.2322322322323	5	0.0015749704178080748	-2.5505369604382323e-10	1
6283185.307179586	870.9209209209209	4	-1.2169459809145347	5.797818473274167e-10	1
6283185.307179586	1462.2622622622623	7	0.138395396483868	-4.745292134211861e-10	1
6283185.307179586	3041.4914914914916	5	1.0787324249562333	1.0185104654651869e-09	1
6283185.307179586	3765.0150150150153	3	0.026103433872735726	-1.5181842987267022e-09	1
6283185.307179586	1490.0900900900901	4	-0.41095273446224234	-1.6288304576256267e-09	1
6283185.307179586	752.6526526526527	9	-1.0109063344342912	1.942572283664381e-09	2
6283185.307179586	1093.5435435435436	8	-1.4711094629539123	7.711583223528483e-10	2
6283185.307179586	2039.6896896896897	8	-1.497285431988865	-4.986882589214718e-10	1
6283185.307179586	397.84784784784785	3	0.651431959781926	4.818012192584985e-10	1
6283185.307179586	891.7917917917919	7	0.1110114292839035	7.974035054733309e-10	2
6283185.307179586	2373.6236236236236	6	0.5128253671476246	-7.091017093405622e-10	1
6283185.307179586	2297.097097097097	5	0.8409272504844871	-1.1650513976359131e-09	1
6283185.307179586	2881.4814814814818	3	-0.9879552841776822	9.946445661569061e-10	1
6283185.307179586	905.7057057057058	7	-0.03163833476538014	-2.5141854333554074e-10	1
6283185.307179586	2721.4714714714714	2	0.23470079371453467	-8.572326272748172e-10	1
6283185.307179586	1163.113113113113	4	-0.6258051429752325	1.6353159614142612e-09	1
6283185.307179586	1378.7787787787788	9	1.5020431842310362	-4.963975944534274e-10	2
6283185.307179586	2081.4314314314315	2	0.8381341839495993	-1.4079216178877215e-09	1
6283185.307179586	613.5135135135135	3	-1.1593046708171624	-1.480556536747956e-09	1
6283185.307179586	1935.3353353353355	2	0.054496517955282986	-4.026069654210779e-10	1
6283185.307179586	1803.1531531531532	6	1.5531698960296363	1.0549715425296436e-09	1
6283185.307179586	1636.1861861861862	2	-1.096230346435128	1.6588606133887317e-09	1
6283185.307179586	3625.875875875876	3	1.0069915768612172	8.472348199308619e-10	1
6283185.307179586	2359.70970970971	6	-1.367321322008711	-2.2713342876005357e-10	1
6283185.307179586	1079.6296296296296	9	0.984699371915601	7.830458608229747e-10	1
6283185.307179586	543.943943943944	2	-1.0568787069604126	-6.637282396530347e-10	2
6283185.307179586	1761.4114114114116	7	0.5764286723401169	-1.358071630055494e-09	1
6283185.307179586	1211.8118118118118	6	0.4313383778107358	8.378755953213873e-10	1
6283185.307179586	2846.6966966966966	3	1.5482684569646934	1.885713687408457e-09	1
6283185.307179586	1462.2622622622623	3	0.48500131339483943	1.570872411268145e-09	1
6283185.307179586	975.2752752752752	4	0.741909935984665	8.131179102035023e-10	1
6283185.307179586	1490.0900900900901	9	1.36493033085394	-1.8858549290178962e-09	2
6283185.307179586	1677.927927927928	8	-0.9122282131023626	1.990764479030908e-09	1
6283185.307179586	2554.5045045045044	3	-0.8081555162426298	1.7574255235747773e-09	1
6283185.307179586	1601.4014014014015	8	-0.1745154918934957	-4.321904164845206e-10	1
6283185.307179586	1761.4114114114116	9	0.22098210470319857	9.64377904945431e-10	1
6283185.307179586	1497.047047047047	8	-0.08707323420906188	2.035734524176192e-10	1
6283185.307179586	1594.4444444444446	9	0.1332139636933396	-1.0796871557250398e-09	1
6283185.307179586	2770.1701701701704	6	-0.27576232589731364	-1.8436136646664966e-09	1
6283185.307179586	1079.6296296296296	5	-0.23473730713494545	8.829688567308368e-10	1
6283185.307179586	1037.887887887888	7	-1.5141165823518201	-1.3585444228828024e-09	2
6283185.307179586	1343.993993993994	5	1.5471101703776604	1.8275732110718794e-09	1
6283185.307179586	2109.259259259259	1	1.039206539501147	-7.051808819114132e-10	1
6283185.307179586	2401.4514514514517	8	-0.2198170999711213	1.1644090052273532e-09	1
6283185.307179586	2130.13013013013	3	1.3492474369993364	1.4387631652196177e-09	2
6283185.307179586	2011.8618618618618	6	-1.0795682270329217	-1.2125587866692522e-09	1
6283185.307179586	2832.7827827827828	2	-0.783242049295938	-1.2059886385883886e-09	1
6283185.307179586	2436.2362362362364	6	0.6768669207694145	7.74149115951475e-10	1
6283185.307179586	1309.2092092092093	1	-0.22807961236319496	-3.6393836787876445e-10	2
6283185.307179586	376.97697697697697	9	0.7512474089422554	-1.4141197525810566e-09	1
6283185.307179586	2429.2792792792793	1	-1.3196185558479878	4.701068185597322e-10	1
6283185.307179586	2380.5805805805808	8	1.277522113115635	1.137421401963728e-09	2
6283185.307179586	1670.970970970971	8	0.9988762556075104	-5.152399356288938e-10	1
6283185.307179586	1747.4974974974975	1	-0.27422371528394995	6.05381060829438e-10	1
6283185.307179586	1608.3583583583584	3	-0.4526185951759334	-7.050913183629487e-10	1
6283185.307179586	2220.5705705705705	6	-0.7747450200587948	-5.905300796114151e-10	1
6283185.307179586	2603.2032032032034	8	-1.3211421782765853	-1.7548658418164971e-09	1
6283185.307179586	1253.5535535535537	1	0.4093827817810387	-1.2627850958187596e-09	1
6283185.307179586	1956.2062062062062	9	0.07395572672507011	8.87203060007687e-11	2
6283185.307179586	2227.5275275275276	7	0.33820381165588587	1.0304836429200266e-09	1
6283185.307179586	1399.6496496496497	6	-0.46974573571935596	-2.5882530432447933e-10	2
6283185.307179586	1712.7127127127128	3	0.1255849412486214	-9.974354472868484e-10	1
6283185.307179586	648.2982982982983	6	0.268831536995602	3.246072193546256e-10	1
6283185.307179586	2617.1171171171172	6	1.400461052705655	1.0912396324284983e-09	1
6283185.307179586	1010.0600600600601	2	0.37086490418472384	-3.7729904382506616e-10	2
6283185.307179586	2304.054054054054	7	0.3875992365668406	1.0659433422405243e-09	1
6283185.307179586	1677.927927927928	1	-1.3125600128743216	-1.5641521001171024e-09	2
6283185.307179586	2345.795795795796	3	-0.8816889133656023	-1.0028918196738008e-09	1
6283185.307179586	1517.917917917918	9	-0.27163862970852226	-5.330591415176472e-10	1
6283185.307179586	1705.755755755756	9	1.1204651141405182	-9.756493880780117e-10	1
6283185.307179586	3041.4914914914916	4	-0.54172692847327	5.373597798004647e-10	1
6283185.307179586	1267.4674674674675	4	-1.4760283050925185	1.420605644352697e-09	1
6283185.307179586	1086.5865865865867	5	-0.32324786519298576	1.2535901318529333e-09	1
6283185.307179586	683.0830830830831	8	1.131057559870127	-7.681479573313967e-10	1
6283185.307179586	2060.5605605605606	1	1.1151482480395765	1.7969597013368805e-09	1
6283185.307179586	1107.4574574574574	8	-1.0286350450158446	-1.610250706685323e-09	1
6283185.307179586	2658.858858858859	9	0.28941980133354717	5.905685335254622e-10	1
6283185.307179586	2443.193193193193	1	0.033573924720250226	1.4609706583525658e-10	2
6283185.307179586	1218.7687687687687	2	1.175004927378779	1.8157607207908015e-09	1
6283185.307179586	2317.967967967968	4	0.6868351414405645	-2.8796626215268344e-10	1
6283185.307179586	1865.7657657657658	9	-0.9845493573015001	-1.0619132981584767e-09	1
6283185.307179586	2199.6996996997	7	-0.5133053573482571	9.523488809429573e-10	1
6283185.307179586	3744.1441441441443	6	-0.24773970846322158	-5.660172091681539e-10	1
6283185.307179586	1406.6066066066066	7	-0.9498013571784039	1.1134094615274798e-09	1
6283185.307179586	2018.818818818819	3	1.1746818554304679	1.3659074309859433e-09	1
6283185.307179586	2547.5475475475478	2	0.4397622312403877	8.382484777326333e-10	1
6283185.307179586	2519.7197197197197	9	-1.2742920615295212	4.3275673333323117e-10	2
6283185.307179586	196.0960960960961	4	1.0157663983996912	-8.832653284244599e-10	2
6283185.307179586	724.8248248248249	7	0.2350601585152241	-9.918794781276379e-10	1
6283185.307179586	954.4044044044044	6	0.6880655659478485	-1.6915232123148197e-09	1
6283185.307179586	1337.0370370370372	8	0.9835923470053229	2.535335642158122e-10	2
6283185.307179586	1782.2822822822823	8	-0.8486486813588761	-1.5868585381265854e-09	1
6283185.307179586	843.0930930930931	2	1.347539719391583	1.983184159043319e-09	2
6283185.307179586	738.7387387387388	1	1.0154459857623421	1.1006762860347838e-09	1
6283185.307179586	2359.70970970971	3	-1.0914193266814975	-9.941002309710926e-10	1
6283185.307179586	1017.017017017017	5	0.6386882503523093	-6.633196124633179e-10	2
6283185.307179586	1587.4874874874874	8	1.255644435851912	-5.09138490537398e-10	1
6283185.307179586	1107.4574574574574	7	0.9365986518160838	-5.484067462339662e-10	1
6283185.307179586	940.4904904904905	3	-1.4882832871754246	8.630077663527304e-10	2
6283185.307179586	1677.927927927928	6	1.1677746132548195	1.8612511914908314e-09	1
6283185.307179586	1726.6266266266266	9	1.4833048654015597	-4.693087834299113e-11	2
6283185.307179586	857.007007007007	6	0.5094561700680522	-3.1719239838897286e-10	1
6283185.307179586	1754.4544544544544	1	0.03744084456275676	-2.9042007132326297e-10	2
6283185.307179586	1956.2062062062062	5	-0.201215374230318	1.934270681886963e-09	1
6283185.307179586	1830.980980980981	6	0.38156397089133764	1.7070214024952906e-09	1
6283185.307179586	2053.603603603604	3	-0.29332381041879274	1.9477849568780266e-09	1
6283185.307179586	2484.934934934935	1	-1.1622094966759833	8.022174072636162e-10	2
6283185.307179586	1177.027027027027	1	-1.1790641883936175	8.544146953834347e-10	2
6283185.307179586	2304.054054054054	9	-0.9424768925624406	-9.781052115434045e-10	1
6283185.307179586	1677.927927927928	9	0.8209063688159386	1.5053523370878652e-09	1
6283185.307179586	2164.914914914915	1	1.0884661741845663	1.9130233183101788e-09	1
6283185.307179586	1510.960960960961	3	0.1583425281491846	-3.6901694769532953e-11	2
6283185.307179586	1517.917917917918	7	1.0675858876180122	-1.8952815950823705e-09	1
6283185.307179586	1469.2192192192192	7	-0.6894403858928071	-7.867274233379843e-10	1
6283185.307179586	1197.897897897898	9	0.9804940006811504	1.692781885209898e-09	1
6283185.307179586	1865.7657657657658	9	1.1046306090987317	-6.647570586036538e-10	2
6283185.307179586	863.963963963964	4	-0.08107578202038801	-8.694934531707884e-10	1
6283185.307179586	1253.5535535535537	6	1.3029276019602176	3.88433707221805e-10	2
6283185.307179586	2359.70970970971	7	0.6888097755257441	1.1794678920569035e-09	1
6283185.307179586	2603.2032032032034	1	-1.1694302191735815	-1.0572231279799926e-09	1
6283185.307179586	1364.864864864865	7	0.30762199437299653	-1.0353370513608963e-10	1
6283185.307179586	1072.6726726726727	5	-0.038850027648293484	2.588694722591757e-10	1
6283185.307179586	2290.1401401401404	1	1.307616468481768	-3.063781905565341e-11	2
6283185.307179586	2359.70970970971	9	-1.2278179644695526	1.4872570485248346e-09	1
6283185.307179586	3034.5345345345345	2	-0.6893211457313548	-3.540532217980755e-10	2
6283185.307179586	2498.848848848849	8	-0.7299885329980783	-3.0382430060741115e-10	2
6283185.307179586	1086.5865865865867	7	-0.7951890278705117	6.540117142095964e-10	1
6283185.307179586	898.7487487487488	3	-0.8897428876429164	1.1137108996399107e-10	1
6283185.307179586	488.2882882882883	1	-0.35094452636992446	-1.5277793500513705e-09	2
6283185.307179586	1865.7657657657658	2	-0.1236554683004043	-1.8262907539025953e-09	1
6283185.307179586	2269.2692692692694	7	-1.5371054707611846	1.0197941684330755e-10	1
6283185.307179586	2951.051051051051	4	-0.6019526363751236	-1.0630582576097197e-10	1
6283185.307179586	1392.6926926926926	5	0.1408485077428816	1.1443826696880837e-09	1
6283185.307179586	919.6196196196197	6	1.3443636664203868	-1.3870046070847706e-09	2
6283185.307179586	1156.1561561561562	3	0.9007200659302605	1.961716586214255e-09	1
6283185.307179586	1768.3683683683685	6	-0.7921576376955909	-7.871807622142809e-10	1
6283185.307179586	1197.897897897898	2	1.3223254051827409	-1.9162461945894913e-09	1
6283185.307179586	683.0830830830831	1	1.3575918569445093	6.216865150850172e-10	2
6283185.307179586	710.910910910911	6	-0.6077889378288605	7.905785583852994e-10	1
6283185.307179586	1469.2192192192192	6	-0.848416325299407	-8.07685713740432e-10	1
6283185.307179586	1490.0900900900901	5	-0.5482456349305709	9.396944547115896e-10	1
6283185.307179586	2373.6236236236236	6	1.1512735828106635	-1.3012825945379637e-09	1
6283185.307179586	2971.921921921922	6	-0.850515926281536	9.106950299821653e-10	1
6283185.307179586	3361.511511511512	3	-0.00032160389023139224	4.449984861384162e-10	1
6283185.307179586	1330.08008008008	5	0.6376905894508549	2.338449693464563e-10	1
6283185.307179586	940.4904904904905	4	-1.0023822506256446	-6.974331156792527e-11	2
6283185.307179586	2220.5705705705705	7	0.7830401716554269	9.997166765409574e-10	1
6283185.307179586	752.6526526526527	1	-0.3023402981415273	1.6559431327417436e-09	1
6283185.307179586	1531.8318318318318	8	0.054603629201071646	-7.517066623223734e-10	1
6283185.307179586	1719.6696696696697	3	-1.024264042533042	5.779373491126657e-10	1
6283185.307179586	2540.5905905905906	5	-1.197059807407985	2.962078828937642e-10	1
6283185.307179586	1253.5535535535537	4	-1.216969302866806	-1.7228967095630186e-10	1
6283185.307179586	1984.034034034034	3	-0.047483744043621545	9.49145229582367e-10	1
6283185.307179586	1455.3053053053054	1	-0.465614067647119	-1.8350482301768516e-10	1
6283185.307179586	2032.7327327327328	2	0.22501829100567727	-1.8051018094734994e-09	1
6283185.307179586	1608.3583583583584	6	0.7280248354019698	1.443916037810693e-09	1
6283185.307179586	1984.034034034034	7	-1.432255165767997	1.754653879585165e-09	2
6283185.307179586	1726.6266266266266	9	1.4358895538415282	-1.7034527338397984e-09	2
6283185.307179586	1824.0240240240241	7	0.6436099322329323	1.8261231589805668e-09	1
6283185.307179586	1211.8118118118118	8	-0.8962579245467982	-9.873804118849382e-10	1
6283185.307179586	1935.3353353353355	1	-0.723691854201988	1.0145300276602743e-09	1
6283185.307179586	1058.7587587587586	9	1.088568298411202	7.14608687502178e-10	1
6283185.307179586	342.1921921921922	8	-0.43812627584855135	-1.529869635996502e-09	1
6283185.307179586	933.5335335335336	6	-0.1125654861048635	1.9067965036217017e-10	2
6283185.307179586	1552.7027027027027	7	-1.5334592731063141	1.4168914044055855e-09	2
6283185.307179586	1455.3053053053054	3	0.5544541101894396	-1.962549468614082e-09	1
6283185.307179586	1183.983983983984	4	1.49067131731036	1.5336530116010217e-09	2
6283185.307179586	1197.897897897898	7	-0.8697838302385267	-1.873957680292564e-09	1
6283185.307179586	3319.76976976977	2	1.2093960592395425	4.0070922776666863e-10	1
6283185.307179586	2025.7757757757759	5	-0.4042748835822645	1.8561750505792863e-09	1
6283185.307179586	766.5665665665666	9	-1.0046128079380114	-1.7246718201769303e-09	1
6283185.307179586	905.7057057057058	7	-0.0728064302330571	5.296620090059308e-10	1
6283185.307179586	2171.871871871872	1	0.502292251132272	1.8707810919717013e-10	2
6283185.307179586	3625.875875875876	4	0.1378219375368699	-8.679353552143199e-10	1
6283185.307179586	2032.7327327327328	2	-0.03391741920064861	1.5958900355655572e-09	1
6283185.307179586	1740.5405405405406	3	-0.12105858337469066	-6.485374185092119e-10	1
6283185.307179586	1072.6726726726727	3	1.4906603257621027	-1.3529813575894037e-09	1
6283185.307179586	2206.6566566566567	2	-0.07909004744695602	1.2631015874972155e-09	1
6283185.307179586	2575.3753753753754	2	0.46439228507508235	-1.81093788794621e-10	1
6283185.307179586	2255.3553553553556	8	1.4519046469408328	-1.2395028193812882e-09	2
6283185.307179586	1330.08008008008	5	-1.2658605783864696	5.095758056707099e-10	1
6283185.307179586	1107.4574574574574	6	0.1549260091397031	-4.732708546853971e-10	1
6283185.307179586	2644.944944944945	5	-0.1990778075158759	2.527745661884589e-11	1
6283185.307179586	2081.4314314314315	2	-0.7825538132182193	-1.6979977704430583e-09	1
6283185.307179586	822.2222222222223	3	1.2709656548840322	-5.042848622875686e-10	1
6283185.307179586	147.3973973973974	6	-1.1284080754132786	1.8125252837243693e-09	1
6283185.307179586	1733.5835835835837	4	1.3950776004764824	-5.351221719490245e-11	2
6283185.307179586	1963.1631631631633	8	-1.2064275250092789	1.8356852044291163e-09	1
6283185.307179586	2095.3453453453453	5	0.2740890730297525	6.197894133982176e-10	1
6283185.307179586	2749.2992992992995	7	0.187691170943046	7.848487879638131e-10	1
6283185.307179586	1030.930930930931	6	-0.0797744384151311	4.918637820271243e-10	1
6283185.307179586	2304.054054054054	1	0.12184664602426509	-1.4957934186416803e-09	1
6283185.307179586	1531.8318318318318	6	0.42245016850054484	-1.9313410388956305e-09	1
6283185.307179586	3041.4914914914916	8	1.1670329962058164	5.685378963047227e-10	2
6283185.307179586	2777.127127127127	9	0.7605517143854024	9.265300887567764e-10	1
6283185.307179586	1427.4774774774776	4	-1.501183053457809	2.168164270251021e-10	2
6283185.307179586	2338.838838838839	8	-0.9254311603522547	2.329316048655806e-10	2
6283185.307179586	613.5135135135135	4	-1.0292810005196618	1.0617057154871205e-09	2
6283185.307179586	1719.6696696696697	8	1.3405782154204862	-1.8605634324055945e-09	1
6283185.307179586	1810.11011011011	9	-0.010729359355460488	4.776350553351591e-10	1
6283185.307179586	3222.3723723723724	4	0.0006282779515502934	-7.782542856407751e-10	1
6283185.307179586	1343.993993993994	7	0.5781322392111745	1.4517509217112328e-09	1
6283185.307179586	2304.054054054054	1	-1.0608787342375097	1.7615276080184613e-09	1
6283185.307179586	376.97697697697697	4	-1.1702767897270219	-4.627969177540936e-10	2
6283185.307179586	1204.854854854855	1	0.47324216569691613	1.4591760184857218e-09	1
6283185.307179586	2707.5575575575576	6	1.5662137285078432	-9.958257395330629e-10	2
6283185.307179586	2213.613613613614	5	0.8244064266564477	8.141439790489046e-10	1
6283185.307179586	2053.603603603604	6	-0.11217308648044666	-7.977281214229727e-10	1
6283185.307179586	1114.4144144144145	8	-1.5516909503906438	1.5047456460229653e-09	1
6283185.307179586	1065.7157157157158	2	-0.7181155447654299	9.040379706174527e-11	1
6283185.307179586	2401.4514514514517	9	-0.1737764363544927	-1.354688867821384e-09	1
6283185.307179586	1281.3813813813815	7	-1.0109264034478338	-5.235349855811973e-10	1
6283185.307179586	1997.947947947948	1	-0.5680542405976585	-6.008762803884964e-10	1
6283185.307179586	1817.0670670670672	7	-1.0378908269580982	-6.395865188873739e-10	1
6283185.307179586	2171.871871871872	8	0.7570892979117301	1.4337348718733562e-09	1
6283185.307179586	996.1461461461462	9	0.7149120792604746	4.910008921581726e-10	1
6283185.307179586	2116.2162162162163	1	1.5198458147069913	-2.711769611835418e-10	2
6283185.307179586	1260.5105105105106	3	0.7314952237180772	5.611845566710604e-10	1
6283185.307179586	1309.2092092092093	9	-0.8347513876679511	5.589842081306243e-10	2
6283185.307179586	2443.193193193193	5	-1.537497708299336	-3.8380616702620695e-10	1
6283185.307179586	342.1921921921922	9	1.0895306540431884	-1.9066868433076427e-09	1
6283185.307179586	2067.5175175175173	1	0.5179857431754264	-1.1933086008682593e-09	1
6283185.307179586	1698.7987987987988	2	-1.3958365941114377	-8.101422832493289e-10	2
6283185.307179586	2081.4314314314315	6	-1.5079602848218032	3.651063897340069e-10	2
6283185.307179586	773.5235235235235	2	-0.159279352831742	-1.6910376403305009e-09	1
6283185.307179586	1267.4674674674675	6	-1.183027503000257	-1.7134782723651558e-09	1
6283185.307179586	1378.7787787787788	7	-0.7955478304540005	-2.3930037937964104e-10	1
6283185.307179586	1524.8748748748749	6	-0.6669018824813312	1.993503745919416e-09	1
6283185.307179586	502.2022022022022	6	-0.4261665278382223	-6.205091054260183e-10	1
6283185.307179586	1246.5965965965966	1	-0.4387416160189994	1.2587776348499908e-09	1
6283185.307179586	1594.4444444444446	8	-0.8106728926632354	7.192874807677719e-10	1
6283185.307179586	2109.259259259259	3	-0.39745230417160404	1.321648663833146e-09	1
6283185.307179586	557.8578578578579	1	-1.5239761132655478	1.094725695567649e-09	2
6283185.307179586	752.6526526526527	7	1.520510101539402	1.5616046804121868e-09	2
6283185.307179586	1023.973973973974	8	-1.5082887781763257	1.3113251277981898e-09	1
6283185.307179586	808.3083083083084	6	-1.4146173552013332	1.4785086055037724e-09	2
6283185.307179586	2366.6666666666665	4	0.8345549024104204	1.3473717976648156e-09	1
6283185.307179586	2004.904904904905	3	0.6944249908000462	1.8862446532709883e-09	1
6283185.307179586	926.5765765765766	7	-1.322168115404986	2.816145770352978e-10	2
6283185.307179586	2157.957957957958	1	-0.5611931724457011	-8.142821385759809e-10	1
6283185.307179586	1587.4874874874874	9	1.0097808736768372	9.107396798823442e-10	2
6283185.307179586	669.1691691691692	7	-1.0001517121548382	1.1505121496738037e-09	2
6283185.307179586	2324.924924924925	2	-0.41192105625493314	-1.6075832857657637e-09	1
6283185.307179586	1552.7027027027027	2	1.4685984124530034	-1.0807463530080544e-09	1
6283185.307179586	182.18218218218217	6	0.8773245908184806	-9.788634678409474e-10	1
6283185.307179586	2116.2162162162163	8	1.4312888708697242	-1.6017031881317504e-09	2
6283185.307179586	2248.3983983983985	6	-0.1493867419728132	1.5920195199055984e-09	1
6283185.307179586	2999.7497497497498	2	0.7348315906358107	-1.26286871997011e-09	1
6283185.307179586	1907.5075075075076	5	0.8530312589223819	-1.736706150760116e-09	1
6283185.307179586	2457.1071071071074	8	-0.4857972173481613	-1.9525139038836327e-09	1
6283185.307179586	1469.2192192192192	5	-1.5339422321652947	-1.5461530763183214e-09	2
6283185.307179586	1260.5105105105106	5	-1.2721552964402225	3.360433321814996e-10	2
6283185.307179586	2999.7497497497498	1	-0.5306111886307705	1.037097969911987e-09	1
6283185.307179586	1935.3353353353355	9	0.9400623005854838	1.4534150155339392e-09	1
6283185.307179586	2436.2362362362364	4	-0.6954360253947054	1.8579876872913954e-09	1
6283185.307179586	3354.5545545545547	9	-0.21748141671068266	1.8581350154739482e-09	1
6283185.307179586	2116.2162162162163	3	-1.051602645503543	1.5610880757646807e-09	1
6283185.307179586	1664.014014014014	2	1.3764745873945632	-1.2764541155998717e-09	1
6283185.307179586	1657.0570570570571	2	1.1167357848736925	-1.35695227452322e-09	1
6283185.307179586	2011.8618618618618	6	-0.867440914871283	-1.4070055498285312e-09	1
6283185.307179586	1058.7587587587586	4	-1.180705550791699	-5.399706782622648e-10	1
6283185.307179586	1149.1991991991993	6	-0.36937650843731773	4.3910600805148214e-10	1
6283185.307179586	1775.3253253253254	9	0.8966437517641008	1.31884254379221e-10	2
6283185.307179586	1531.8318318318318	3	-0.3366364983835186	-8.647756506486552e-10	1
6283185.307179586	1190.940940940941	1	0.6466008240337304	-5.17071720597421e-10	2
6283185.307179586	1023.973973973974	2	-1.0507569371667005	-5.744857636956561e-10	2
6283185.307179586	1719.6696696696697	9	-0.3554624459903011	-1.248624314844955e-09	1
6283185.307179586	2213.613613613614	7	-1.1687135082796947	-1.7409667672923286e-09	1
6283185.307179586	3090.19019019019	1	0.5376885329499186	1.9378127263552556e-09	1
6283185.307179586	2262.3123123123123	3	-1.1015099173366405	1.5238609662727963e-09	1
6283185.307179586	2074.474474474475	8	-0.7864328026310409	1.1834263815609117e-11	2
6283185.307179586	2742.3423423423424	4	0.7034593176186874	3.329829672995837e-10	2
6283185.307179586	1357.9079079079079	8	-1.4035220833517204	3.1275799281125355e-10	1
6283185.307179586	1225.7257257257259	2	-0.4770312498971043	1.8348908158881923e-09	1
6283185.307179586	1705.755755755756	2	1.3907828171127767	-1.924109624000265e-09	2
6283185.307179586	1963.1631631631633	7	0.8276786021961886	1.5836810293952452e-09	1
6283185.307179586	1844.8948948948948	9	1.0346188019855291	2.533753833291347e-11	1
6283185.307179586	1935.3353353353355	8	0.6258792397811139	-1.7668429743358993e-09	1
6283185.307179586	1963.1631631631633	6	1.3790834380710026	-1.093161342229503e-09	2
6283185.307179586	1921.4214214214214	1	0.47833494024608214	-1.129984440933281e-09	1
6283185.307179586	801.3513513513514	8	0.460107306047953	1.054563219999179e-10	1
6283185.307179586	1977.077077077077	7	-0.17010824422540516	-2.535907134581516e-10	1
6283185.307179586	989.1891891891892	5	-0.8745397366332778	5.329856965560692e-11	1
6283185.307179586	1371.821821821822	2	-1.2968647105765612	1.6039151301225824e-09	1
6283185.307179586	1350.950950950951	5	0.34690978465950084	-2.1578222994330304e-10	1
6283185.307179586	1121.3713713713714	8	0.5560914299449973	1.7673927444718553e-09	1
6283185.307179586	1643.143143143143	2	0.26762066312650257	7.396559249943924e-10	1
6283185.307179586	3605.005005005005	2	-0.5949238211175867	7.090958424368423e-10	1
6283185.307179586	3639.7897897897897	5	0.36352062863741486	1.8539601836471775e-09	1
6283185.307179586	1399.6496496496497	8	0.9798232929766004	4.057984239391474e-10	2
6283185.307179586	2171.871871871872	8	-1.1714287995418788	2.1987936739038388e-10	2
6283185.307179586	2290.1401401401404	7	1.1132410878147607	-7.968884803911127e-10	1
6283185.307179586	2046.6466466466468	1	-0.0756117244312624	-1.645984915775646e-09	1
6283185.307179586	1225.7257257257259	8	0.10698488390754402	1.78889866888049e-09	1
6283185.307179586	2144.0440440440443	7	-0.5408910126618895	1.5953884024907303e-09	1
6283185.307179586	2151.001001001001	2	0.6536628580790445	-5.311975720970006e-10	2
6283185.307179586	829.1791791791792	8	-0.9880761068086772	1.1491510622520229e-09	2
6283185.307179586	738.7387387387388	9	1.0265809530741379	-8.14862930003676e-10	1
6283185.307179586	1302.2522522522522	6	-1.0458434879569762	-1.3635855613183004e-09	1
6283185.307179586	1149.1991991991993	4	-1.3251766982956705	-1.1288026795834575e-09	2
6283185.307179586	1851.851851851852	1	-0.9892711615703547	-6.807743492274448e-10	1
6283185.307179586	1378.7787787787788	4	-0.1028286187924985	-7.343500049529018e-10	1
6283185.307179586	2749.2992992992995	1	-0.4799048320531829	2.777094586168977e-10	2
6283185.307179586	1886.6366366366367	5	0.17158169840940563	-8.7920248663562e-10	1
6283185.307179586	2672.772772772773	2	0.1600404205483532	-1.2311066452557764e-09	1
6283185.307179586	1956.2062062062062	2	-1.0672364604116449	-1.210087973793656e-09	1
6283185.307179586	2631.031031031031	9	-0.52750565667813	-8.899359014696878e-10	1
6283185.307179586	189.13913913913913	9	0.9188920565240566	-1.0481023103494787e-10	1
6283185.307179586	2373.6236236236236	3	-1.2381069812191663	-2.792062986184055e-10	1
6283185.307179586	1990.9909909909911	1	-1.3897760579647063	2.4538790798985114e-10	2
6283185.307179586	2227.5275275275276	2	-0.13160554211040587	-1.4885766780851633e-09	1
6283185.307179586	1121.3713713713714	7	0.507513491746781	-1.5723101706028429e-09	1
6283185.307179586	1691.8418418418419	2	0.4615397052454848	-1.8047620087842603e-09	1
6283185.307179586	2603.2032032032034	9	1.1108934889470028	-1.7201886233767017e-09	1
6283185.307179586	1364.864864864865	9	-0.9252211739851316	-9.337718315274982e-10	1
6283185.307179586	863.963963963964	6	-1.4539789656074	-2.9369006536431063e-10	1
6283185.307179586	1044.8448448448448	7	-0.695290187280204	-1.7373720246906688e-09	1
6283185.307179586	2290.1401401401404	5	0.49755137891338874	1.9934009599900005e-11	1
6283185.307179586	1010.0600600600601	3	0.26166599290473624	-9.134173153778967e-10	1
6283185.307179586	2060.5605605605606	7	1.5506671199501212	1.8335309784191365e-09	1
6283185.307179586	2227.5275275275276	3	0.887847322665408	1.5782568232690614e-09	1
6283185.307179586	1232.6826826826828	7	0.4661875115965253	4.37300358237801e-10	2
6283185.307179586	1970.1201201201202	3	1.2371595468094934	-1.9144249781903686e-09	1
6283185.307179586	1545.7457457457458	7	-0.9184346489206519	-6.486986710546794e-10	1
6283185.307179586	975.2752752752752	5	0.49820605319144695	-1.3285943426389714e-09	1
6283185.307179586	1636.1861861861862	7	0.15135398493141405	-1.7806733176933652e-10	1
6283185.307179586	1796.1961961961963	5	-0.6164908374246068	1.3169207603800143e-09	1
6283185.307179586	1441.3913913913914	9	-1.3072193932723801	1.1224648962744474e-09	2
6283185.307179586	1664.014014014014	4	-0.0071634003625127285	7.158528752240144e-10	1
6283185.307179586	2324.924924924925	1	-1.4529014763914265	1.8842825008017324e-09	2
6283185.307179586	1267.4674674674675	3	0.1345921775421295	1.7138403876677968e-09	1
6283185.307179586	1545.7457457457458	3	0.5969076509014162	2.5675952522989056e-10	2
6283185.307179586	822.2222222222223	6	0.37817610525223744	1.848912231369073e-09	1
6283185.307179586	683.0830830830831	5	-0.4925850573150088	2.6070191050462005e-10	1
6283185.307179586	1274.4244244244244	7	0.5909781890177803	-1.6204300194499725e-10	1
6283185.307179586	1218.7687687687687	9	-1.511244219085992	9.005492181526158e-10	1
6283185.307179586	2123.1731731731734	9	0.16580885252890432	-1.0395379505713956e-09	1
6283185.307179586	996.1461461461462	4	-1.2460126318975226	1.414273815900916e-09	1
6283185.307179586	2123.1731731731734	8	-0.806666782794648	-9.811806656602499e-11	1
6283185.307179586	1559.6596596596596	2	-1.0396425612695337	-1.570520263132301e-09	1
6283185.307179586	968.3183183183183	8	-0.030202160272477796	-1.912368678854846e-09	1
6283185.307179586	1956.2062062062062	6	-1.240183312776735	3.724260923951489e-10	1
6283185.307179586	773.5235235235235	3	-1.3088616258114116	-1.27639738851205e-09	1
6283185.307179586	2651.901901901902	1	-0.03787584671622235	1.9245865874585792e-10	2
6283185.307179586	3187.5875875875877	9	0.7780261687090624	-8.34599993505846e-10	1
6283185.307179586	1170.0700700700702	8	0.4766270738571414	-9.810325497818661e-10	1
6283185.307179586	2081.4314314314315	5	0.5248833028016806	9.352650985827885e-10	1
6283185.307179586	2624.0740740740744	5	1.0211121967221737	1.4856831945961134e-09	1
6283185.307179586	1949.2492492492493	5	1.4127465758806599	1.392187036756791e-09	1
6283185.307179586	2644.944944944945	3	1.2362907333740716	1.2089154275914888e-09	1
6283185.307179586	1622.2722722722724	3	1.1311321049353658	-1.979338047810158e-09	1
6283185.307179586	3257.157157157157	4	-0.423231796684858	1.7088125759614242e-09	1
6283185.307179586	1163.113113113113	9	0.5319448459975575	8.611912998311439e-10	2
6283185.307179586	1830.980980980981	4	-0.6479633418635062	-3.408721488204979e-10	2
6283185.307179586	1754.4544544544544	6	-0.6778905918434072	-1.1978550190621986e-09	1
6283185.307179586	2192.742742742743	7	-0.6563761247271813	1.003232187756455e-09	1
6283185.307179586	1538.788788788789	5	-0.10182355164274037	-1.2286196445883598e-09	1
6283185.307179586	1385.7357357357357	3	-0.0280730943077363	2.6754281542920325e-10	1
6283185.307179586	1907.5075075075076	9	-0.12020956581249886	8.099761100676472e-10	1
6283185.307179586	1844.8948948948948	5	0.4145122835448076	8.342555611044743e-10	1
6283185.307179586	2714.5145145145148	9	-1.4334084449488702	8.12731935103144e-10	2
6283185.307179586	516.1161161161161	4	0.42548574022894114	-1.4344773855581538e-09	1
6283185.307179586	2178.828828828829	5	1.3565359063643947	-1.3985882654042199e-09	1
6283185.307179586	1100.5005005005005	6	-0.4051570293864959	-1.0083762259442418e-09	1
6283185.307179586	1385.7357357357357	5	1.2592479506911025	7.967796821332897e-10	2
6283185.307179586	759.6096096096096	1	1.191178092648315	1.1575545164894768e-09	1
6283185.307179586	773.5235235235235	4	1.1041507443307412	-7.42475259584078e-10	1
6283185.307179586	2415.3653653653655	8	-1.198424525156147	1.0664329150379493e-09	1
6283185.307179586	1197.897897897898	5	0.25553473325909803	-1.9100704484445215e-09	1
6283185.307179586	1170.0700700700702	7	-1.4155839698970363	-1.7579714890894947e-10	1
6283185.307179586	2672.772772772773	3	-1.4879698347901182	1.4890254157652435e-09	1
6283185.307179586	1664.014014014014	4	0.675698653066573	-1.9893526060211585e-09	1
6283185.307179586	1817.0670670670672	5	0.7943592336224934	1.6724570679666972e-09	1
6283185.307179586	2171.871871871872	3	-1.394989823761326	9.734052180997743e-10	1
6283185.307179586	3034.5345345345345	7	0.4275044738120546	1.7900783340901168e-09	1
6283185.307179586	1246.5965965965966	8	1.4595477822560579	-1.6558947238482019e-09	1
6283185.307179586	1963.1631631631633	7	-1.3131712071486898	-4.108709432486806e-10	2
6283185.307179586	1622.2722722722724	9	-0.054215721237740766	-2.832206620463822e-10	1
6283185.307179586	1232.6826826826828	3	-0.2783056865537603	1.969826131087652e-09	1
6283185.307179586	1650.1001001001002	4	-1.0016494625168488	3.119151273758029e-10	2
6283185.307179586	2575.3753753753754	8	1.569073558458073	3.834910848618671e-10	1
6283185.307179586	2213.613613613614	5	-0.4531979520475795	9.65348285288123e-10	1
6283185.307179586	2387.5375375375374	2	-0.9318413424814062	-5.2289848716415e-10	2
6283185.307179586	2359.70970970971	4	0.4049031708091102	4.6402198834252133e-10	1
6283185.307179586	1135.2852852852852	7	1.1934553682679372	3.737700234362118e-10	1
6283185.307179586	446.54654654654655	7	-0.7217722872582767	-1.7376569388728283e-09	1
6283185.307179586	1761.4114114114116	7	-1.2129404651776212	-4.534872234319565e-10	2
6283185.307179586	1302.2522522522522	2	-1.1375764776819994	-1.2848536099395456e-09	1
6283185.307179586	2624.0740740740744	8	0.9397283129376297	-1.2308607762710195e-09	1
6283185.307179586	1497.047047047047	3	-0.2474281218338248	-1.104573429785158e-09	1
6283185.307179586	2130.13013013013	4	-0.5321299530649006	1.9576281468026304e-09	1
6283185.307179586	2450.1501501501502	5	0.21295610252798158	6.392937701881201e-10	1
6283185.307179586	1337.0370370370372	3	-0.9388816825019541	-1.437793525566575e-09	1
6283185.307179586	2213.613613613614	7	1.0812746235012893	1.010803328787618e-09	1
6283185.307179586	1156.1561561561562	3	0.9974228570765677	1.452335502803142e-09	1
6283185.307179586	1608.3583583583584	3	-1.51323869874671	-1.5586952742687071e-09	2
6283185.307179586	2422.322322322322	2	-0.8876650779650355	7.393771825573937e-10	1
6283185.307179586	1984.034034034034	7	1.5642902173720459	1.5336757293694682e-09	2
6283185.307179586	1817.0670670670672	2	1.4055496142978359	3.85377724566965e-10	1
6283185.307179586	1719.6696696696697	6	0.8052746662518442	-1.1605342793428608e-09	1
6283185.307179586	1295.2952952952953	2	-0.3732942440153981	-1.0261108470660383e-09	1
6283185.307179586	1497.047047047047	6	-1.4591148071680076	-7.198247000830561e-10	1
6283185.307179586	1246.5965965965966	6	-0.4114897203080916	1.2454244351487172e-09	1
6283185.307179586	912.6626626626627	1	-0.29489936661975413	8.691245333204487e-10	1
6283185.307179586	1824.0240240240241	1	-0.1538622979516986	1.4681848098524015e-09	1
6283185.307179586	655.2552552552553	5	0.7103367185246867	-1.5980441897698757e-09	1
6283185.307179586	1413.5635635635635	1	-0.9930951278608535	-8.000055272527092e-10	1
6283185.307179586	1371.821821821822	3	1.5018769450682399	7.175959951242261e-10	1
6283185.307179586	1837.937937937938	7	1.3992808152065024	-1.035023590105784e-09	2
6283185.307179586	3444.994994994995	3	-1.4021461609228947	4.41722000725108e-10	2
6283185.307179586	648.2982982982983	3	1.4926880182430988	-1.773896238725226e-09	1
6283185.307179586	787.4374374374374	5	0.9113432482137807	-1.0037394060628047e-09	1
6283185.307179586	1337.0370370370372	3	-1.154005551542837	-1.1636498056363381e-09	2
6283185.307179586	147.3973973973974	1	-1.3646358201338147	-1.8953331415069682e-09	1
6283185.307179586	1135.2852852852852	9	-1.5175326675902796	1.3528095193432822e-10	2
6283185.307179586	2304.054054054054	8	-0.21372517222095078	1.9984294608398937e-10	1
6283185.307179586	2582.3323323323325	5	1.4627468783916653	1.7653628290998953e-09	1
6283185.307179586	2867.5675675675675	4	0.33201075753831044	-1.0477322634286334e-09	1
6283185.307179586	2269.2692692692694	6	0.1842007944922961	2.1040518479745847e-11	1
6283185.307179586	1448.3483483483483	1	1.0506699401205655	-1.4663850418423126e-11	2
6283185.307179586	1977.077077077077	6	-1.2279100196978572	1.5807360680955851e-09	1
6283185.307179586	982.2322322322323	2	0.8765630707944378	-1.072318930423581e-09	1
6283185.307179586	1775.3253253253254	5	1.1832864475293188	5.197202080763562e-10	1
6283185.307179586	1984.034034034034	1	1.097424265328617	1.7511384726392544e-09	1
6283185.307179586	2359.70970970971	8	-0.7765073103241523	1.969137525112075e-09	1
6283185.307179586	752.6526526526527	3	0.4335502732767056	1.6381718356919754e-09	1
6283185.307179586	2401.4514514514517	5	0.6644846538345979	-1.0184437021540914e-09	1
6283185.307179586	870.9209209209209	9	0.8593792373089606	6.230475918072247e-10	1
6283185.307179586	3069.319319319319	9	1.4721006336221452	-5.984586249680156e-10	2
6283185.307179586	1796.1961961961963	5	-0.3898306471987032	-1.1370196965531038e-09	1
6283185.307179586	1427.4774774774776	7	0.09375763743204035	7.698015207148475e-10	1
6283185.307179586	1566.6166166166167	1	-1.4372185413240803	-6.061088751304281e-10	2
6283185.307179586	418.7187187187187	7	0.7941276484331148	-1.0841354991861506e-09	1
6283185.307179586	1531.8318318318318	3	-0.9256122218612169	1.487455149336017e-09	1
6283185.307179586	1274.4244244244244	1	0.622439345824334	-1.5793301470747171e-09	1
6283185.307179586	2345.795795795796	7	0.5891814882048951	1.3327711707668595e-09	1
6283185.307179586	1107.4574574574574	2	1.0181568230864713	1.4115270802908344e-09	1
6283185.307179586	857.007007007007	3	-0.2621322153317007	1.611664309519428e-09	1
6283185.307179586	1253.5535535535537	3	0.9183627439102198	-4.197327232971939e-10	1
6283185.307179586	1886.6366366366367	7	-0.2777832407141918	-1.3163335763748646e-09	1
6283185.307179586	1538.788788788789	8	-0.117438036275195	1.547591125813281e-09	1
6283185.307179586	1977.077077077077	9	-0.3322278542295787	-1.71711430081541e-09	1
6283185.307179586	2206.6566566566567	8	-1.344263316897463	-1.6958251037340656e-09	1
6283185.307179586	425.6756756756757	2	0.35238240507751617	6.827362030057763e-10	1
6283185.307179586	1295.2952952952953	4	-0.982274576199038	7.205375994248809e-10	1
6283185.307179586	1970.1201201201202	7	0.1573863487842564	-8.384410953568315e-11	1
6283185.307179586	2116.2162162162163	8	-1.5029402996062007	1.6017285724973274e-09	2
6283185.307179586	3055.4054054054054	2	0.3929844763500536	1.7343747218590922e-09	1
6283185.307179586	1364.864864864865	4	1.1417734297429187	-1.1345548957138953e-09	2
6283185.307179586	1879.6796796796798	3	-0.3016964465916703	-7.314978965007658e-10	1
6283185.307179586	2067.5175175175173	7	-1.3626969071385417	-1.7577080545005767e-09	1
6283185.307179586	1107.4574574574574	3	-1.316879287441963	1.0976681644281465e-09	2
6283185.307179586	1371.821821821822	9	-1.0362792063397825	1.4430103748172027e-09	1
6283185.307179586	182.18218218218217	8	-1.5389693556335269	-1.113029368097783e-09	2
6283185.307179586	1128.3283283283283	8	1.268583164287084	6.309984351983014e-10	2
6283185.307179586	2756.256256256256	4	1.0856328678127243	-5.499673370751066e-10	1
6283185.307179586	1170.0700700700702	2	-0.5652786482912442	1.5011304333470249e-09	1
6283185.307179586	557.8578578578579	4	1.530643567050531	-1.4135058722644396e-09	1
6283185.307179586	1197.897897897898	9	-1.5449434302013896	-4.455672292644257e-10	2
6283185.307179586	1977.077077077077	4	0.05909807226147201	1.0047738008423346e-09	1
6283185.307179586	1316.1661661661662	6	0.4779538643762411	-1.1381707312188107e-09	1
6283185.307179586	2888.4384384384384	2	-0.19338508218747585	-1.5888219796177632e-09	1
6283185.307179586	1900.5505505505505	5	-1.1535520661938181	1.7221519460632499e-09	1
6283185.307179586	2248.3983983983985	1	-0.6341314874510036	-7.709536540885908e-10	1
6283185.307179586	933.5335335335336	4	0.5048026922471629	-5.41434505247005e-10	2
6283185.307179586	1824.0240240240241	2	0.537443540002422	1.326625984666045e-09	1
6283185.307179586	1121.3713713713714	8	-1.5689684488041697	-5.69909521936677e-10	2
6283185.307179586	3083.2332332332335	8	1.1944479237618202	1.4731352476028735e-09	1
6283185.307179586	1824.0240240240241	3	0.9710779800252767	7.621063410910911e-10	1
6283185.307179586	1462.2622622622623	7	-0.3233715653403466	-1.565544486210896e-09	1
6283185.307179586	1469.2192192192192	7	0.947978579592442	-6.78335500374434e-10	2
6283185.307179586	1733.5835835835837	2	1.1540619409118764	-3.387315836531753e-10	1
6283185.307179586	2575.3753753753754	7	0.5475301914321666	8.536371419655441e-11	2
6283185.307179586	961.3613613613613	6	0.508992802808566	-4.213477948544152e-10	1
6283185.307179586	1517.917917917918	3	-0.8686639027018825	-8.463732780961375e-10	1
6283185.307179586	884.8348348348349	8	-0.7627368297327428	-1.8845682982950415e-09	1
6283185.307179586	1065.7157157157158	8	-0.14790115187810504	-1.2447591156667022e-09	1
6283185.307179586	1650.1001001001002	7	0.0072963160889454315	-1.5901080672808754e-09	1
6283185.307179586	1211.8118118118118	6	0.4124086097940278	1.3503462692694905e-09	1
6283185.307179586	1538.788788788789	3	0.06493870678461922	-4.664589195544195e-10	2
6283185.307179586	1670.970970970971	7	-1.1773857298919865	1.4176276781462012e-09	1
6283185.307179586	1573.5735735735736	3	0.8794809905646339	-1.2641241462978302e-09	1
6283185.307179586	1970.1201201201202	4	-1.4747081857389932	2.7530678773840127e-10	1
6283185.307179586	1594.4444444444446	5	1.3608794452643735	-1.7276758157541625e-09	1
6283185.307179586	2164.914914914915	1	-1.2125422960341647	-2.580521311420644e-10	2
6283185.307179586	1267.4674674674675	3	-1.4746351234396875	8.442636420829093e-10	2
6283185.307179586	1817.0670670670672	9	-1.0295413719426474	1.9629817094154126e-09	1
6283185.307179586	1754.4544544544544	2	-0.8656608485025193	-6.86403589819896e-10	1
6283185.307179586	1580.5305305305305	8	0.15971527511728278	1.6696422197899056e-09	1
6283185.307179586	3723.2732732732734	5	-1.557816334620106	-7.437757598640916e-10	1
6283185.307179586	2067.5175175175173	1	1.3931431917815575	7.076280253914026e-10	2
6283185.307179586	2770.1701701701704	6	-0.3958781547425516	-6.668057024467783e-11	1
6283185.307179586	1650.1001001001002	1	-1.5307317572061159	-1.891025148093349e-10	2
6283185.307179586	863.963963963964	7	0.03265411511453564	1.7486595931817346e-09	1
6283185.307179586	968.3183183183183	3	-0.17598798542186733	1.5654709240729198e-09	1
6283185.307179586	1337.0370370370372	5	-1.2440698245160782	1.332025324271292e-09	2
6283185.307179586	2025.7757757757759	2	-0.8519255742981006	-1.589119014694017e-09	1
6283185.307179586	2533.6336336336335	6	-0.5631249883711464	-5.459177535794765e-10	1
6283185.307179586	1330.08008008008	2	-0.9320862674787812	1.6169358476859175e-09	1
6283185.307179586	4015.4654654654655	9	-0.3733843597315758	-7.026504016446724e-10	1
6283185.307179586	446.54654654654655	8	-1.3997946496449962	5.424464142109311e-10	1
6283185.307179586	1970.1201201201202	2	-0.5404611055606332	-1.3112748189545923e-09	1
6283185.307179586	1267.4674674674675	6	-1.5303821246044225	5.796547888129584e-10	2
6283185.307179586	1726.6266266266266	5	-0.28942909688367924	1.9866505351687663e-09	1
6283185.307179586	2255.3553553553556	6	-0.6874531886185863	-1.2640224804806244e-09	1
6283185.307179586	1747.4974974974975	3	-1.2007685825875234	-1.5237137112714253e-09	1
6283185.307179586	2171.871871871872	1	-0.5739788629757568	-1.7271158758929568e-09	1
6283185.307179586	1907.5075075075076	3	-0.6964564660832661	1.9030592909932257e-09	1
6283185.307179586	571.7717717717718	1	-0.5170686076353261	1.9493919293435628e-10	1
6283185.307179586	2512.762762762763	5	-1.3997089467445925	7.725945659253683e-10	1
6283185.307179586	1796.1961961961963	2	0.7165504167508656	-3.7348158046667736e-10	2
6283185.307179586	2192.742742742743	8	1.0905914126135379	-1.0978328780966253e-11	2
6283185.307179586	2178.828828828829	7	-1.0647371607530651	1.1918477688034013e-09	1
6283185.307179586	1476.176176176176	3	0.9767278061788676	1.9093415801758747e-09	1
6283185.307179586	1003.1031031031031	4	1.2370910504843033	1.2259941869350449e-10	1
6283185.307179586	2011.8618618618618	5	-1.3297167946474862	-5.345391321943085e-10	1
6283185.307179586	1803.1531531531532	3	1.0420379226719563	-2.425964297291463e-10	2
6283185.307179586	2491.891891891892	7	-1.1332024138391041	8.216216450068661e-10	1
6283185.307179586	1350.950950950951	1	0.9448221272230191	-1.1045491507487432e-09	1
6283185.307179586	870.9209209209209	4	0.6575731916401728	6.951034769700035e-10	1
6283185.307179586	1580.5305305305305	4	1.0158242511197826	-1.1367660044210487e-09	1
6283185.307179586	2916.2662662662665	3	0.22598735402810655	-2.0950710708452602e-10	1
6283185.307179586	1490.0900900900901	1	1.4858180848205143	-1.2213391856496356e-09	2
6283185.307179586	1156.1561561561562	7	-0.9434403006325053	-3.043009848453683e-10	2
6283185.307179586	1406.6066066066066	1	-0.3522852513145083	-1.6094726423897324e-09	1
6283185.307179586	1990.9909909909911	7	-0.5579835294594699	1.3775285485068106e-09	1
6283185.307179586	1517.917917917918	2	-0.14691428784232707	2.550502472775372e-10	2
6283185.307179586	1754.4544544544544	8	-0.3932079852149395	1.3583913816175412e-09	1
6283185.307179586	1371.821821821822	3	0.42848123803359495	7.4234356592767e-10	1
6283185.307179586	1190.940940940941	9	-1.1741661574385904	-9.706810576468699e-10	1
6283185.307179586	2130.13013013013	7	-1.3795202434435492	1.8011837063918026e-09	1
6283185.307179586	933.5335335335336	1	1.3111745770759415	1.8481445966644285e-09	1
6283185.307179586	863.963963963964	9	0.6514615836331714	1.910813830764166e-09	1
6283185.307179586	947.4474474474474	8	0.5320546419382377	9.199370243086506e-10	1
6283185.307179586	2269.2692692692694	6	1.3228997811768153	-1.952798184475559e-09	1
6283185.307179586	1225.7257257257259	6	1.1232671194866102	-1.8490941801595314e-09	1
6283185.307179586	1650.1001001001002	9	-0.9204297080243681	1.089085519925691e-09	1
6283185.307179586	829.1791791791792	5	-0.6611125316891008	6.052050526238958e-10	1
6283185.307179586	2380.5805805805808	5	-0.23942181357259207	-5.586972822698746e-10	1
6283185.307179586	2081.4314314314315	5	-0.14562935679199662	6.845903070059813e-10	1
6283185.307179586	2144.0440440440443	3	1.3610757379005705	-5.282437684640957e-10	1
6283185.307179586	1406.6066066066066	3	1.315366180247913	1.6800226697542412e-09	2
6283185.307179586	1079.6296296296296	9	1.0030991637512283	1.8760247317008183e-09	1
6283185.307179586	2046.6466466466468	9	1.3047308830879154	-2.8927495565291126e-10	1
6283185.307179586	3639.7897897897897	1	1.2779861777452317	8.973733068123539e-11	2
6283185.307179586	3097.1471471471473	8	-0.20184594896908226	-7.812310853490634e-10	1
6283185.307179586	1893.5935935935936	4	1.0421406922170173	-6.087744508269282e-10	2
6283185.307179586	1163.113113113113	1	0.6199645007424492	1.1444343015954321e-09	1
6283185.307179586	2742.3423423423424	7	-0.3508734133354128	9.474214971266286e-10	1
6283185.307179586	1350.950950950951	2	-0.4129441206407738	-1.5151010832977198e-09	1
6283185.307179586	1643.143143143143	9	-1.4649868509328747	1.392369436353315e-09	2
6283185.307179586	2651.901901901902	5	1.1308351410057527	1.3758427640980157e-09	1
6283185.307179586	2457.1071071071074	8	-1.5646644322551437	-1.0419583902219386e-09	2
6283185.307179586	1023.973973973974	9	0.5680355416461924	1.481046280238556e-09	1
6283185.307179586	2415.3653653653655	2	-0.8397852495943307	-4.907160951675026e-10	2
6283185.307179586	2178.828828828829	9	0.048434625182748325	-3.537772843978553e-11	2
6283185.307179586	2123.1731731731734	8	-0.03129147293062262	-8.83753559948901e-10	1
6283185.307179586	3688.4884884884887	8	-0.5919335908505083	-1.5627473844152756e-09	1
6283185.307179586	801.3513513513514	6	-0.7202272742690845	-5.813298842698883e-10	1
6283185.307179586	898.7487487487488	2	1.021702777684292	-3.533963644194901e-10	1
6283185.307179586	1504.004004004004	1	1.3323257083845435	1.9447444586950143e-09	1
6283185.307179586	1232.6826826826828	7	0.37574386925884573	-5.52650971662799e-10	1
6283185.307179586	1900.5505505505505	2	-0.2106137248073714	-3.8957859979650383e-10	1
6283185.307179586	3118.018018018018	7	1.3990554655527974	-1.08783282325098e-09	2
6283185.307179586	2533.6336336336335	2	0.8626814044360156	-4.928681614622779e-10	1
6283185.307179586	1490.0900900900901	3	-0.9408509939345548	-1.965579360310188e-10	2
6283185.307179586	3006.706706706707	6	1.2526371999977544	7.93423825244292e-10	2
6283185.307179586	1483.1331331331332	2	0.7468298587408047	1.3438656503756245e-09	1
6283185.307179586	1629.2292292292293	3	1.2017073561883156	-1.4377545118785495e-09	1
6283185.307179586	1963.1631631631633	5	0.674588798805074	-1.8301902648495113e-09	1
6283185.307179586	2206.6566566566567	7	-1.326228869907787	3.3106476533321184e-10	2
6283185.307179586	2637.987987987988	1	0.21535704768244646	1.5973145968920251e-09	1
6283185.307179586	620.4704704704704	1	0.3662303720267359	8.383030389485002e-10	1
6283185.307179586	1817.0670670670672	5	-0.4900225794322779	-3.958016622281284e-10	1
6283185.307179586	1023.973973973974	7	0.8534249385841814	1.7016605530382007e-09	1
6283185.307179586	1100.5005005005005	6	1.0477721156180664	-1.719876643973342e-09	1
6283185.307179586	891.7917917917919	5	0.1282752289237925	1.0220160488039474e-09	1
6283185.307179586	2832.7827827827828	7	-0.4098307911607637	-9.691355208829499e-10	1
6283185.307179586	1385.7357357357357	8	-0.6322867277961802	1.1089930894535358e-09	1
6283185.307179586	2491.891891891892	3	-1.2921102456716729	-1.083294381983075e-09	2
6283185.307179586	1441.3913913913914	9	-1.4410478493418952	1.1772329925488205e-09	2
6283185.307179586	2582.3323323323325	3	-1.2966593122887902	3.2499840424249017e-10	2
6283185.307179586	2011.8618618618618	6	0.21118213899952942	-1.51441557308108e-09	1
6283185.307179586	1977.077077077077	6	1.4541606946516463	-1.3882914801251722e-09	1
6283185.307179586	1601.4014014014015	6	0.1633417764066547	1.883350048734869e-09	1
6283185.307179586	1281.3813813813815	2	-1.2831787741404888	-6.096079616060921e-10	1
6283185.307179586	1037.887887887888	3	0.5886636233349893	-1.0342455057893495e-09	1
6283185.307179586	1156.1561561561562	1	1.4207730840447645	-1.2618578374915317e-09	2
6283185.307179586	1580.5305305305305	6	0.08680243930876674	1.7539239296050697e-10	1
6283185.307179586	2227.5275275275276	8	-0.4686424242103855	-5.544583075141261e-10	1
6283185.307179586	2192.742742742743	2	1.097040980261447	-8.917325231079567e-10	2
6283185.307179586	1142.2422422422424	2	0.21265649106354068	3.5649187951686694e-10	1
6283185.307179586	2290.1401401401404	2	1.2670160133113253	-2.443580111573086e-12	1
6283185.307179586	1274.4244244244244	2	0.5691200306670421	1.9373555912677093e-10	1
6283185.307179586	752.6526526526527	9	-0.18810397919609345	-1.078935802004493e-09	1
6283185.307179586	314.36436436436435	1	-1.190029664774766	-1.0655351470179594e-09	1
6283185.307179586	2359.70970970971	1	-0.23639902863479145	-1.2934747611805553e-09	1
6283185.307179586	1691.8418418418419	3	-1.0367210208289244	1.6630329898105637e-09	1
6283185.307179586	3591.091091091091	8	1.3346303789761258	2.058570278840887e-10	1
6283185.307179586	1476.176176176176	2	-0.36447569577747085	-1.1005474816866095e-09	1
6283185.307179586	1768.3683683683685	7	1.227996512520026	-8.893547017786179e-10	1
6283185.307179586	2004.904904904905	9	0.3094320221648019	-8.191982350850053e-10	1
6283185.307179586	1963.1631631631633	7	0.2967877371503487	-2.81951749627917e-10	2
6283185.307179586	2130.13013013013	7	-0.2901379105353694	-1.7245954176124038e-09	1
6283185.307179586	495.24524524524526	6	1.093931286359409	-2.2679049230252476e-10	2
6283185.307179586	2477.977977977978	7	-1.1894088313348408	9.905893554331512e-10	1
6283185.307179586	488.2882882882883	1	-1.2008548177197291	-9.475838280756897e-10	2
6283185.307179586	474.3743743743744	2	-0.6684726822856341	3.346845031651596e-10	1
6283185.307179586	1434.4344344344345	1	-0.579007516478574	8.585243599746916e-10	1
6283185.307179586	1309.2092092092093	8	-1.4821912273889652	1.6336486239285823e-09	2
6283185.307179586	836.1361361361362	3	0.38037023805389913	8.909936500050722e-10	1
6283185.307179586	1413.5635635635635	2	-0.6695909737553767	1.3975663203809608e-09	1
6283185.307179586	1399.6496496496497	6	-1.5174138603973035	-1.750177024412754e-09	1
6283185.307179586	1497.047047047047	2	-1.4168022116025998	-3.405826392887273e-10	1
6283185.307179586	1051.801801801802	4	0.6789692170314621	-1.4850310082877059e-09	1
6283185.307179586	1956.2062062062062	2	0.13308746499719581	-1.1084755776309262e-09	1
6283185.307179586	3250.2002002002005	9	-0.642530030263684	-8.748528208983126e-10	1
6283185.307179586	425.6756756756757	5	0.5755432205080826	9.869144975404827e-10	1
6283185.307179586	314.36436436436435	5	1.3909363509159856	1.6198040180694203e-09	1
6283185.307179586	1622.2722722722724	7	1.1845886498980716	-1.2768545538029327e-09	1
6283185.307179586	870.9209209209209	3	0.45388333931579083	-1.7719734294270856e-09	1
6283185.307179586	884.8348348348349	3	-1.2881135195115485	-9.354351117044333e-10	2
6283185.307179586	1267.4674674674675	6	-1.3843408736800635	-4.054451910738121e-10	2
6283185.307179586	1267.4674674674675	1	-1.2551283913345128	-6.725051676590642e-10	2
6283185.307179586	947.4474474474474	4	0.28532009504343847	-1.2793402827341165e-09	1
6283185.307179586	1817.0670670670672	1	-1.1329667776979835	2.86873239218475e-10	1
6283185.307179586	696.996996996997	4	-1.4803780162141795	2.481305895633884e-10	2
6283185.307179586	2206.6566566566567	8	1.3117957656205679	-7.142008717837335e-10	1
6283185.307179586	766.5665665665666	4	0.9804892606703768	-1.7274135753660264e-09	1
6283185.307179586	1316.1661661661662	3	-0.6479716730477778	-8.271415978968834e-10	1
6283185.307179586	2144.0440440440443	1	0.21622876968103655	-1.7710834085497919e-09	1
6283185.307179586	2164.914914914915	4	1.5076482853498052	-1.9836202500693164e-09	2
6283185.307179586	1622.2722722722724	2	-0.6848227726367921	1.241584460135011e-09	1
6283185.307179586	669.1691691691692	8	-0.5229946222904076	1.776020605583767e-09	1
6283185.307179586	822.2222222222223	3	-1.3540572076878887	1.095562849243787e-09	1
6283185.307179586	1851.851851851852	5	0.35868991724205435	-1.7183446616862277e-09	1
6283185.307179586	655.2552552552553	2	-0.9232254940157129	1.129649408127052e-09	1
6283185.307179586	2714.5145145145148	4	-0.0578697814778959	1.026330873592797e-09	1
6283185.307179586	2359.70970970971	8	-1.2739320321306185	-7.841456756050916e-10	2
6283185.307179586	2582.3323323323325	3	-0.09567323602619626	1.430855344040435e-10	2
6283185.307179586	1963.1631631631633	8	-1.5467030140240545	-5.838018042370337e-10	2
6283185.307179586	1844.8948948948948	2	0.25546807906373403	1.629220015327976e-09	1
6283185.307179586	648.2982982982983	8	1.149230703896749	7.315674194835277e-10	2
6283185.307179586	418.7187187187187	5	-0.09029978327643406	-5.127395419818224e-10	2
6283185.307179586	2415.3653653653655	9	0.2688142554303028	2.462815494075668e-10	2
6283185.307179586	1747.4974974974975	1	-0.7855369871285542	2.47358317133783e-10	2
6283185.307179586	1705.755755755756	1	-0.19456746659939994	-8.204572226105956e-10	1
6283185.307179586	690.04004004004	3	-0.7197900942015798	-1.5260144420622664e-09	1
6283185.307179586	982.2322322322323	1	-0.2663289978170502	-1.0177774682238572e-09	1
6283185.307179586	745.6956956956957	7	-1.3097728765693109	-1.9111882842533425e-09	1
6283185.307179586	1984.034034034034	3	-0.4119422713040677	-1.3626400402275408e-09	1
6283185.307179586	2283.1831831831832	3	-1.2253212738847274	-4.972183013295633e-10	1
6283185.307179586	1872.7227227227227	1	0.6823511183640685	1.8102902449046365e-09	1
6283185.307179586	843.0930930930931	6	1.2719300679105041	1.3239355466232462e-10	1
6283185.307179586	1378.7787787787788	9	1.3837628916000329	5.838351744848923e-10	1
6283185.307179586	1281.3813813813815	5	-0.03613165439450983	8.995622455224805e-10	1
6283185.307179586	3187.5875875875877	2	-0.9432154205443275	-9.42057466768509e-10	1
