axial trapping frequency (MHz) 	 velocity(m/s) 	 ion collided with 	 angle(rads) 	 collision offset(m) 	 reorder? (1 is reorder 2 is ejection) 
6283185.307179586	1538.788788788789	6	-0.3581165522938201	-1.7142051839558367e-09	1
6283185.307179586	2742.3423423423424	4	-1.0754227495453645	8.218632164495636e-10	1
6283185.307179586	2088.388388388388	3	0.9048301093407067	1.0138586579346507e-09	1
6283185.307179586	2220.5705705705705	9	-0.40593641638521283	-1.2460361939783479e-09	1
6283185.307179586	1684.884884884885	6	1.2673149717278833	1.8583884285915973e-09	1
6283185.307179586	2088.388388388388	3	-0.14042249303161647	-8.613178287984128e-10	1
6283185.307179586	1107.4574574574574	6	-0.287863240327078	-4.669680207553354e-10	1
6283185.307179586	1997.947947947948	4	-0.16332938985363787	1.2389631143719312e-09	1
6283185.307179586	1483.1331331331332	8	-0.25497031886389077	5.260815589952252e-10	2
6283185.307179586	2032.7327327327328	8	-0.4710015694920475	-6.289915777476946e-10	1
6283185.307179586	4105.9059059059055	8	-1.4426267876335521	8.33059828801813e-10	2
6283185.307179586	1907.5075075075076	1	-0.6033082087481358	1.2418239746775073e-09	1
6283185.307179586	2331.881881881882	7	-1.2474843056460716	8.124823885697697e-10	2
6283185.307179586	2095.3453453453453	1	0.34689695787726516	-7.615214933208101e-10	1
6283185.307179586	2756.256256256256	4	1.1751870976713374	1.5883848530776518e-09	1
6283185.307179586	1114.4144144144145	7	1.4122090576194957	5.432813995906695e-10	2
6283185.307179586	2227.5275275275276	3	-0.46434268783848776	1.386389130482917e-09	1
6283185.307179586	3333.6836836836837	6	1.151799677837944	9.445822530504808e-10	1
6283185.307179586	1190.940940940941	5	-0.8524063707499717	-1.9981837931239666e-10	1
6283185.307179586	481.33133133133134	5	0.1882067761460866	8.566281104287478e-11	2
6283185.307179586	1928.3783783783783	7	-1.2396941900159035	-2.7625759134007793e-10	2
6283185.307179586	2519.7197197197197	8	0.9396024180070683	-5.650762909055619e-10	1
6283185.307179586	1949.2492492492493	1	-0.7231940883380805	-2.0907183367433387e-10	2
6283185.307179586	1086.5865865865867	3	-0.27188504372090616	-1.7412580752722053e-09	1
6283185.307179586	1204.854854854855	6	-0.71469880955574	3.068178568912058e-11	1
6283185.307179586	1636.1861861861862	8	-0.5146143875497111	1.9856750120616166e-09	1
6283185.307179586	1844.8948948948948	3	0.4893409488896374	1.7828300166229001e-09	1
6283185.307179586	912.6626626626627	5	1.5656500505327027	-1.1105302377268358e-09	2
6283185.307179586	2964.964964964965	4	-0.490469818890076	1.3978397535739957e-09	1
6283185.307179586	843.0930930930931	9	0.8712922050628271	1.0881359621198068e-09	1
6283185.307179586	1330.08008008008	5	1.4167787887309133	-1.0640004745278771e-09	1
6283185.307179586	1761.4114114114116	8	-1.5701548796057199	1.5882244503819634e-09	1
6283185.307179586	3187.5875875875877	8	-1.1435182735932927	-9.433214420719516e-10	1
6283185.307179586	1441.3913913913914	2	0.38296566975302637	-1.5934836069115619e-09	1
6283185.307179586	989.1891891891892	3	1.5492330552488771	-1.1044285585365987e-09	2
6283185.307179586	1552.7027027027027	5	-0.31809070794757144	-9.630153359834392e-10	1
6283185.307179586	1684.884884884885	9	-1.365313791061464	1.9064340068897726e-10	2
6283185.307179586	1664.014014014014	7	-0.29999964412066915	-8.453811007427951e-10	1
6283185.307179586	1232.6826826826828	3	1.4078201424770023	-1.378367833634255e-09	2
6283185.307179586	1003.1031031031031	4	-1.5293240676797817	-1.4617353505694455e-09	2
6283185.307179586	2373.6236236236236	2	0.9883047301241996	-1.5763726745441865e-09	1
6283185.307179586	1260.5105105105106	7	-0.21947034131214416	1.4556696427836061e-09	1
6283185.307179586	2227.5275275275276	4	1.0070587867683272	-6.252017043082918e-10	1
6283185.307179586	843.0930930930931	6	0.25718294971521205	6.306049910679451e-10	1
6283185.307179586	1156.1561561561562	8	-0.35814457171681413	-1.6047882909505056e-11	1
6283185.307179586	1246.5965965965966	9	0.9575686266470012	-1.514637370656263e-09	1
6283185.307179586	1142.2422422422424	9	-1.332884447955306	9.646735769634663e-10	2
6283185.307179586	1796.1961961961963	9	-1.3943475630431605	8.119901007277637e-10	2
6283185.307179586	2944.094094094094	7	1.1633511054981236	1.2828993555894955e-09	1
6283185.307179586	1183.983983983984	5	0.19029603711704146	-8.832536664199431e-10	1
6283185.307179586	1051.801801801802	5	-1.569236474828578	3.107958778009371e-10	1
6283185.307179586	1712.7127127127128	4	0.5322270301371343	1.5850281208613954e-09	1
6283185.307179586	1837.937937937938	4	0.6423435378784927	-6.896023644874899e-10	1
6283185.307179586	2081.4314314314315	6	0.29786554312726476	-1.7753346122640791e-09	1
6283185.307179586	1469.2192192192192	4	-1.3225117444910073	-9.989352450353987e-10	1
6283185.307179586	1030.930930930931	6	0.5064211019173634	-6.748754546247358e-10	1
6283185.307179586	2324.924924924925	6	0.055559869194177436	-3.400870528932475e-10	2
6283185.307179586	1051.801801801802	7	-0.4894956543485085	-1.899325457621807e-09	1
6283185.307179586	1664.014014014014	4	0.05871501902658238	-1.066651946185797e-09	1
6283185.307179586	1156.1561561561562	7	1.081138508872904	-2.1048424242625345e-10	1
6283185.307179586	3006.706706706707	5	0.7885437542674651	1.188170548114885e-09	1
6283185.307179586	1691.8418418418419	3	-0.6647886708488226	5.479235037970227e-10	1
6283185.307179586	822.2222222222223	5	0.957301089291756	-1.6798360958419432e-09	1
6283185.307179586	676.1261261261261	6	-0.5259237823156226	-4.960905236550643e-10	1
6283185.307179586	2018.818818818819	1	-0.5540485340860482	1.3619952975419726e-09	1
6283185.307179586	1100.5005005005005	2	-0.8672444449031229	-4.872115925092136e-10	1
6283185.307179586	2818.868868868869	9	-0.17712368401336764	1.6317778340870225e-09	1
6283185.307179586	808.3083083083084	4	0.8915921643797149	4.2596803308075524e-10	1
6283185.307179586	2373.6236236236236	6	0.4718487436535721	1.8474697962375057e-09	1
6283185.307179586	3340.640640640641	9	-1.179815977299092	1.1504335194171413e-10	2
6283185.307179586	1698.7987987987988	4	0.8180268447272154	-1.9724523642596707e-09	1
6283185.307179586	1330.08008008008	1	-0.30120773057907413	6.907363710182231e-11	2
6283185.307179586	1239.6396396396397	9	-1.347069985947635	-7.95539222611379e-10	2
6283185.307179586	1072.6726726726727	4	0.8963910563987305	-6.43558717537338e-10	1
6283185.307179586	557.8578578578579	7	-1.2106535417460154	-4.391809886279545e-10	1
6283185.307179586	2777.127127127127	7	0.7731833511032193	1.3662307332452615e-09	1
6283185.307179586	1858.8088088088089	1	-0.8692408689664666	-3.519720896868476e-10	1
6283185.307179586	3243.2432432432433	4	-1.172405464933252	8.879294596300269e-11	2
6283185.307179586	1044.8448448448448	4	-1.1158280038437098	1.0153464127431308e-09	2
6283185.307179586	1469.2192192192192	1	1.1470428810089515	1.7705340738355383e-09	1
6283185.307179586	1803.1531531531532	4	1.0031052554044662	-5.999151205594648e-11	2
6283185.307179586	2596.2462462462463	3	0.7704076303509146	1.1398949500170385e-09	1
6283185.307179586	1886.6366366366367	5	1.036912139310409	3.383259246835922e-10	2
6283185.307179586	1747.4974974974975	7	-0.6250986779339224	4.787230020565496e-11	1
6283185.307179586	1323.1231231231232	2	0.6970083819480939	1.049346918592921e-09	1
6283185.307179586	1670.970970970971	3	-0.24473671303577116	6.140680207785031e-11	1
6283185.307179586	1302.2522522522522	7	0.7215995867339511	-3.944423403039198e-10	1
6283185.307179586	863.963963963964	9	0.4415528780412634	3.6370023004552625e-10	2
6283185.307179586	1072.6726726726727	7	-0.9064159344860512	-1.7422577761768756e-09	1
6283185.307179586	2095.3453453453453	7	1.0439814552367905	-5.785912525251433e-10	1
6283185.307179586	3041.4914914914916	9	-1.2494358580624774	8.402453470335107e-10	1
6283185.307179586	2081.4314314314315	7	1.5007904209869958	-1.0507281578364715e-09	1
6283185.307179586	1378.7787787787788	1	-1.302406963250219	1.148465071992854e-09	2
6283185.307179586	3152.802802802803	8	-0.11971270948963042	-1.681509116996642e-09	1
6283185.307179586	4238.088088088089	9	-0.7451621603564499	5.42936999309253e-10	1
6283185.307179586	655.2552552552553	9	0.4302699387377511	-7.565878440473659e-10	1
6283185.307179586	2923.223223223223	3	0.2574787536085563	1.00435198855157e-09	1
6283185.307179586	613.5135135135135	4	0.04005294156496575	-2.690118641067887e-10	2
6283185.307179586	703.9539539539539	9	0.5663275356619923	1.0521246988067764e-09	2
6283185.307179586	815.2652652652653	6	1.3976018879151506	-1.2618886494346982e-10	2
